20 20
1 
19 73 
17 8 2 
26 100 59 13 
46 15 39 98 100 
36 61 32 45 35 90 
47 60 58 49 81 93 99 
61 46 36 40 29 14 76 78 
12 88 23 33 61 64 87 17 88 
34 77 99 26 5 46 6 91 97 20 
57 26 73 29 32 44 13 65 29 81 95 
8 81 39 41 63 64 65 69 29 82 83 97 
22 97 1 24 30 52 71 73 79 81 84 85 4 
84 94 19 24 24 33 44 46 47 76 78 10 86 19 
4 3 25 5 7 12 19 2 33 34 49 53 55 57 74 
7 75 81 25 25 27 36 39 53 53 60 63 67 10 23 93 
15 86 53 80 40 41 50 51 22 65 73 75 34 85 3 87 93 
27 21 89 53 18 5 5 29 31 31 36 13 55 67 68 75 88 12 
14 42 39 80 25 41 41 10 44 50 56 65 66 72 76 79 80 33 85 
26 100 36 94 18 85 24 40 2 96 40 6 96 42 27 8 62 94 30 70 