1000
32888 33033
13698 13971
329148 329741
19139 19462
52835 53792
61371 61975
492193 492847
417518 417571
417328 417718
164911 165503
361343 361357
451247 452237
332738 333481
55025 55393
465883 466399
176353 177225
233359 234164
104975 105646
268510 269179
274918 275614
12516 13513
429335 429954
316395 316489
149370 150292
285436 285533
281967 282245
70270 71071
428143 428808
102324 102594
214913 215815
37797 38616
466423 467131
413561 414346
308046 308778
323282 324010
102321 102516
129589 130585
217842 218450
391357 391593
462281 462333
350330 350846
61956 61999
393015 393891
172456 172917
446273 447238
396535 397002
375310 376080
329588 330506
291752 292267
188486 188655
275794 275933
491190 491892
367724 368629
252839 253236
105564 105646
402931 403122
264982 265404
283304 283415
262421 262954
63238 63844
90318 90800
341010 341064
392498 392913
120540 121028
161093 162017
64377 64502
104575 105347
260524 261235
216101 216515
83600 83896
464757 465660
428605 429334
278213 278403
195023 195994
278224 278678
412173 413172
205544 206151
493303 493376
272366 272681
77765 77766
448231 448499
443978 444057
406224 407044
316097 316385
30715 30902
204841 205380
142859 143806
32724 32957
212311 212621
62281 62718
113950 114059
38692 38780
300255 300361
140109 140392
182582 183156
188257 188930
213216 214051
411019 411196
190875 191086
222519 222798
122150 122348
5970 6654
311226 311656
342169 342193
274507 275264
33957 34419
302715 303127
131782 132028
392695 393460
105737 106541
123057 123218
120488 121479
314606 315360
290735 291689
95862 96406
409705 410567
178787 179723
239052 239305
313675 313795
282254 283228
18871 19097
226750 226788
222273 222931
223320 224301
382808 383102
378553 378581
406328 406986
186444 187250
391468 392315
388426 388924
379719 380181
50525 51121
388794 389059
173356 173391
127766 128711
111653 112409
141411 141474
101606 101851
198914 199616
58265 59107
380943 381190
137403 137725
196310 196513
204999 205832
30777 31733
360631 360919
166228 166902
324226 324234
378657 378850
386598 387096
52529 53025
109048 109704
188590 189089
98990 99938
161351 161424
73737 74607
196413 196979
223463 224304
77236 77446
138392 139261
10432 10678
219688 220158
424097 424862
338375 338562
29046 29165
168179 168435
249136 249591
20931 21030
454002 454455
255315 256308
173310 174050
301443 302116
75861 76186
353699 354121
341789 342126
354662 355471
466895 467631
291379 292190
18426 19353
475404 475594
296097 296862
99921 100516
5558 6163
77935 78196
336559 336783
136250 137086
178090 178688
119626 120325
245360 246074
290400 291153
349362 350184
259651 260509
239269 239327
172559 173205
45123 45619
11639 12279
289643 289693
394674 395337
70217 71075
221111 222037
391854 392230
25775 26743
117049 117240
60954 61742
102824 103631
379062 379075
152160 152730
81303 82162
268093 268927
385281 385778
403323 403988
281699 282459
476011 476993
83691 83908
69042 69560
282108 283019
401187 401395
338640 339074
378703 379118
71331 72311
457030 457112
294835 295025
31494 32475
455686 455936
342865 343258
34011 34534
362956 363083
364630 365101
339872 340010
436989 437800
9084 9420
177253 178020
140683 141610
168316 169095
146949 146954
479848 480731
338274 339063
411143 412142
217013 217564
359566 360136
403204 404083
274367 274555
90220 90882
292981 293515
495350 496178
62021 62648
390018 390564
132402 133359
36491 37448
186619 186734
120692 121590
72361 72842
17913 18375
200727 200855
415496 415657
245013 245572
4242 5055
347558 348153
14091 14878
45760 45916
261328 261533
482612 483463
157903 157978
242619 243237
297695 298144
436509 436784
427420 428019
99654 99676
72755 73066
477924 478802
469724 470381
444219 444799
99274 99899
99293 99791
56955 57770
364261 365181
216669 216890
226064 226905
980 1495
419683 420129
429796 430376
262188 262917
77826 78637
108679 108818
43271 44181
32087 33027
175360 175505
13724 13740
158011 158080
444967 445790
89201 89395
411 1334
278333 278376
330758 331556
94796 94999
149284 150278
133296 134032
198505 198815
14481 15462
3828 4729
441577 442278
52746 52947
462509 462692
402290 402821
166746 167377
450212 451016
271672 272268
211971 212242
494720 494865
445728 446563
305701 305789
205639 206251
424921 425258
113700 114294
496021 496780
393069 393076
29543 29993
146867 147576
185850 186846
53558 54242
163270 163814
89745 89985
58820 59121
47681 47793
156318 157012
316021 316172
333218 333247
368608 368925
9678 10040
373752 373773
208468 209459
149714 149762
421742 422221
217532 217940
180816 181073
274797 275514
284553 285025
16020 16030
327243 327856
266464 266921
96778 97476
200144 200713
410827 411156
174345 175327
58852 59190
149706 150682
469664 470647
105977 106289
257106 257300
229895 230473
128932 129832
151081 152038
311602 312305
198112 198740
119747 120271
228818 229082
33730 34696
445603 445773
251213 251361
139579 140503
64537 65137
196506 196523
279458 280039
322921 323081
25949 26922
322082 322133
63167 63941
141273 142108
112609 113031
143093 143186
281703 282042
256602 257489
421304 421400
134270 134457
32800 32877
129543 129562
201223 201901
196598 197198
118318 118465
24348 24401
86772 87706
298100 298551
31760 32456
196319 196985
47470 47921
170273 170646
329756 330572
123684 124336
326093 326814
427509 428327
119430 119940
437213 438206
370549 371096
196767 196983
327681 328385
2661 3248
13278 13501
227832 228457
347468 348212
17990 18693
40347 40746
47105 47996
31265 31701
130555 130644
180053 180078
186311 187023
414868 415850
348222 348763
494935 494974
29026 29168
254026 254982
119182 120173
110920 111166
73105 73176
218942 219566
274090 274596
210559 211401
402179 402971
272671 272742
146812 147328
462556 463019
231665 231791
401543 401844
47887 48047
313742 314695
316900 317591
74726 75556
323811 324492
93629 93954
263681 264485
88433 88727
219078 219339
1868 2256
490231 491076
78115 78972
13319 13902
403461 404218
212517 212631
162103 162458
330936 331602
177938 178525
174896 175871
47181 47964
80650 81237
287425 287827
6648 7392
15395 15798
374542 374549
105198 105523
191758 191895
403678 403920
316029 316525
334007 334777
200199 200309
212994 213410
131294 132193
458957 459928
478749 479576
108037 108893
213320 213636
81191 81278
242918 243825
224695 224839
251138 251410
228231 228893
35281 36020
12499 12573
138184 139025
492232 492510
408420 408892
236795 237350
420585 421084
377829 377944
416674 416679
331314 332186
279193 279565
131489 131755
90378 91111
412444 412607
199208 199304
246985 247326
242704 242853
407695 408209
353284 353285
393439 394409
452094 452783
468288 468919
300935 300954
276579 277574
451941 452939
68842 69288
34164 34296
391011 391504
332864 332990
59886 60772
28897 29327
148740 148767
471461 472243
251286 251981
318030 318357
105305 105812
19994 20868
281672 282384
62870 63855
135613 135989
399380 399586
2676 3313
5670 6424
257832 257886
170551 170973
465820 466195
123550 124210
123629 123981
28018 28864
77823 77891
120422 120858
223696 224508
315698 316636
122849 123098
295548 296074
153204 153505
114561 115150
462745 462761
15844 16035
432583 433566
381611 382584
22832 22951
5027 5940
301071 301708
264911 265611
88861 89054
35753 36610
175244 175905
217873 217921
311007 311608
313148 314087
147073 148017
284418 284606
268538 269046
207496 208155
492496 492893
76141 76792
329928 330342
106968 107717
280928 281616
321541 322207
287724 288063
361528 362381
182596 183279
