2000
927000000 927000000
267500000 267500000
129000000 129000000
781500000 781500000
949500000 949500000
197500000 197500000
820000000 820000000
32000000 32000000
39000000 39000000
39500000 39500000
227000000 227000000
417500000 417500000
478500000 478500000
453500000 453500000
581000000 581000000
184500000 184500000
979500000 979500000
457500000 457500000
510000000 510000000
453000000 453000000
728000000 728000000
305500000 305500000
734000000 734000000
430500000 430500000
25500000 25500000
88000000 88000000
686000000 686000000
36500000 36500000
767500000 767500000
402500000 402500000
316000000 316000000
936000000 936000000
327000000 327000000
879500000 879500000
901000000 901000000
352000000 352000000
824000000 824000000
910500000 910500000
604000000 604000000
534000000 534000000
204500000 204500000
944500000 944500000
516500000 516500000
391500000 391500000
269000000 269000000
715500000 715500000
421500000 421500000
807500000 807500000
524000000 524000000
282500000 282500000
566000000 566000000
224000000 224000000
460000000 460000000
822500000 822500000
187000000 187000000
919500000 919500000
449500000 449500000
173500000 173500000
863000000 863000000
482500000 482500000
104000000 104000000
207500000 207500000
440500000 440500000
864500000 864500000
444000000 444000000
355500000 355500000
906500000 906500000
861000000 861000000
152000000 152000000
930500000 930500000
751000000 751000000
438500000 438500000
896000000 896000000
704000000 704000000
813000000 813000000
176000000 176000000
687500000 687500000
481000000 481000000
666500000 666500000
625000000 625000000
507500000 507500000
82000000 82000000
702500000 702500000
165500000 165500000
719000000 719000000
163000000 163000000
532000000 532000000
97000000 97000000
323000000 323000000
428500000 428500000
37000000 37000000
948500000 948500000
617500000 617500000
683500000 683500000
943500000 943500000
170000000 170000000
451000000 451000000
747500000 747500000
99000000 99000000
28000000 28000000
45000000 45000000
687000000 687000000
338500000 338500000
652500000 652500000
974500000 974500000
217500000 217500000
714000000 714000000
537500000 537500000
695500000 695500000
219500000 219500000
928000000 928000000
380500000 380500000
230000000 230000000
726000000 726000000
466000000 466000000
240000000 240000000
445000000 445000000
519500000 519500000
379500000 379500000
890500000 890500000
354500000 354500000
586000000 586000000
631000000 631000000
640000000 640000000
285500000 285500000
707500000 707500000
359000000 359000000
777500000 777500000
455000000 455000000
113000000 113000000
169500000 169500000
688500000 688500000
797500000 797500000
222500000 222500000
826000000 826000000
854000000 854000000
223000000 223000000
660500000 660500000
611000000 611000000
914500000 914500000
259000000 259000000
82500000 82500000
483500000 483500000
868000000 868000000
412500000 412500000
877500000 877500000
540000000 540000000
932000000 932000000
677500000 677500000
309000000 309000000
21000000 21000000
515500000 515500000
447500000 447500000
326500000 326500000
886500000 886500000
250000000 250000000
409500000 409500000
95500000 95500000
78500000 78500000
538000000 538000000
404000000 404000000
573000000 573000000
246500000 246500000
106000000 106000000
648000000 648000000
820500000 820500000
412000000 412000000
981000000 981000000
41500000 41500000
98500000 98500000
568500000 568500000
880500000 880500000
668500000 668500000
921000000 921000000
161000000 161000000
195500000 195500000
628000000 628000000
406500000 406500000
104500000 104500000
334500000 334500000
962000000 962000000
791000000 791000000
963000000 963000000
568000000 568000000
372500000 372500000
194500000 194500000
563500000 563500000
682000000 682000000
437500000 437500000
733000000 733000000
451500000 451500000
829500000 829500000
333500000 333500000
891500000 891500000
334000000 334000000
881500000 881500000
780000000 780000000
142000000 142000000
576000000 576000000
684500000 684500000
716500000 716500000
66500000 66500000
954000000 954000000
782500000 782500000
121500000 121500000
551500000 551500000
413000000 413000000
697500000 697500000
411000000 411000000
598500000 598500000
975000000 975000000
885000000 885000000
246000000 246000000
138500000 138500000
588000000 588000000
94500000 94500000
38500000 38500000
918500000 918500000
133000000 133000000
607500000 607500000
132000000 132000000
257500000 257500000
554500000 554500000
382500000 382500000
885500000 885500000
289500000 289500000
448500000 448500000
919000000 919000000
881000000 881000000
342500000 342500000
968000000 968000000
238000000 238000000
593000000 593000000
558500000 558500000
293500000 293500000
313000000 313000000
324000000 324000000
362500000 362500000
94000000 94000000
258500000 258500000
893000000 893000000
726500000 726500000
498000000 498000000
563000000 563000000
332500000 332500000
520000000 520000000
480000000 480000000
495000000 495000000
637500000 637500000
663000000 663000000
287000000 287000000
414500000 414500000
493500000 493500000
845000000 845000000
720500000 720500000
53500000 53500000
328500000 328500000
845500000 845500000
399000000 399000000
730500000 730500000
634500000 634500000
922000000 922000000
276000000 276000000
335500000 335500000
827000000 827000000
789500000 789500000
644000000 644000000
185500000 185500000
929500000 929500000
556500000 556500000
673500000 673500000
665000000 665000000
74000000 74000000
570000000 570000000
569500000 569500000
19500000 19500000
288500000 288500000
304000000 304000000
916500000 916500000
906000000 906000000
8500000 8500000
547500000 547500000
747000000 747000000
71500000 71500000
157000000 157000000
261000000 261000000
332000000 332000000
59000000 59000000
506000000 506000000
701500000 701500000
442500000 442500000
659000000 659000000
490000000 490000000
152500000 152500000
175000000 175000000
985000000 985000000
7500000 7500000
225500000 225500000
575000000 575000000
679500000 679500000
605500000 605500000
658500000 658500000
539000000 539000000
336000000 336000000
228000000 228000000
124500000 124500000
464500000 464500000
17000000 17000000
977000000 977000000
317000000 317000000
221000000 221000000
367500000 367500000
91000000 91000000
217000000 217000000
565000000 565000000
578500000 578500000
379000000 379000000
956500000 956500000
384000000 384000000
763500000 763500000
311000000 311000000
610000000 610000000
622500000 622500000
706000000 706000000
738000000 738000000
445500000 445500000
187500000 187500000
526000000 526000000
907500000 907500000
325500000 325500000
70000000 70000000
491500000 491500000
501500000 501500000
311500000 311500000
884500000 884500000
40500000 40500000
545500000 545500000
299000000 299000000
780500000 780500000
544500000 544500000
952500000 952500000
50000000 50000000
347500000 347500000
787500000 787500000
644500000 644500000
399500000 399500000
625500000 625500000
205500000 205500000
26500000 26500000
911500000 911500000
107500000 107500000
497500000 497500000
722000000 722000000
297500000 297500000
431000000 431000000
852000000 852000000
303500000 303500000
758000000 758000000
629500000 629500000
243000000 243000000
381500000 381500000
924500000 924500000
851000000 851000000
668000000 668000000
713000000 713000000
315500000 315500000
177500000 177500000
779000000 779000000
67000000 67000000
982500000 982500000
628500000 628500000
909500000 909500000
335000000 335000000
964500000 964500000
80500000 80500000
92500000 92500000
136000000 136000000
270500000 270500000
385000000 385000000
862000000 862000000
193000000 193000000
89500000 89500000
46500000 46500000
485500000 485500000
105000000 105000000
983500000 983500000
865000000 865000000
475000000 475000000
239500000 239500000
961500000 961500000
60500000 60500000
562500000 562500000
495500000 495500000
955000000 955000000
757500000 757500000
770500000 770500000
431500000 431500000
863500000 863500000
834000000 834000000
368000000 368000000
419000000 419000000
772500000 772500000
233500000 233500000
129500000 129500000
126000000 126000000
189500000 189500000
521500000 521500000
583500000 583500000
162500000 162500000
838000000 838000000
160500000 160500000
552000000 552000000
115000000 115000000
109500000 109500000
29000000 29000000
68000000 68000000
866500000 866500000
876500000 876500000
836000000 836000000
760000000 760000000
716000000 716000000
131500000 131500000
275500000 275500000
710500000 710500000
739000000 739000000
686500000 686500000
998500000 998500000
976500000 976500000
230500000 230500000
645500000 645500000
608000000 608000000
336500000 336500000
996000000 996000000
170500000 170500000
522000000 522000000
639500000 639500000
83500000 83500000
207000000 207000000
841500000 841500000
858000000 858000000
99500000 99500000
602000000 602000000
208500000 208500000
867000000 867000000
972000000 972000000
992500000 992500000
386500000 386500000
261500000 261500000
892000000 892000000
209000000 209000000
359500000 359500000
229000000 229000000
534500000 534500000
107000000 107000000
794000000 794000000
698500000 698500000
460500000 460500000
579000000 579000000
520500000 520500000
567000000 567000000
424500000 424500000
4500000 4500000
326000000 326000000
240500000 240500000
677000000 677000000
816500000 816500000
584500000 584500000
675000000 675000000
934000000 934000000
73500000 73500000
463000000 463000000
810000000 810000000
959000000 959000000
551000000 551000000
226000000 226000000
127000000 127000000
20500000 20500000
507000000 507000000
218000000 218000000
547000000 547000000
479500000 479500000
989000000 989000000
313500000 313500000
432000000 432000000
822000000 822000000
432500000 432500000
284000000 284000000
815500000 815500000
277000000 277000000
308000000 308000000
47000000 47000000
768500000 768500000
138000000 138000000
888000000 888000000
211000000 211000000
808000000 808000000
757000000 757000000
415500000 415500000
874500000 874500000
806500000 806500000
91500000 91500000
531000000 531000000
703500000 703500000
655500000 655500000
627000000 627000000
222000000 222000000
846000000 846000000
564000000 564000000
898000000 898000000
455500000 455500000
32500000 32500000
678000000 678000000
285000000 285000000
145000000 145000000
606500000 606500000
270000000 270000000
829000000 829000000
494500000 494500000
443000000 443000000
474000000 474000000
151500000 151500000
486500000 486500000
51000000 51000000
45500000 45500000
376000000 376000000
115500000 115500000
179000000 179000000
320500000 320500000
777000000 777000000
42500000 42500000
139500000 139500000
49500000 49500000
330500000 330500000
46000000 46000000
464000000 464000000
849500000 849500000
991000000 991000000
31500000 31500000
343500000 343500000
875000000 875000000
723000000 723000000
953000000 953000000
31000000 31000000
983000000 983000000
467000000 467000000
357500000 357500000
179500000 179500000
801500000 801500000
918000000 918000000
762500000 762500000
401000000 401000000
617000000 617000000
692500000 692500000
869000000 869000000
635500000 635500000
505000000 505000000
356000000 356000000
647000000 647000000
86500000 86500000
294500000 294500000
149500000 149500000
799500000 799500000
57000000 57000000
81500000 81500000
54000000 54000000
842500000 842500000
417000000 417000000
776000000 776000000
192500000 192500000
934500000 934500000
297000000 297000000
492000000 492000000
549000000 549000000
422000000 422000000
621500000 621500000
385500000 385500000
645000000 645000000
468500000 468500000
872000000 872000000
566500000 566500000
364000000 364000000
521000000 521000000
435500000 435500000
112000000 112000000
312500000 312500000
123500000 123500000
835000000 835000000
897500000 897500000
746000000 746000000
131000000 131000000
342000000 342000000
890000000 890000000
825000000 825000000
588500000 588500000
292000000 292000000
470500000 470500000
546500000 546500000
909000000 909000000
637000000 637000000
322000000 322000000
1500000 1500000
939000000 939000000
718000000 718000000
471500000 471500000
314000000 314000000
300500000 300500000
606000000 606000000
709000000 709000000
484500000 484500000
769000000 769000000
993500000 993500000
146000000 146000000
825500000 825500000
191500000 191500000
651500000 651500000
633500000 633500000
773500000 773500000
355000000 355000000
988500000 988500000
843000000 843000000
681000000 681000000
784000000 784000000
159000000 159000000
598000000 598000000
87000000 87000000
948000000 948000000
798000000 798000000
694000000 694000000
866000000 866000000
266000000 266000000
527500000 527500000
221500000 221500000
23000000 23000000
34000000 34000000
960000000 960000000
437000000 437000000
812500000 812500000
85500000 85500000
894000000 894000000
928500000 928500000
393000000 393000000
723500000 723500000
553000000 553000000
158000000 158000000
317500000 317500000
609500000 609500000
351500000 351500000
374000000 374000000
792000000 792000000
942500000 942500000
121000000 121000000
425500000 425500000
433500000 433500000
714500000 714500000
790500000 790500000
505500000 505500000
369500000 369500000
542000000 542000000
741500000 741500000
119500000 119500000
4000000 4000000
859500000 859500000
562000000 562000000
70500000 70500000
173000000 173000000
346500000 346500000
748500000 748500000
181000000 181000000
87500000 87500000
543000000 543000000
737000000 737000000
978000000 978000000
788500000 788500000
592500000 592500000
800500000 800500000
787000000 787000000
580500000 580500000
766000000 766000000
832500000 832500000
44500000 44500000
876000000 876000000
938500000 938500000
462000000 462000000
638000000 638000000
329000000 329000000
954500000 954500000
536000000 536000000
86000000 86000000
390500000 390500000
575500000 575500000
685000000 685000000
398500000 398500000
624000000 624000000
577500000 577500000
473500000 473500000
600000000 600000000
208000000 208000000
533500000 533500000
803500000 803500000
582500000 582500000
341000000 341000000
347000000 347000000
524500000 524500000
469000000 469000000
543500000 543500000
642500000 642500000
591000000 591000000
444500000 444500000
3000000 3000000
434500000 434500000
597500000 597500000
727500000 727500000
11000000 11000000
33000000 33000000
705500000 705500000
783000000 783000000
489000000 489000000
852500000 852500000
213500000 213500000
280000000 280000000
496000000 496000000
178000000 178000000
373500000 373500000
439500000 439500000
454000000 454000000
531500000 531500000
29500000 29500000
143000000 143000000
409000000 409000000
168500000 168500000
68500000 68500000
349500000 349500000
40000000 40000000
134500000 134500000
702000000 702000000
251500000 251500000
578000000 578000000
589500000 589500000
616500000 616500000
860500000 860500000
470000000 470000000
154000000 154000000
232000000 232000000
458500000 458500000
214000000 214000000
978500000 978500000
769500000 769500000
73000000 73000000
652000000 652000000
61500000 61500000
509000000 509000000
561500000 561500000
442000000 442000000
870000000 870000000
323500000 323500000
647500000 647500000
51500000 51500000
264500000 264500000
541000000 541000000
635000000 635000000
933000000 933000000
844500000 844500000
615000000 615000000
117500000 117500000
23500000 23500000
855000000 855000000
581500000 581500000
945500000 945500000
776500000 776500000
427500000 427500000
877000000 877000000
33500000 33500000
44000000 44000000
254000000 254000000
508000000 508000000
785500000 785500000
271000000 271000000
712000000 712000000
450000000 450000000
456000000 456000000
722500000 722500000
472000000 472000000
126500000 126500000
549500000 549500000
134000000 134000000
994500000 994500000
936500000 936500000
985500000 985500000
946000000 946000000
982000000 982000000
868500000 868500000
263500000 263500000
218500000 218500000
523000000 523000000
847000000 847000000
446000000 446000000
778000000 778000000
594000000 594000000
805000000 805000000
245000000 245000000
513500000 513500000
737500000 737500000
203000000 203000000
416500000 416500000
837500000 837500000
274000000 274000000
55500000 55500000
759000000 759000000
941500000 941500000
937000000 937000000
984500000 984500000
745000000 745000000
71000000 71000000
233000000 233000000
113500000 113500000
832000000 832000000
853500000 853500000
340500000 340500000
510500000 510500000
990000000 990000000
735000000 735000000
304500000 304500000
388000000 388000000
110000000 110000000
358500000 358500000
48000000 48000000
959500000 959500000
999500000 999500000
102000000 102000000
206000000 206000000
436500000 436500000
655000000 655000000
392500000 392500000
305000000 305000000
120000000 120000000
135000000 135000000
1000000000 1000000000
241000000 241000000
17500000 17500000
823000000 823000000
792500000 792500000
194000000 194000000
447000000 447000000
750500000 750500000
743000000 743000000
831000000 831000000
277500000 277500000
734500000 734500000
931000000 931000000
486000000 486000000
854500000 854500000
706500000 706500000
804000000 804000000
43500000 43500000
738500000 738500000
539500000 539500000
973000000 973000000
883000000 883000000
961000000 961000000
696000000 696000000
801000000 801000000
331500000 331500000
759500000 759500000
411500000 411500000
275000000 275000000
123000000 123000000
837000000 837000000
848000000 848000000
265000000 265000000
856000000 856000000
999000000 999000000
89000000 89000000
376500000 376500000
898500000 898500000
295000000 295000000
878500000 878500000
903000000 903000000
124000000 124000000
729500000 729500000
171000000 171000000
8000000 8000000
21500000 21500000
766500000 766500000
857000000 857000000
942000000 942000000
189000000 189000000
416000000 416000000
559000000 559000000
454500000 454500000
515000000 515000000
353500000 353500000
614500000 614500000
665500000 665500000
986000000 986000000
692000000 692000000
773000000 773000000
935500000 935500000
833000000 833000000
469500000 469500000
915500000 915500000
57500000 57500000
816000000 816000000
530500000 530500000
360000000 360000000
945000000 945000000
13000000 13000000
932500000 932500000
282000000 282000000
774000000 774000000
501000000 501000000
162000000 162000000
888500000 888500000
200500000 200500000
248000000 248000000
164500000 164500000
273000000 273000000
998000000 998000000
586500000 586500000
767000000 767000000
905500000 905500000
168000000 168000000
36000000 36000000
623500000 623500000
485000000 485000000
69000000 69000000
54500000 54500000
330000000 330000000
156000000 156000000
535500000 535500000
771500000 771500000
938000000 938000000
201500000 201500000
673000000 673000000
204000000 204000000
669500000 669500000
933500000 933500000
3500000 3500000
307000000 307000000
370500000 370500000
143500000 143500000
15500000 15500000
260000000 260000000
587000000 587000000
632500000 632500000
742500000 742500000
476500000 476500000
174000000 174000000
995000000 995000000
319000000 319000000
735500000 735500000
176500000 176500000
893500000 893500000
97500000 97500000
278500000 278500000
855500000 855500000
847500000 847500000
274500000 274500000
950000000 950000000
904000000 904000000
182000000 182000000
369000000 369000000
950500000 950500000
691500000 691500000
63000000 63000000
736500000 736500000
186500000 186500000
114000000 114000000
487500000 487500000
517500000 517500000
392000000 392000000
937500000 937500000
793500000 793500000
970000000 970000000
971000000 971000000
307500000 307500000
963500000 963500000
629000000 629000000
793000000 793000000
725000000 725000000
980500000 980500000
840500000 840500000
231500000 231500000
892500000 892500000
309500000 309500000
481500000 481500000
185000000 185000000
245500000 245500000
63500000 63500000
467500000 467500000
155000000 155000000
174500000 174500000
913500000 913500000
153500000 153500000
781000000 781000000
857500000 857500000
912500000 912500000
626500000 626500000
712500000 712500000
52000000 52000000
440000000 440000000
412547143 413123919
546559088 547234420
11903475 12668318
435171385 435848180
15646772 16400617
63099243 63972738
186632702 187490620
991904494 992524558
357597746 358496076
14997090 15892451
496161423 497139486
994426810 995119651
410131258 411106661
616865971 617750868
751008261 751689453
796893625 797396894
468158580 469113471
397733223 398676816
302438843 303113050
59420423 60335454
508901565 509577745
256913560 257757220
323986958 324868365
29440194 30316129
251598320 252321765
675424481 676358721
724823640 725583216
455138051 456063997
365610217 366204161
701939681 702804586
283630839 284626317
793132263 793985671
456877444 457667942
234637873 235555672
4192069 4726619
342773898 343702792
276255389 277017625
155043694 156033387
28302753 29246811
527733512 528263906
926999057 927961546
315073077 315759297
843877220 844622408
735399039 736298671
704521404 705085196
744943649 745583786
197859052 198462878
598626311 599576273
598943352 599914245
713568718 714251893
746549652 747101929
129743807 130581964
134524450 135429134
11123810 11939821
526329783 527075321
928594114 929433779
724991382 725615315
857909723 858808723
603791539 604790107
948157229 948749981
439194033 440027297
194328691 195292364
915300067 916190909
72055840 72974374
577659470 578369565
880470845 881393182
401096611 401920892
949131175 949687765
438149705 438722647
392239572 393020852
360561489 361406535
210768111 211403047
671055742 671824500
544474836 545197719
291808581 292599783
743165454 744007332
192471754 193190494
109092825 110061594
173075422 173936372
384006689 384619884
613265415 613986673
317898112 318639270
597121143 597991849
571706178 572301540
5600564 6499925
701948772 702599013
757878636 758419184
37225103 38137210
180125384 180877329
299532321 300470657
732172314 732783236
307080227 307761277
50327300 50854463
12011336 12593982
540243164 541088500
468737818 469700805
389031587 389913827
219148182 219970436
279917325 280879911
526269840 526865638
41103488 41641331
582678150 583266621
260741900 261676219
460420259 461389860
277680758 278229050
511106239 511638063
64739378 65456475
363363435 364201673
635538787 636255075
739239902 740211235
827666653 828634028
572446727 573442845
125230370 125972724
166938751 167656831
5097064 5729248
730977681 731960564
586086544 586783122
288152123 288871459
95999278 96649458
995937832 996708380
378622342 379602354
30752510 31253578
187298957 188017239
25028069 25928965
960435429 961256043
888395390 889022968
383178465 383878091
479153126 480001664
578808453 579520680
280727355 281631704
865372547 866283407
567245382 567850234
846640450 847202687
608933252 609489945
953529555 954451031
622458401 623170075
434655994 435569291
97541112 98113323
313547819 314194110
15470483 15981290
574151817 575048015
370540592 371301077
165191143 165856610
509682105 510230562
896361930 897008314
143264457 143958293
195195747 196047270
27529340 28088395
640302488 640971353
725069664 725640081
839053563 839794523
3935233 4886133
934522321 935334053
785190032 786008841
193889804 194639080
521412724 522168155
636369744 636988657
781544437 782124494
595148016 595811331
448053374 449045523
761193969 762104534
947782187 948551348
160987909 161745884
417826247 418532095
321480849 322358126
353545934 354266885
442482855 443357597
42552684 43058359
756185355 756694097
260062331 260887963
115632432 116398391
118865800 119849257
696223802 697061709
33696040 34405251
484043517 484806647
615092023 615799846
393445885 394012087
129481823 130457694
244684652 245281598
805419668 806170853
781454637 782176156
821730000 822240935
990632661 991187916
477809342 478386375
388352935 389146710
520630970 521504115
902921367 903486587
68228046 69096574
839621192 840448548
573416888 574229954
253386509 254203256
794850530 795681960
550228202 551012450
30075728 31072312
465256339 465949224
497424405 498207385
227181163 227983242
772799076 773525747
27012262 27995334
213824130 214570273
856374439 857147135
881178187 881876024
695580481 696085210
19285063 20044395
615762040 616339821
461767093 462619608
861524000 862319821
234444928 235161965
378005948 378925174
8066371 8743216
304573055 305390787
485770568 486582966
623648590 624387777
460510348 461489754
701713083 702288191
913533883 914173856
501539594 502176243
119115311 120010999
317886510 318534668
158627828 159164249
110619084 111568627
146553799 147460295
582546742 583143818
865214738 866117031
633824112 634400661
407224817 408217183
855379757 855968783
151742766 152289067
177846995 178588933
675524678 676405978
707726961 708400276
481975653 482499834
349361615 350146208
769851750 770761842
57081438 58032915
136107476 136883518
21700609 22688960
686775019 687524659
374900046 375885306
860763542 861310019
464147719 464758467
735399281 736329346
525837472 526778203
487336648 488213555
854764538 855358936
597857428 598401029
123304108 124172856
582119044 582774030
888351736 888857709
536991472 537599172
737310929 737910011
138314982 139044473
210919899 211833091
457205282 458198935
659994474 660872216
4979982 5841359
626087297 626747297
38502084 39033271
408658387 409367800
873902355 874608221
861358533 862058985
18563442 19088496
712228969 713090950
192710165 193280655
996703363 997218627
882267597 883015018
498464391 498999218
888745005 889261090
451438231 452120051
516908140 517495448
248857225 249517220
766140024 766753128
266075102 266860845
46570732 47353385
60109306 60731433
155919123 156735912
15231795 15957012
42472168 43202166
480124074 480835379
976784152 977343832
89185906 89874001
583025918 583635640
164687488 165347849
426668710 427207549
754596471 755404558
314301641 314890535
636673451 637248701
780812502 781512209
141188895 141868467
879193829 879886769
349810565 350553563
935897028 936661847
818145092 819076295
609172207 609877265
116933741 117551034
839214223 840049022
265054404 265924413
27290498 27928497
23320508 24002142
549289809 550272414
669529209 670072046
908449338 909308566
634404816 635065514
369953573 370580545
471602753 472212584
45856542 46431370
982724100 983295622
984639018 985493233
940250360 941026976
824477576 825202895
849440435 850318351
369391993 370163010
939242104 939994253
139825240 140339653
898476347 898997291
369457456 370250924
282209183 282922846
674092988 675016819
663625719 664481851
391160937 392093485
940652615 941193175
664390226 664968391
829812803 830343253
757171522 757897827
736021326 737012528
405209013 405861933
146461308 147122283
693416150 694269171
989811343 990772373
234912385 235627516
930044413 930787283
610764610 611377821
215414503 215944617
670230611 670929319
608875810 609453826
91648927 92533246
694836272 695771166
392946117 393592920
446655815 447437116
171715598 172228578
22962504 23616396
678898293 679888798
308487880 309371271
253161894 253986805
905306123 906278483
163639549 164301539
942203138 942745288
386093190 386829391
555183443 555991106
345378556 346065514
891729488 892593937
329048009 329893800
491198717 492021122
350472458 351304746
925932557 926800108
757105036 757786463
229158373 230064846
288689863 289507326
951755416 952609757
174793449 175530356
637563368 638236344
313998029 314589506
148550986 149468817
418937853 419469628
850650593 851406450
758567607 759546336
323148417 324019988
350605285 351167712
549914028 550678557
119588643 120134346
675902360 676744474
284077245 284820057
98469925 99265033
562049965 562741594
81984746 82715166
48371701 49237579
675192617 675751851
537075439 537793963
446877141 447409023
895922345 896433900
114046866 114781922
284506759 285051109
398350517 398856924
14545520 15172587
554383678 554977916
893559567 894529232
789211875 789720663
281433249 282392439
59955346 60863515
142188581 142999926
536505535 537478061
776401608 777163653
969965260 970929820
147121252 147956061
51794488 52710605
393188742 394049135
41924967 42562447
56508123 57047629
2997144 3955013
492525559 493103820
724716211 725328851
107717582 108394860
747796723 748684444
667394104 668289243
781009294 781528671
356506417 357208093
320973079 321525844
25445772 26441140
936716243 937601548
68932141 69804657
637249460 638156107
171037079 171833896
720257630 720886328
373985886 374561787
408239908 409231515
717798893 718666371
744313099 745150293
28905568 29822263
570594501 571584122
823244419 824241621
692473527 693049257
921988047 922755919
125331699 126036180
770300019 771166065
527348028 527861548
690466632 691057185
566941448 567628450
952962011 953684945
624535928 625116209
371298406 371900713
649041249 649979153
936887253 937822221
833381190 834124340
239906757 240788500
813249884 814117282
667303552 667928375
611009922 611600546
19118297 19686065
102687569 103401088
603309301 604275804
230371849 231326016
789201590 789731303
590522015 591354988
778201937 778862603
914343350 915249354
496389760 496978817
72838285 73433465
933777585 934314988
675190885 675778526
860211452 860845769
421056947 421609359
654597936 655550037
890993906 891548034
363211205 363945375
942952242 943798231
575900650 576725147
71907125 72513329
753030008 753663398
995134841 995771533
370251515 371068847
65170966 65888079
734548911 735240743
488872676 489373303
30203107 31045703
489981798 490815596
398762760 399522399
23979118 24588813
703348627 704306060
276286467 277048894
283305245 284195692
651813783 652746409
203592786 204473519
317650379 318376688
433072268 433895693
457671318 458398685
989443543 990256700
310376857 311109451
534292208 535249010
394082345 394881517
8262962 8935716
35517028 36202367
48825573 49440040
491641261 492211865
194905769 195493126
194972088 195612141
495849991 496400444
992958333 993761588
612582700 613397385
68609729 69116262
217286899 217830110
339082486 339752061
138178279 138837131
125386560 126384719
954617668 955581478
672510066 673310515
115648245 116192214
382430993 383101925
466826646 467631319
455324496 456226364
121199474 122193890
464653584 465452292
180762502 181751780
46278536 46872360
244712826 245454028
812722970 813307575
31304116 32137658
389772185 390430241
150497578 151070525
669914633 670874982
370267051 370786399
672021182 672758525
284939677 285564635
363632059 364614231
698514458 699320424
933323955 934284657
937256174 938108875
366030091 366617174
128736406 129391646
426293717 426993412
226114619 226921607
354408918 355202865
39487419 40473512
897113471 897805327
676154271 677046284
419321078 419877348
913980197 914597278
277253645 277986873
762613303 763557234
124867144 125820082
326639473 327582717
333866203 334547272
413911582 414791872
790315176 791159615
593496121 594460923
361535046 362246972
72339567 73238903
256018932 257008474
316584988 317159408
537801128 538734072
828128584 828930394
533385989 534173646
960564402 961453761
983458143 984044668
258947012 259583848
423181240 423923299
544401050 545320825
823339717 824130648
79933952 80652460
19106796 19972847
218186096 218943772
467709497 468540589
909519127 910270261
469258869 469905053
102270926 103247314
672818964 673439004
256173348 257051933
561145656 562095896
495243090 496234955
527821748 528482030
168507717 169325784
405039372 405657251
934484119 935239363
809971060 810824565
927253397 927871597
867344078 867855903
330305338 330962571
897824942 898505959
105884976 106776025
409094746 410006695
321407444 322086812
53235961 53770031
220686898 221363928
588638349 589270282
40274438 41115951
405627915 406315301
275282361 275786983
827584834 828129272
542735463 543693592
312730595 313567023
189801949 190489873
692066133 692915618
646740118 647243305
194440360 195044009
934921149 935538650
27199650 27961283
288145711 288772468
890917301 891472426
371389301 372293763
164965893 165702972
654689228 655596955
501481830 502338576
900194335 900831091
837217115 837767520
25549065 26129951
960972055 961633597
7846033 8731466
309911423 310650356
347538565 348217797
658080036 658770083
764793789 765687414
886023244 886813137
927413466 928207277
12445735 13149540
895002600 895944030
449842848 450468880
713229221 713978014
163216068 164031132
753455992 754361599
117304919 117871971
576091520 576657977
626182157 627054482
612563079 613240990
75353676 75861891
223263240 223995229
831204644 832105751
721667120 722250496
789853274 790845449
479685594 480516426
628708706 629655091
367537809 368108898
992338271 993041406
201183377 202115815
349210404 349721974
155957956 156774918
36063484 36686530
703437001 704197391
937780168 938301857
73304433 74262010
879573692 880504748
527704094 528249247
866985894 867793136
321092630 321775284
227332042 228002084
943533356 944193017
565963293 566473665
49327724 50067249
804781377 805403212
714453391 715437573
407231881 407943802
39927568 40749852
53865208 54547635
527075812 527595252
840994627 841701153
693920252 694579098
929659854 930288443
977714631 978498929
381626283 382190419
689201775 690126122
223874462 224617567
559464401 559981186
37136923 38064502
663932537 664695199
509983045 510529841
90975649 91914632
222016751 222795916
502628662 503164629
613880478 614621575
703369171 704210047
891437443 892298241
469246147 470192529
43083908 44023984
753408513 754122678
601875507 602410800
267869755 268499965
194479316 195361171
252308169 252990839
940084316 940878759
250557882 251372022
193916012 194766508
1150494 2005622
215008344 215694208
477965916 478592645
251436837 252232699
278163861 278919456
34402693 35016858
853350973 853931432
721672157 722353596
645250001 645957238
70292543 70887971
183228025 184099140
90852463 91772184
410023189 410732507
340920288 341595828
606407469 607357028
479456694 480174940
206607103 207581587
270877381 271432770
212200308 212823086
260384657 260999722
981595690 982291018
972887627 973755448
690713962 691667258
635609305 636573686
907127346 908067644
13725389 14386846
25049015 25593666
401668971 402554791
883729843 884432897
137597863 138363477
844363220 844998871
378803236 379727457
379521610 380170041
811132725 811644748
563126144 563720675
324125406 324982945
785704082 786253683
504833747 505378263
436427082 437133301
139270775 139875602
182152231 182819111
48311006 48886333
696801361 697316143
4925643 5799545
987677604 988633159
617359025 618129640
614276270 614911193
514897588 515422065
430684328 431596255
646768808 647503137
777826686 778788277
662800399 663385112
346948556 347579751
259496479 260367786
8744158 9301461
123902906 124551849
871565486 872422346
327188339 327876760
863088616 863659110
463006605 463952462
572954089 573787559
456964094 457935560
102737595 103684473
973581415 974569396
882189593 883012851
199261725 200194495
640354416 641322927
959745572 960713114
858528474 859216735
255846189 256705088
936400676 937146855
943979423 944924847
544704201 545674878
466625417 467599174
502046708 503003506
653908659 654571324
27517825 28080767
18177906 18926166
33274619 33803429
230411326 231314882
645715613 646307136
426991254 427549604
471501652 472057197
361491483 362319264
829452475 830279145
50153293 50746267
990199581 990799107
269586726 270485787
529132918 529850801
619597348 620554204
202968945 203919505
67241374 68175872
276198251 277014084
975450465 976365154
592543853 593468961
518679863 519192471
243455028 244055899
677757202 678720113
55288108 56234709
698792181 699628562
379210863 379841601
512191123 513002922
625200073 625784606
602551121 603257949
541705143 542643337
402470465 403308759
18310498 19205592
578296359 579042855
633277608 633888982
618399607 619250451
356589074 357202789
313845331 314378549
734373086 735259345
836230289 836739785
786313462 787135069
44403634 45153198
164197621 164948844
273059563 273627846
833365032 834317074
686700831 687267443
836243594 836965804
42605292 43281654
537299142 537987136
752097398 752659645
949810744 950399403
770357200 770967292
585743083 586490709
775622291 776460156
493211547 493858895
250210323 251174088
301146547 301897523
229079891 229916474
304001359 304925517
351103237 351835001
996011835 996769030
876509584 877478063
55794417 56464387
6888196 7559828
738713757 739374208
465837864 466553040
540079899 540814054
644954476 645580419
929857015 930618729
379403509 379929182
579066731 579877221
951786136 952474898
68586576 69142588
399351509 399879312
381241468 381824515
228290531 228928433
31958879 32556222
989449124 990092202
601631210 602308497
671516074 672170914
138073064 139000378
208127292 209003070
328881746 329515284
66995771 67621675
501812789 502556227
284870778 285686410
440356686 440899265
141372191 142289566
723567111 724353590
238488891 239036478
515441020 516056662
997300867 998043081
320764280 321531589
306284122 307018095
43156599 43935264
504596948 505151063
935250340 936158072
5008092 5570053
704174811 704860129
174427245 175036263
25105063 25613781
41125923 41705231
62468676 63205875
924668074 925213494
662290334 662933288
41410200 42379692
289317711 290240394
66872237 67383667
929924771 930430583
791969972 792689988
781644182 782567514
732946048 733613473
498444500 499388609
122276751 123122671
443370424 444019736
940755922 941460412
760099404 760603047
807916271 808593334
42060429 42914765
502153784 502785427
668252711 668808964
341092017 341837453
896136437 896681847
454375181 454884857
92676737 93643039
653463985 654274290
386431049 387263100
972798640 973787075
28146438 28895125
734517708 735502947
8832640 9463578
431536249 432078683
209163300 209967759
61213359 61759361
140829034 141802868
905819848 906500314
63071819 63864306
508067776 508885681
844807534 845364464
790730487 791694492
948401171 949321438
782045265 782715220
185081743 185828885
303584610 304399721
964050829 964726817
108684141 109594878
102207081 102890186
544524645 545211164
706371374 707228624
885286382 886060424
30882712 31817665
409822556 410605957
554680851 555516739
151027634 151764755
254952377 255831911
21224875 21761715
731095638 731811583
458412948 458995072
968158823 969068842
488859031 489641523
360826134 361698856
343932784 344595531
260894271 261838270
493450643 494217504
827767403 828712575
904649763 905306675
696688859 697647771
46793913 47337087
539991414 540825029
563854727 564833066
856542936 857368939
626150675 626986966
432559182 433337500
573846138 574537420
841968595 842543713
608084559 608805872
880660498 881200413
855164119 855987927
261674598 262542823
28685316 29239352
760007900 760696350
131021178 131651991
513022000 513646646
15486092 16264946
802230731 803000633
356208703 357202180
621815242 622687288
699830597 700376024
508014840 508589414
409011203 409564232
597171921 597797148
277430923 278316486
428656512 429492909
520473248 521473034
492375522 492981609
511245240 511944046
152878464 153867656
260986100 261684484
538945687 539619710
423260969 423995508
588514835 589339509
821939930 822763253
207064975 207895417
723630650 724468541
875552597 876375384
855220014 855921427
487460451 488088975
723746121 724733147
667718242 668290044
902178765 903093357
804215728 804914106
617890734 618493555
266744663 267712285
306742674 307516074
222845203 223836392
543731657 544526491
756605262 757206376
570675289 571334762
805589799 806213285
716488435 717092097
916588133 917426559
119429886 120220224
229753223 230298672
489523594 490129143
576591799 577582939
878343005 879277422
511411921 511934876
635896553 636868586
751326561 752092084
891167314 892101654
623816865 624602107
261536108 262065802
553585277 554179943
896396218 897100956
926365585 927255401
160405103 161214576
549276969 550214836
166596207 167462176
77774655 78620534
801578575 802259049
744537727 745279752
937575503 938272492
538760774 539621062
315732070 316319433
719637150 720607504
27196335 27803433
116569666 117509996
72564249 73236257
837216415 838157694
408696829 409478612
688915407 689487779
147994541 148807079
228809375 229766605
277450884 278434793
822185610 822968954
202404501 203382411
150334907 150980212
