2000
218500000 218500000
237000000 237000000
376000000 376000000
90000000 90000000
723500000 723500000
796000000 796000000
514000000 514000000
365500000 365500000
424500000 424500000
10500000 10500000
987500000 987500000
617500000 617500000
211500000 211500000
462500000 462500000
373500000 373500000
844000000 844000000
950500000 950500000
560000000 560000000
886000000 886000000
167000000 167000000
271500000 271500000
139000000 139000000
562000000 562000000
347000000 347000000
732500000 732500000
521500000 521500000
885500000 885500000
18000000 18000000
507000000 507000000
219000000 219000000
983500000 983500000
753000000 753000000
979500000 979500000
462000000 462000000
149500000 149500000
652000000 652000000
277000000 277000000
267000000 267000000
985500000 985500000
816000000 816000000
579500000 579500000
239500000 239500000
206500000 206500000
200000000 200000000
264500000 264500000
326000000 326000000
688500000 688500000
333000000 333000000
741000000 741000000
8500000 8500000
171500000 171500000
45500000 45500000
649500000 649500000
176000000 176000000
88500000 88500000
531000000 531000000
637000000 637000000
378500000 378500000
325500000 325500000
721000000 721000000
676500000 676500000
627500000 627500000
443500000 443500000
307500000 307500000
819500000 819500000
848500000 848500000
992000000 992000000
77000000 77000000
623000000 623000000
826500000 826500000
380000000 380000000
183500000 183500000
148000000 148000000
491500000 491500000
169000000 169000000
815000000 815000000
785500000 785500000
677500000 677500000
934500000 934500000
513500000 513500000
24500000 24500000
434000000 434000000
9500000 9500000
821500000 821500000
4500000 4500000
918500000 918500000
625500000 625500000
787000000 787000000
522000000 522000000
465500000 465500000
307000000 307000000
568500000 568500000
496500000 496500000
615500000 615500000
855000000 855000000
756000000 756000000
173000000 173000000
598500000 598500000
265000000 265000000
658500000 658500000
978000000 978000000
350500000 350500000
289000000 289000000
431000000 431000000
783000000 783000000
53000000 53000000
937000000 937000000
322500000 322500000
488000000 488000000
517500000 517500000
513000000 513000000
930500000 930500000
354000000 354000000
738000000 738000000
62500000 62500000
523500000 523500000
117000000 117000000
797000000 797000000
759000000 759000000
897000000 897000000
249500000 249500000
687500000 687500000
212500000 212500000
504000000 504000000
61000000 61000000
197500000 197500000
13500000 13500000
242000000 242000000
295000000 295000000
158500000 158500000
12000000 12000000
524000000 524000000
608000000 608000000
121500000 121500000
100500000 100500000
835000000 835000000
202500000 202500000
564500000 564500000
812500000 812500000
361000000 361000000
589000000 589000000
284000000 284000000
942000000 942000000
106000000 106000000
386500000 386500000
654000000 654000000
323000000 323000000
811000000 811000000
743000000 743000000
833000000 833000000
555000000 555000000
694000000 694000000
69500000 69500000
174000000 174000000
619000000 619000000
88000000 88000000
636500000 636500000
313000000 313000000
145000000 145000000
702000000 702000000
150500000 150500000
657000000 657000000
716000000 716000000
197000000 197000000
36000000 36000000
109000000 109000000
906500000 906500000
66500000 66500000
629000000 629000000
129500000 129500000
905500000 905500000
416500000 416500000
667500000 667500000
269500000 269500000
981500000 981500000
662500000 662500000
842000000 842000000
109500000 109500000
768500000 768500000
930000000 930000000
782500000 782500000
608500000 608500000
591500000 591500000
697000000 697000000
947500000 947500000
483000000 483000000
188000000 188000000
809500000 809500000
894000000 894000000
913500000 913500000
917500000 917500000
464000000 464000000
123000000 123000000
380500000 380500000
751000000 751000000
958500000 958500000
597500000 597500000
968500000 968500000
83500000 83500000
454000000 454000000
890500000 890500000
552500000 552500000
672000000 672000000
549500000 549500000
865500000 865500000
345000000 345000000
707000000 707000000
957000000 957000000
952500000 952500000
40000000 40000000
457500000 457500000
709000000 709000000
144500000 144500000
804500000 804500000
762500000 762500000
500500000 500500000
807500000 807500000
335500000 335500000
70000000 70000000
827000000 827000000
260500000 260500000
543500000 543500000
360000000 360000000
198000000 198000000
606000000 606000000
430000000 430000000
612500000 612500000
424000000 424000000
429000000 429000000
327500000 327500000
344500000 344500000
912500000 912500000
816500000 816500000
194500000 194500000
650000000 650000000
40500000 40500000
961500000 961500000
823500000 823500000
152000000 152000000
936500000 936500000
268000000 268000000
397000000 397000000
230000000 230000000
379000000 379000000
127000000 127000000
310500000 310500000
707500000 707500000
841000000 841000000
640000000 640000000
794500000 794500000
681500000 681500000
34000000 34000000
280500000 280500000
156500000 156500000
207500000 207500000
787500000 787500000
590000000 590000000
225500000 225500000
940500000 940500000
220000000 220000000
739500000 739500000
274500000 274500000
697500000 697500000
805000000 805000000
719500000 719500000
911000000 911000000
364000000 364000000
944500000 944500000
342500000 342500000
358000000 358000000
572500000 572500000
293500000 293500000
142000000 142000000
615000000 615000000
97000000 97000000
799500000 799500000
267500000 267500000
917000000 917000000
595000000 595000000
303000000 303000000
700500000 700500000
880000000 880000000
932000000 932000000
147000000 147000000
726500000 726500000
192500000 192500000
921000000 921000000
754500000 754500000
343500000 343500000
31500000 31500000
982000000 982000000
804000000 804000000
648000000 648000000
799000000 799000000
87500000 87500000
543000000 543000000
760000000 760000000
807000000 807000000
566500000 566500000
190500000 190500000
945000000 945000000
537500000 537500000
659500000 659500000
490500000 490500000
369500000 369500000
548000000 548000000
997500000 997500000
897500000 897500000
603500000 603500000
451500000 451500000
691500000 691500000
423500000 423500000
236000000 236000000
43000000 43000000
437000000 437000000
396500000 396500000
704500000 704500000
549000000 549000000
236500000 236500000
86500000 86500000
7500000 7500000
990500000 990500000
415500000 415500000
702500000 702500000
596500000 596500000
778000000 778000000
275000000 275000000
775000000 775000000
722000000 722000000
472000000 472000000
392000000 392000000
245500000 245500000
99500000 99500000
551000000 551000000
286500000 286500000
441000000 441000000
479500000 479500000
170000000 170000000
181500000 181500000
303500000 303500000
449000000 449000000
901000000 901000000
832500000 832500000
486500000 486500000
885000000 885000000
582500000 582500000
332000000 332000000
782000000 782000000
927500000 927500000
675500000 675500000
372500000 372500000
735000000 735000000
137500000 137500000
91000000 91000000
602500000 602500000
164000000 164000000
481000000 481000000
91500000 91500000
526500000 526500000
511000000 511000000
65500000 65500000
730500000 730500000
871500000 871500000
690000000 690000000
984500000 984500000
504500000 504500000
825500000 825500000
581500000 581500000
933000000 933000000
761500000 761500000
742500000 742500000
929500000 929500000
569000000 569000000
179000000 179000000
384500000 384500000
712000000 712000000
174500000 174500000
322000000 322000000
724500000 724500000
255000000 255000000
665000000 665000000
21000000 21000000
783500000 783500000
745000000 745000000
136000000 136000000
453500000 453500000
363000000 363000000
773500000 773500000
611500000 611500000
858500000 858500000
349000000 349000000
568000000 568000000
99000000 99000000
279500000 279500000
815500000 815500000
840000000 840000000
311500000 311500000
26000000 26000000
81000000 81000000
235000000 235000000
477000000 477000000
669000000 669000000
318500000 318500000
114500000 114500000
634500000 634500000
53500000 53500000
657500000 657500000
120000000 120000000
149000000 149000000
273500000 273500000
367500000 367500000
290000000 290000000
1000000000 1000000000
536500000 536500000
165000000 165000000
251500000 251500000
28500000 28500000
501000000 501000000
587000000 587000000
252500000 252500000
508500000 508500000
338500000 338500000
978500000 978500000
769500000 769500000
992500000 992500000
86000000 86000000
475500000 475500000
922000000 922000000
281500000 281500000
550000000 550000000
591000000 591000000
614000000 614000000
291500000 291500000
660500000 660500000
628500000 628500000
964000000 964000000
921500000 921500000
306500000 306500000
808000000 808000000
44500000 44500000
896000000 896000000
946000000 946000000
6000000 6000000
63000000 63000000
75000000 75000000
22500000 22500000
493000000 493000000
255500000 255500000
626000000 626000000
345500000 345500000
381000000 381000000
211000000 211000000
545500000 545500000
425500000 425500000
774000000 774000000
862000000 862000000
422000000 422000000
875000000 875000000
276500000 276500000
837000000 837000000
115000000 115000000
447500000 447500000
539000000 539000000
142500000 142500000
915500000 915500000
95000000 95000000
546500000 546500000
104500000 104500000
302500000 302500000
240000000 240000000
624500000 624500000
771000000 771000000
566000000 566000000
357500000 357500000
789500000 789500000
304500000 304500000
960500000 960500000
24000000 24000000
38000000 38000000
505000000 505000000
484500000 484500000
610000000 610000000
143000000 143000000
319000000 319000000
374000000 374000000
41000000 41000000
312000000 312000000
913000000 913000000
779000000 779000000
426000000 426000000
662000000 662000000
419500000 419500000
499500000 499500000
540000000 540000000
663500000 663500000
287500000 287500000
906000000 906000000
330000000 330000000
660000000 660000000
274000000 274000000
975500000 975500000
179500000 179500000
907000000 907000000
665500000 665500000
204000000 204000000
151000000 151000000
858000000 858000000
647000000 647000000
198500000 198500000
671000000 671000000
90500000 90500000
186500000 186500000
343000000 343000000
651500000 651500000
269000000 269000000
326500000 326500000
690500000 690500000
482500000 482500000
772500000 772500000
923500000 923500000
588000000 588000000
154500000 154500000
304000000 304000000
228500000 228500000
486000000 486000000
20500000 20500000
388000000 388000000
4000000 4000000
105500000 105500000
848000000 848000000
47000000 47000000
138500000 138500000
968000000 968000000
573000000 573000000
37000000 37000000
642000000 642000000
813500000 813500000
864000000 864000000
381500000 381500000
233000000 233000000
44000000 44000000
316000000 316000000
671500000 671500000
481500000 481500000
682500000 682500000
604500000 604500000
452000000 452000000
442500000 442500000
178500000 178500000
16000000 16000000
268500000 268500000
755500000 755500000
724000000 724000000
601500000 601500000
614500000 614500000
11500000 11500000
155000000 155000000
334500000 334500000
64000000 64000000
833500000 833500000
542500000 542500000
170500000 170500000
122500000 122500000
998500000 998500000
10000000 10000000
829000000 829000000
693500000 693500000
599500000 599500000
492000000 492000000
693000000 693000000
193500000 193500000
758500000 758500000
196000000 196000000
292500000 292500000
55500000 55500000
339500000 339500000
306000000 306000000
953000000 953000000
73500000 73500000
17500000 17500000
915000000 915000000
691000000 691000000
661500000 661500000
119500000 119500000
919500000 919500000
184000000 184000000
867000000 867000000
445500000 445500000
162500000 162500000
696000000 696000000
331500000 331500000
692000000 692000000
495500000 495500000
517000000 517000000
739000000 739000000
618500000 618500000
734500000 734500000
791000000 791000000
780000000 780000000
187500000 187500000
832000000 832000000
694500000 694500000
262500000 262500000
836500000 836500000
133000000 133000000
453000000 453000000
951000000 951000000
355000000 355000000
217000000 217000000
649000000 649000000
296500000 296500000
748500000 748500000
283500000 283500000
404000000 404000000
324500000 324500000
509000000 509000000
668500000 668500000
278500000 278500000
239000000 239000000
325000000 325000000
82500000 82500000
941000000 941000000
56500000 56500000
232000000 232000000
899000000 899000000
72000000 72000000
939000000 939000000
628000000 628000000
371500000 371500000
250000000 250000000
218000000 218000000
389000000 389000000
889500000 889500000
321500000 321500000
864500000 864500000
312500000 312500000
208500000 208500000
818500000 818500000
729500000 729500000
315500000 315500000
609500000 609500000
210000000 210000000
635000000 635000000
14500000 14500000
259000000 259000000
355500000 355500000
254500000 254500000
468500000 468500000
385500000 385500000
234000000 234000000
616500000 616500000
404500000 404500000
421500000 421500000
480500000 480500000
110000000 110000000
39000000 39000000
916000000 916000000
256500000 256500000
781500000 781500000
35000000 35000000
270000000 270000000
760500000 760500000
551500000 551500000
802500000 802500000
579000000 579000000
493500000 493500000
187000000 187000000
756500000 756500000
78500000 78500000
224500000 224500000
262000000 262000000
750500000 750500000
238500000 238500000
399000000 399000000
337000000 337000000
738500000 738500000
954000000 954000000
703500000 703500000
571000000 571000000
407500000 407500000
438000000 438000000
941500000 941500000
974000000 974000000
722500000 722500000
321000000 321000000
789000000 789000000
379500000 379500000
193000000 193000000
172000000 172000000
310000000 310000000
336000000 336000000
96500000 96500000
237500000 237500000
532500000 532500000
767500000 767500000
754000000 754000000
953500000 953500000
607000000 607000000
554500000 554500000
887500000 887500000
476500000 476500000
999500000 999500000
115500000 115500000
166000000 166000000
445000000 445000000
600500000 600500000
499000000 499000000
505500000 505500000
796500000 796500000
766000000 766000000
547000000 547000000
518500000 518500000
15500000 15500000
731500000 731500000
74500000 74500000
720500000 720500000
538000000 538000000
59500000 59500000
264000000 264000000
581000000 581000000
683500000 683500000
95500000 95500000
15000000 15000000
452500000 452500000
609000000 609000000
439000000 439000000
433500000 433500000
20000000 20000000
641500000 641500000
805500000 805500000
360500000 360500000
666500000 666500000
655000000 655000000
790000000 790000000
984000000 984000000
140000000 140000000
324000000 324000000
643000000 643000000
587500000 587500000
645000000 645000000
719000000 719000000
323500000 323500000
156000000 156000000
398000000 398000000
377500000 377500000
335000000 335000000
317000000 317000000
878000000 878000000
876000000 876000000
764000000 764000000
638500000 638500000
288000000 288000000
454500000 454500000
337500000 337500000
622000000 622000000
366500000 366500000
117500000 117500000
26500000 26500000
209500000 209500000
781000000 781000000
422500000 422500000
567500000 567500000
798000000 798000000
795500000 795500000
131000000 131000000
931000000 931000000
515500000 515500000
723000000 723000000
89500000 89500000
705000000 705000000
494000000 494000000
387000000 387000000
644500000 644500000
361500000 361500000
914000000 914000000
412000000 412000000
803500000 803500000
613500000 613500000
487500000 487500000
664000000 664000000
777000000 777000000
528000000 528000000
67500000 67500000
979000000 979000000
664500000 664500000
494500000 494500000
632500000 632500000
563000000 563000000
490000000 490000000
473000000 473000000
378000000 378000000
674000000 674000000
298500000 298500000
125500000 125500000
603000000 603000000
558000000 558000000
516000000 516000000
221500000 221500000
746500000 746500000
775500000 775500000
119000000 119000000
252000000 252000000
967500000 967500000
845500000 845500000
682000000 682000000
855500000 855500000
261000000 261000000
436000000 436000000
529000000 529000000
685000000 685000000
741500000 741500000
410000000 410000000
526000000 526000000
520000000 520000000
619500000 619500000
624000000 624000000
414500000 414500000
231500000 231500000
260000000 260000000
967000000 967000000
227500000 227500000
800000000 800000000
457000000 457000000
400500000 400500000
46000000 46000000
266000000 266000000
884500000 884500000
14000000 14000000
282000000 282000000
28000000 28000000
229000000 229000000
347500000 347500000
146000000 146000000
947000000 947000000
448500000 448500000
852500000 852500000
463000000 463000000
139500000 139500000
169500000 169500000
464500000 464500000
576500000 576500000
435500000 435500000
854500000 854500000
822000000 822000000
477500000 477500000
883000000 883000000
446000000 446000000
630500000 630500000
593000000 593000000
125000000 125000000
475000000 475000000
611000000 611000000
387500000 387500000
598000000 598000000
791500000 791500000
698000000 698000000
684500000 684500000
202000000 202000000
295500000 295500000
23500000 23500000
970000000 970000000
294000000 294000000
45000000 45000000
751500000 751500000
888500000 888500000
869000000 869000000
353500000 353500000
714000000 714000000
554000000 554000000
226000000 226000000
974500000 974500000
860500000 860500000
482000000 482000000
640500000 640500000
675000000 675000000
893000000 893000000
997000000 997000000
415000000 415000000
511500000 511500000
779500000 779500000
684000000 684000000
502000000 502000000
776500000 776500000
280000000 280000000
788500000 788500000
18500000 18500000
532000000 532000000
988000000 988000000
629500000 629500000
995500000 995500000
417000000 417000000
171000000 171000000
441500000 441500000
820500000 820500000
801500000 801500000
635500000 635500000
733000000 733000000
398500000 398500000
195500000 195500000
299000000 299000000
949000000 949000000
141000000 141000000
185500000 185500000
60000000 60000000
308000000 308000000
841500000 841500000
54500000 54500000
639000000 639000000
8000000 8000000
516500000 516500000
529500000 529500000
712500000 712500000
158000000 158000000
972000000 972000000
565500000 565500000
460000000 460000000
470000000 470000000
564000000 564000000
950000000 950000000
331000000 331000000
430500000 430500000
570000000 570000000
317500000 317500000
131500000 131500000
842500000 842500000
58500000 58500000
626500000 626500000
540500000 540500000
918000000 918000000
233500000 233500000
351500000 351500000
527000000 527000000
574500000 574500000
621500000 621500000
292000000 292000000
824000000 824000000
48500000 48500000
33500000 33500000
535500000 535500000
552000000 552000000
483500000 483500000
1500000 1500000
678000000 678000000
108500000 108500000
468000000 468000000
802000000 802000000
3000000 3000000
964500000 964500000
798500000 798500000
140500000 140500000
683000000 683000000
75500000 75500000
597000000 597000000
113500000 113500000
369000000 369000000
188500000 188500000
27000000 27000000
71000000 71000000
383000000 383000000
340000000 340000000
48000000 48000000
748000000 748000000
585000000 585000000
861000000 861000000
29000000 29000000
530500000 530500000
899500000 899500000
289500000 289500000
359000000 359000000
408000000 408000000
800500000 800500000
574000000 574000000
199500000 199500000
57500000 57500000
160000000 160000000
929000000 929000000
247000000 247000000
346000000 346000000
6500000 6500000
242500000 242500000
412500000 412500000
711500000 711500000
952000000 952000000
577500000 577500000
83000000 83000000
519500000 519500000
803000000 803000000
580000000 580000000
935500000 935500000
561000000 561000000
663000000 663000000
320500000 320500000
607500000 607500000
666000000 666000000
419000000 419000000
811500000 811500000
631500000 631500000
689500000 689500000
243500000 243500000
585500000 585500000
34708315 35287750
363200783 364089582
67680499 68638109
245155300 245929294
210587227 211196956
478719411 479597924
671885777 672624140
231567322 232338062
759433189 760252516
760410022 761370818
940805153 941716417
96477782 97273631
817628920 818508893
750728471 751443847
455146449 456086001
373158661 374033155
772237056 772753832
799632175 800507604
844547020 845282712
53663378 54513386
710431338 711119074
587906588 588694658
16260607 17001429
480731305 481437898
16925346 17907632
872274185 873175090
342258518 343233529
650609656 651573976
192331794 192858431
935142948 936093021
740662203 741247955
31314472 31955861
155722280 156539035
329551509 330267157
567713309 568523547
307477479 308031904
136957775 137724657
623655564 624227471
289206373 290088837
682873057 683857153
200113396 200654135
703615283 704401081
3848066 4712541
699006913 699658229
914747266 915652498
665499831 666368654
114460509 115058836
905926195 906917676
805681766 806276211
339138114 339777542
925278948 925914574
312459491 313393591
245334028 246083527
33559350 34480745
91962370 92900066
278154111 278919103
51634119 52221872
835306276 835933146
808432548 809215246
889675953 890254238
713707594 714234740
656873426 657776551
667507125 668019582
558172708 558878624
585181883 585938987
603958583 604465481
921218338 921873360
985018503 985838042
106635166 107411852
650978177 651875914
710024150 710574910
317119364 318026090
701193310 702050206
237672924 238566237
954614462 955168811
260075975 260586628
2399593 3367996
13823603 14665801
732474821 733349362
307067133 307806212
41512488 42333990
362774131 363322161
96212951 96947801
557372881 558283969
402352392 402951452
999024134 999575064
744598242 745333981
239930352 240501390
40581549 41108963
565330010 566145560
251543502 252219060
531922436 532559536
804491742 805459688
525133724 525978821
252845707 253532699
934882748 935615268
258867116 259779266
464991477 465940290
675266052 676018793
20266205 20891640
203495241 204211586
912900243 913756244
407602211 408259735
23521218 24310735
199065126 199604912
788636064 789138434
118916567 119506515
742609001 743125144
311912619 312547185
221720139 222388410
782452489 783122837
539505507 540113362
710957638 711786203
149273534 150179983
51739303 52467913
603909467 604865487
191620450 192227162
839343653 839966918
447627932 448165037
181565949 182441571
67824492 68756379
414689453 415221933
365981653 366896026
466465781 467248829
548429007 549343127
892300674 893043895
117391933 118284492
976852208 977563975
334493943 335221967
264961486 265535645
450603201 451262241
226686361 227354173
511381073 512357872
688122303 689048355
2720077 3531894
691129758 691697603
925121097 926113571
561266817 561847021
265017546 265696182
888337319 888854296
853453129 854075429
567758911 568618074
885173033 885866144
344907109 345559241
750540480 751167778
50849318 51531234
338895699 339459645
267509632 268089742
770690327 771408917
905940576 906884187
895376179 896339155
992275877 993096901
365684156 366203901
735597596 736289076
698850231 699556733
508746370 509306477
29526299 30382984
37553366 38162984
881827020 882522167
499619776 500198807
895905438 896545993
356212676 357042201
867943770 868850914
569079309 569602728
40524980 41475745
328857352 329639387
116190033 116911037
62365516 62890883
815786183 816447271
981716606 982322774
939791259 940460409
512701314 513225683
637187907 638055340
330640463 331196711
587641381 588465718
612519683 613076949
244136853 244833457
419845545 420439008
504719834 505395613
437290050 438248460
76085289 76890274
477318840 478244626
561204390 562011285
339984106 340793959
943799913 944428430
806787751 807385513
797088631 797663458
474302890 475141010
405302979 406163704
237632418 238283618
20554174 21497670
392236588 393180416
953202851 954091817
17347286 18094964
400583632 401396653
788583708 789559621
22696682 23205217
187482222 188418292
294885938 295445619
951027239 952026394
29475025 30304768
254845846 255665786
616697416 617259361
504817657 505584442
820734617 821245500
936254076 936884351
510604285 511342905
84074557 84605631
349298887 349912572
534897225 535777992
96249405 96934694
928789406 929684630
339132054 339944084
979662635 980199659
65859318 66744155
187614667 188261080
812338546 813108415
980472909 981138054
207800081 208645744
178542959 179542003
685991367 686962043
994161628 995008947
77649532 78222057
470241332 471091469
590393090 590943550
674352900 674867781
743011361 743681579
700639943 701393701
319086479 319975816
616275439 617163598
85943791 86772095
174131414 175121533
573865176 574721785
880318411 881312375
990126288 990657908
680257803 680818450
414227276 415129577
589624003 590553531
201033905 201578928
722397459 722982228
76258901 76909431
748250117 748761178
807874685 808662407
483706264 484511541
569964639 570781566
617734074 618589057
30054944 30959107
350640712 351593052
55208663 55750313
535288080 535954153
625407623 626242601
510616014 511495966
955401768 956393062
437682738 438413482
824141214 825104954
549074392 549807726
964929982 965501152
532155469 532786605
368522831 369057214
120655631 121296243
162644998 163348133
893839244 894663808
110044809 110561791
694076705 694967224
609063531 609589329
63602312 64111604
533406517 534333429
854429370 855379309
575283546 575890311
716672296 717191836
279775297 280617601
195576197 196229923
582569023 583213689
338571996 339568465
39313560 40178142
65859224 66852099
852458884 853116085
817586278 818346990
861735 1368438
644502625 645067329
903704215 904399421
897286382 898028305
523239898 524022803
212286155 213017887
223733732 224667980
68847361 69769565
658705308 659529812
444176151 445053227
13402326 13930622
17318375 17894171
971573849 972153961
12300792 13014014
636641241 637395933
298808645 299553930
988001277 988986078
178852616 179379742
144341595 145125038
81804680 82736141
940961142 941676649
842739972 843316913
314070212 314945832
596033959 596620536
293767853 294615984
466469266 466990868
878428805 879102101
731817680 732568486
558599824 559288593
340390239 341218097
196781573 197386418
857854252 858608466
598993674 599893496
884673558 885352764
220541108 221076399
271295465 272265815
522043656 522809393
172702820 173583975
722379516 723256256
16073011 16593011
202055798 202612769
45347253 45998454
41300051 41852508
333072948 333628719
26235379 27010472
42299463 43173660
751274761 751830433
257171226 257833672
119367246 120089115
591383179 592228797
337415333 337947937
436084497 437031229
686151570 686930482
460728298 461398419
788139403 788685795
580020292 580825073
863823861 864626495
276807996 277398998
48689730 49665373
132913119 133492406
839160420 839931461
273136428 274068288
834259427 835170629
17107471 17780939
297746634 298471981
886561127 887314770
237046061 237619638
83368447 83893942
168791059 169521573
207371928 207885499
387665777 388256536
855564765 856263042
74939436 75787295
18721899 19419894
909779993 910369777
980777681 981653956
77252608 78046530
25641870 26374921
590454164 591039140
47529228 48312183
272274812 273036222
673399722 674127675
198385996 198931269
330858422 331446295
389691787 390276601
597478253 598099994
8374834 9026230
21715044 22487499
463173657 463879928
515774594 516539131
100624419 101427468
42536869 43453247
427967507 428558713
678512534 679175135
701350172 702263968
795075343 795649010
791609189 792267066
465704019 466427406
37840803 38521157
685783859 686756756
84294393 85199644
131668329 132199920
377275712 378156779
717584547 718227844
898135742 898962615
402788480 403643007
778051654 778834670
91073675 91698940
895082910 895807922
1497324 2189715
238022523 238561281
22193945 23040435
993794437 994332781
240375396 241212460
884871246 885704363
118503286 119304761
672328543 673310495
69188790 69849057
57412574 58094224
123726800 124695753
786371353 786953271
998809444 999602537
268388221 269141586
589025619 589572262
20321404 21198681
298315419 299131277
955671474 956349185
322974762 323767554
553877211 554488894
511186141 511916866
557243698 558045455
283500417 284433700
889234875 889939091
834839764 835450029
775019629 775551400
29007770 29862831
71198764 72139821
938692655 939662645
729438413 729983928
163723105 164384476
878570775 879127476
561260441 561970456
851597503 852167559
533509442 534309079
757287529 757928615
181394108 182090389
333296045 333996938
151232083 151993758
7357711 8068167
615544901 616179792
19739940 20507714
388004033 388746591
306614517 307304874
467742177 468386988
561205043 562141605
201279926 201891384
13242630 13786154
21727292 22509411
607390114 608051313
26793313 27591387
205297454 206079464
838480642 839234743
29463372 30271448
302505708 303217572
57677621 58414095
59519742 60454687
591162613 591737802
66543039 67214587
362293366 362865279
368132988 369047211
847848880 848596457
477295443 478226622
648462956 649178337
669866888 670381278
367669598 368653230
860045191 860720357
183402538 184114003
311994543 312788939
774954344 775887058
781421644 781935008
89235100 89874811
127742363 128364723
978388540 979309973
18798540 19762559
718457261 719142795
885300219 885838035
63956404 64896547
230563638 231446906
177560649 178499338
737864826 738840935
814058224 815053101
258842292 259411161
366583902 367373941
189384387 190178811
387918504 388596718
21401970 22384753
134483669 135432734
618376578 619143445
983224026 983845316
109343133 110316945
244748188 245728412
654000739 654971622
143449841 144111033
310425696 311306970
825473438 826304197
68388371 69070635
18356676 19213359
280403432 281062771
966628040 967171066
447617085 448206290
146402175 147028603
213965152 214554463
465031172 465747932
494270350 495230098
19444645 20066172
441999605 442534637
495162689 495925386
993345969 994079309
783923123 784676476
30181195 31076036
60269730 61234651
114750291 115485191
585842585 586793321
297691172 298536026
584807017 585584617
526755871 527684314
866196205 867185577
866209557 866760810
889994540 890771447
403364546 404254231
961403418 962259299
658264275 659005478
339309982 340291940
538060007 538928443
847535244 848398805
15392394 16176496
956639915 957457025
719683387 720473771
737546417 738073156
220604517 221356673
506583617 507307802
403702120 404218204
678835186 679803031
948526481 949397049
681718089 682594611
456860189 457682293
150442685 151441359
936340537 937015168
257510321 258487810
607287043 607976223
881576061 882203598
802275722 802847838
58225764 59153652
115307721 116149873
6684575 7671603
495749550 496354932
406971727 407477198
592293656 592961026
400077198 400883829
42587210 43352769
723093342 723922407
229021855 229760631
609609398 610279302
917593637 918567363
193016444 193540598
909460231 910318003
896562820 897429173
19062461 19909034
589000085 589674973
291806974 292494916
685426532 686399231
33859948 34760153
497757845 498414939
70083637 70735419
308809408 309429756
116355294 116984873
286366314 287073724
904726855 905306122
604606727 605117852
780292505 780980531
626148605 627011740
616305649 616939452
366109090 366650681
975617629 976260280
16937483 17808601
554977498 555917642
234169088 234696548
131554133 132545963
453824786 454452387
201470893 202222685
147113610 148027714
900484015 901480462
254494060 255046635
984530710 985062969
11685039 12206649
165867924 166811747
426581558 427383617
509932739 510807003
374441176 375415502
450113074 450661114
343267930 344162137
747617629 748155497
945048947 945581034
922395059 923303756
487057350 487846144
112795794 113401606
193876971 194439809
217148230 217961160
973431654 974401859
579568910 580551039
317740205 318257260
326265109 327242026
74537253 75098715
835842171 836453361
395139876 395940153
827881548 828500115
258802672 259511553
175523720 176149993
278462909 279220753
631059737 631641588
272371122 272884499
243502558 244455803
191148515 191699527
794606245 795350162
104943447 105825809
337880619 338411990
325248002 326224086
902882078 903687068
587043020 587979874
228692507 229394076
438722440 439714679
810780591 811669097
840222972 841089886
828846681 829796362
526547678 527231484
241188996 241880447
21618132 22172335
570459793 571273344
417848178 418427604
529540299 530266132
142468159 143014569
370568560 371241530
447428015 448228589
1039033 1864900
296968234 297682536
7660705 8631236
53318146 54092034
711313241 712226924
554599551 555508418
939804880 940327055
223409110 223957581
199290616 199959157
483390253 483967323
533796267 534417187
616090520 616885081
2757816 3593424
895188253 895714040
251962844 252623984
560465075 561108368
259754692 260311921
221438526 222367519
954888974 955631269
99671699 100343132
305111625 305665856
553161082 553711433
351032816 352000174
587507622 588305769
415329138 416077608
795830461 796665290
110413356 111373707
65465135 66167561
332068204 332870960
561640692 562425457
93198958 93753356
3836941 4710291
7797505 8499617
840610313 841172096
94619747 95168646
274812732 275721286
978355072 978981374
376720107 377638222
515843254 516568502
152949067 153620398
262201587 262748354
633887107 634880386
887792404 888384295
432139177 432914541
25232745 25797356
24815296 25614118
542283304 542966104
801244863 802040092
736247942 736927836
24785562 25380008
356478878 357052067
514742780 515559449
359126527 359997605
102796243 103599848
203227171 204200031
138128329 138949573
723483259 724075132
209379457 209977815
695514978 696062100
70947220 71782121
51820237 52789874
704343428 705289476
636609545 637279940
144617416 145450648
699157554 700002882
178693830 179613710
912192449 912941351
293173714 293781051
907478212 908322597
345943858 346517101
866497335 867375106
150893085 151770856
98427658 99242491
270899382 271596302
47287833 47829040
796912149 797765523
991521329 992497144
261989439 262724127
24889947 25563045
57688616 58306316
537255012 537993532
394920374 395581601
396451786 397048645
694266303 694999007
251493072 252192520
109940744 110850619
200935667 201738924
335994696 336683619
444220833 445116638
31025212 31751510
68406929 69285100
741503022 742132910
890682369 891234705
117515760 118460291
742564415 743520750
953612510 954304396
428776477 429751023
5707357 6463633
128401082 129353579
117892292 118448338
851059491 851725726
9242966 10064259
733563989 734360159
301215306 301720619
60181822 60861472
15108294 16036423
49428489 49974105
720510686 721235427
255595927 256578966
80072089 80721447
439593108 440508801
561188587 561962678
15087198 15941034
28082108 28898159
890182546 890746740
722019806 722983780
334424253 335289456
121533978 122317412
159664222 160525381
191273507 191827734
4234593 4906977
658306720 658960286
42763299 43598753
13519669 14184261
203940342 204470548
495679032 496601077
226471185 227199826
367279952 367980610
548165158 548929066
942364882 943317362
779845968 780809959
906487825 907080032
87733919 88499914
62041168 62910795
6977406 7762157
687726036 688345079
499873676 500559781
487358897 488035912
486825206 487800167
286810627 287439316
242912283 243531334
99744464 100494657
751205045 751844093
248136972 249119951
595764852 596356228
544455838 545123817
579500790 580183803
681879131 682727135
960296903 960818739
758388231 759106061
968496741 969220053
861582426 862130198
606400574 607029097
787793145 788554814
434185391 435181112
968846456 969643642
416612102 417156725
312096349 312921978
52252414 53250941
616913694 617903858
336024139 336770322
388318753 389294930
534549378 535181951
595450811 596231713
43423543 44112096
901283633 901871265
426114660 426959081
320690360 321367571
696072695 696841360
160914296 161716957
324038864 324684525
653527939 654377269
232138169 232935841
941818850 942790967
700849522 701617718
276151433 277026412
484148390 484720259
417271900 417923833
353457654 354008363
657785650 658649344
333938669 334673555
493733841 494502549
295521033 296259942
283379181 284060408
678756280 679292946
965861421 966619392
133418070 134114112
693418535 694404458
807299891 807940367
187514462 188506364
884934794 885668928
712713289 713252591
144631946 145598206
37926478 38428443
281693520 282281928
342398913 343272388
71320157 72102352
150260457 151182805
956221270 957121482
357562106 358372540
1877909 2665643
730197530 731046122
375996997 376924556
830698337 831356990
575552116 576083135
5816528 6545926
103999690 104564059
729140576 730069569
32581876 33203052
267342582 268024766
27624594 28141070
733582438 734105149
955144495 956062665
23028677 23932435
103595592 104406148
687924957 688891214
499231565 500074963
739450943 740202477
29354025 29932728
270479921 271048247
654605948 655130623
742712890 743341116
616630577 617175555
738554576 739207410
326234343 326799856
512033109 512684134
910427834 911348199
231175203 232122329
300195770 300840991
502623356 503464817
264567522 265073969
882348183 883313028
693528354 694456152
668537242 669071535
458139989 459070159
902263194 903222916
551723594 552542692
59935131 60892091
923448511 924020059
617238421 617927875
667085663 668011221
715349100 716108289
491085514 491709808
993178102 993873450
29586161 30397526
816791800 817763516
208193571 209143037
11743016 12516172
420137726 420719216
729308460 730290949
788344952 789065402
857549976 858192224
310874336 311844000
450954739 451929475
61879923 62648056
778346162 778961031
159564638 160120702
283868986 284747913
88774592 89500430
345721057 346429369
232159141 233143687
431700971 432361914
313979148 314567308
905149841 905693345
125698529 126247789
596712949 597409332
385875458 386638466
952131118 952797016
512996669 513637929
651212353 651922802
827349326 828314111
24386341 25054370
592520166 593070717
234652862 235612104
485670045 486479583
446739426 447632700
907140870 908034696
498546774 499280135
424722587 425313601
486127311 486642601
793786059 794418050
482504437 483357425
301309171 301833061
391151963 391785135
128350817 129240079
7369074 8009564
109832274 110552295
915931120 916921610
71417262 72322409
48501974 49048499
853366882 854013991
769879546 770439642
145030317 146016744
558141751 558936818
919962065 920575554
509875686 510640674
723653820 724273176
61729580 62630432
49214293 50010207
64966801 65821187
811649867 812354283
252944069 253793015
704753275 705715473
108103697 109099035
161229448 162106657
519709676 520645966
900429326 901317958
251851305 252565642
942554012 943252332
688071056 688880932
568688558 569240183
47470035 48098521
898778804 899611688
619818393 620562931
456784650 457622867
28805242 29476958
459412222 460228460
883363064 883870059
575895244 576405401
161476234 162300363
190359203 191190995
203846550 204761153
872194208 872987906
513817455 514624690
391087825 391738694
429081694 430053538
824214835 824841251
854143383 854837762
692189108 693132405
758010174 758973841
113856559 114701871
248439404 249062438
726285431 727240583
559618851 560415878
371199044 371991300
952364633 953287354
799233862 800085977
43782646 44733760
477192985 477891633
492422350 492973605
413649229 414527574
932402341 933245430
455499102 456200240
927163442 927787855
13718201 14316186
688156955 688761134
70919181 71593822
928193013 928722883
582660790 583630412
701539397 702288245
201865698 202374081
746340992 747175357
18769775 19671310
519772685 520571811
35388037 36304528
735119681 736027661
248966672 249489431
665169250 665807563
915919664 916916447
948086948 948963060
383713990 384681659
85174318 85973423
618659249 619440291
736438804 737401668
609280189 610239193
44499805 45479116
715836072 716574686
493528574 494250745
711426592 712207074
501393116 502212800
105110466 105752658
178586573 179479845
746381339 747141098
778611094 779444549
974401962 975051030
62581694 63530895
638333659 639207540
234623352 235250506
883420172 884181803
