200
245000000 245000000
585000000 585000000
610000000 610000000
540000000 540000000
880000000 880000000
495000000 495000000
525000000 525000000
990000000 990000000
765000000 765000000
385000000 385000000
505000000 505000000
825000000 825000000
530000000 530000000
35000000 35000000
360000000 360000000
870000000 870000000
270000000 270000000
600000000 600000000
910000000 910000000
50000000 50000000
780000000 780000000
300000000 300000000
590000000 590000000
650000000 650000000
605000000 605000000
885000000 885000000
330000000 330000000
60000000 60000000
345000000 345000000
710000000 710000000
455000000 455000000
40000000 40000000
115000000 115000000
145000000 145000000
640000000 640000000
820000000 820000000
860000000 860000000
65000000 65000000
595000000 595000000
925000000 925000000
310000000 310000000
285000000 285000000
165000000 165000000
210000000 210000000
400000000 400000000
500000000 500000000
905000000 905000000
660000000 660000000
845000000 845000000
365000000 365000000
730000000 730000000
440000000 440000000
80000000 80000000
90000000 90000000
15000000 15000000
900000000 900000000
395000000 395000000
135000000 135000000
110000000 110000000
390000000 390000000
340000000 340000000
705000000 705000000
105000000 105000000
355000000 355000000
945000000 945000000
230000000 230000000
150000000 150000000
630000000 630000000
690000000 690000000
725000000 725000000
235000000 235000000
240000000 240000000
930000000 930000000
570000000 570000000
420000000 420000000
155000000 155000000
200000000 200000000
545000000 545000000
445000000 445000000
5000000 5000000
940000000 940000000
810000000 810000000
920000000 920000000
170000000 170000000
740000000 740000000
10000000 10000000
480000000 480000000
325000000 325000000
805000000 805000000
715000000 715000000
695000000 695000000
20000000 20000000
375000000 375000000
515000000 515000000
675000000 675000000
175000000 175000000
475000000 475000000
350000000 350000000
460000000 460000000
950000000 950000000
565325316 571148309
49823052 54988654
169935142 179307518
377869203 386913926
670265598 678425520
481197268 487994944
13484270 22428547
526023825 531086048
167192376 172760335
480113316 487798593
13965519 23288533
407380245 415765590
723859820 730843893
438467097 446695002
324988082 333076165
338685464 344807269
747021146 752231856
820869547 828149137
758030674 765327227
160592792 169634699
885175227 893677253
72325848 80591394
499785444 506671781
445605009 451188257
941870155 949151345
121113116 129397503
726251682 734537777
484955903 494716784
9511368 19177794
70825714 80324268
359068874 367018447
570196957 578377278
898857963 905886189
629216216 635493808
494455961 501877263
62502526 71380948
609449330 614828302
26763606 32061029
242773065 249347501
335257564 342367521
127482906 135000730
197998270 205584379
83850006 92790187
365326324 374679460
265146525 274598826
189870263 198590899
927150910 935607982
336575598 344283120
720946872 730580047
874463919 880107223
34176826 42849914
39267652 46874441
214172966 222623657
109620769 117004357
403449737 412879923
75412507 81470660
913769892 923295787
310163339 320123331
991936293 996973687
520325877 526135999
62107531 67638312
73596235 81059375
320165643 328374843
780760776 787667533
450302655 458819588
350766386 356497609
239304823 246220330
5211369 11197867
607498708 615357156
23142758 30286276
614694820 623341718
838241363 843890272
584955881 591991457
593906563 601877670
533597135 539440308
884950784 893375819
339262905 348389296
285890306 292769555
586878772 594488621
361337327 370095758
860745473 869008231
536566367 542817034
855861007 864616650
81177882 90539112
13093501 20064513
764129047 772036450
52101382 57747569
516324222 523523948
183296489 192817012
648786342 654808111
623396884 629830450
857293591 863237780
900078080 905731917
267026823 273245393
18188985 25864308
221277408 227968925
41806463 51234024
226083128 236056946
763401409 772167345
16025790 24614567
