200
125000000 125000000
765000000 765000000
215000000 215000000
70000000 70000000
685000000 685000000
55000000 55000000
960000000 960000000
455000000 455000000
545000000 545000000
550000000 550000000
450000000 450000000
895000000 895000000
490000000 490000000
225000000 225000000
950000000 950000000
410000000 410000000
155000000 155000000
930000000 930000000
340000000 340000000
115000000 115000000
160000000 160000000
460000000 460000000
725000000 725000000
315000000 315000000
835000000 835000000
670000000 670000000
95000000 95000000
40000000 40000000
275000000 275000000
560000000 560000000
795000000 795000000
710000000 710000000
485000000 485000000
515000000 515000000
780000000 780000000
830000000 830000000
175000000 175000000
645000000 645000000
500000000 500000000
875000000 875000000
595000000 595000000
430000000 430000000
265000000 265000000
845000000 845000000
45000000 45000000
135000000 135000000
555000000 555000000
365000000 365000000
235000000 235000000
535000000 535000000
925000000 925000000
770000000 770000000
825000000 825000000
325000000 325000000
665000000 665000000
650000000 650000000
955000000 955000000
80000000 80000000
530000000 530000000
35000000 35000000
965000000 965000000
205000000 205000000
815000000 815000000
640000000 640000000
150000000 150000000
590000000 590000000
260000000 260000000
220000000 220000000
870000000 870000000
620000000 620000000
750000000 750000000
935000000 935000000
85000000 85000000
880000000 880000000
245000000 245000000
295000000 295000000
855000000 855000000
65000000 65000000
145000000 145000000
50000000 50000000
480000000 480000000
975000000 975000000
910000000 910000000
840000000 840000000
985000000 985000000
105000000 105000000
495000000 495000000
580000000 580000000
110000000 110000000
360000000 360000000
185000000 185000000
180000000 180000000
75000000 75000000
850000000 850000000
720000000 720000000
630000000 630000000
520000000 520000000
865000000 865000000
600000000 600000000
860000000 860000000
596980161 606236318
748846465 756061447
275325482 280674275
5728531 15235297
887322213 896447186
517985616 523808106
74483788 79731556
4675800 10473752
668687304 674975690
9585800 15717621
765423555 772482253
499963514 505626451
605329718 611561064
542607927 548548012
37447331 45757764
270626488 276323068
17327712 23562693
837696615 846295262
617930144 625448482
210971422 217454501
373423204 380363438
909510694 918432093
601085318 610947723
697306168 702495580
319050682 325984499
590082430 595794313
482203169 490659950
111593875 120616259
916481612 921591507
200217469 206696194
607825468 615861642
881201593 886277503
273559141 281658841
146726957 156427559
772715429 779674123
486296118 491506413
576916817 583162163
519528604 528205895
891454247 900290064
720916376 729397414
173443931 180664644
689566932 697037656
595247246 602101051
847787369 853412261
683579344 693462620
59785271 66631307
977262245 984920563
417007159 425279308
156354813 166274277
481463250 488458537
968275770 974312048
16317306 21904744
182852653 189097098
214286769 220019928
155654935 161873889
471950838 481658473
124990891 134517195
234615176 240769524
527843849 533214816
17997055 24384262
15881746 24204640
21674965 29152068
703279837 711553595
616566581 625613247
820973509 830930866
963273302 970810888
896334685 902511306
435706402 441250828
560700407 570234206
322965092 328150207
367128661 372415176
883593811 889659784
603588009 611588335
762448540 772283099
240086420 245345081
837059412 843442903
305198119 311428369
681543177 688348315
954013155 963220834
534048690 540756395
818329019 825385926
176621240 183197554
785486607 792683194
97177847 107027061
395509681 402052850
637938103 645548716
814896612 823563836
204707760 211265853
428551767 437182317
52224782 59453923
229070382 234999626
614361961 619535754
751142136 757584424
115883467 121115925
213242552 218508364
834267822 843026068
309915104 316880319
463936507 470168396
327422288 334300688
794061579 803074819
