2000
7981 8542
8883 9713
10458 11322
23489 24330
22550 23342
23330 24180
24311 24877
11298 11914
3059 3868
16477 17320
17089 17811
6231 6855
10062 10792
8222 8974
25607 26235
20615 21459
19169 19764
25178 25854
13314 14234
26114 26855
1128 1809
882 1457
5726 6379
23873 24431
24050 24816
18032 18724
21601 22284
22130 22787
21616 22148
28159 29016
24192 24822
26610 27399
1828 2821
11265 12141
18893 19642
26062 26664
12166 13077
26856 27500
5569 6419
1472 2410
29066 29655
26996 27557
27532 28520
15176 16017
13235 14033
26081 27075
361 960
28664 29372
24658 25231
13438 13993
28967 29793
19845 20517
11833 12722
7003 7853
11921 12734
5688 6603
22013 22942
21717 22223
530 1231
24585 25384
13250 14070
9244 10155
25576 26374
6154 6792
20614 21609
10020 10665
10892 11785
10501 11351
27738 28359
20719 21235
7569 8378
1060 1599
1573 2500
25381 26024
14514 15429
8891 9537
25532 26282
2181 2867
27710 28285
27046 27782
14722 15499
28602 29428
28110 29085
13093 14052
3337 4072
9801 10434
19531 20102
28592 29156
6960 7614
11860 12366
218 1135
876 1710
6253 7212
23484 24128
29225 29872
11132 11651
25858 26564
26761 27719
19168 19715
21902 22883
22042 22829
21696 22248
18599 19595
5476 6421
27190 27819
17175 18063
8956 9627
4463 5411
17178 17701
10711 11606
23685 24245
2957 3746
11646 12419
26303 27091
25220 26093
20339 20901
5983 6617
26780 27321
23064 24048
6923 7840
21052 21579
15208 16173
27654 28632
1498 2138
11678 12213
9644 10425
18545 19426
18740 19601
14347 15235
18858 19488
23335 23993
11935 12542
12398 13045
2321 2871
13234 13992
19152 19996
8970 9934
21603 22110
87 1002
5244 6071
13213 13716
438 1426
29196 29900
12041 12760
27803 28450
20375 21008
19817 20685
2292 2854
20642 21560
848 1521
9838 10359
25393 25964
1162 1854
923 1646
15287 15847
19504 20056
27957 28727
19805 20539
25466 26384
15094 15868
17268 17775
1152 1835
18232 18836
4218 4827
24317 24882
24325 25282
8313 8884
84 749
5307 6053
6094 6594
27216 28209
27837 28348
1343 1877
10548 11282
5403 6255
27532 28043
20507 21220
11124 11653
3389 4123
5696 6439
626 1153
282 925
14479 15216
27842 28406
11250 12057
2502 3452
15651 16163
13394 13970
5565 6184
26680 27185
6314 7007
12394 13236
11804 12427
24316 25202
11726 12662
3753 4698
23370 23996
7079 7817
1327 2314
9320 10233
26682 27465
24480 25091
22768 23523
21583 22195
13780 14557
6745 7399
28198 29083
5823 6718
22033 22665
6556 7279
9851 10650
22802 23684
21648 22601
24881 25759
25239 26016
9537 10515
1191 1822
28671 29488
22915 23707
9152 10070
28174 28972
16255 16763
14629 15204
83 796
682 1556
11041 11798
14896 15399
11742 12535
18792 19564
521 1459
9845 10825
1000 1999
21359 21950
13199 13730
23631 24135
13339 14100
8650 9640
4005 4977
10105 10833
18793 19723
1935 2831
5528 6284
4335 5173
16984 17601
4392 4919
9809 10472
21239 22164
27012 27550
26872 27584
28919 29785
5442 6283
27551 28240
3419 4112
18419 19056
15951 16865
6034 6612
28548 29397
18837 19377
20752 21532
14870 15557
4849 5789
11792 12443
17752 18630
23606 24330
24293 25250
27731 28292
4831 5594
11107 12021
7870 8607
10310 11156
23096 23652
27607 28201
2889 3649
17251 18101
20295 21117
28414 29012
18505 19246
8095 8741
13502 14221
24853 25490
8277 9008
18134 18902
6924 7590
29256 29844
13826 14345
15741 16356
9570 10435
11331 12145
5516 6501
19003 19507
20333 20852
16021 16828
24435 25249
20217 21116
28300 29275
7276 8200
5428 6047
18786 19696
17090 18073
11163 12087
25888 26475
19368 20324
387 1331
7141 7785
6262 6832
7908 8884
8292 8875
22750 23562
13124 13658
1865 2740
1897 2621
23884 24479
27711 28463
4600 5143
7465 8455
10277 11002
12941 13454
17597 18154
8348 8847
3846 4526
18961 19908
5128 5701
15731 16725
20469 21358
12965 13722
20177 20848
22140 22845
1727 2479
22530 23397
20668 21171
25436 26001
2810 3788
6551 7425
12914 13878
21503 22441
19415 20232
23208 23994
25657 26553
11703 12521
16510 17495
347 1012
9432 10042
14836 15739
13652 14379
6690 7503
16299 16829
9685 10546
18546 19481
28344 28882
17213 17775
22326 23196
12298 13074
22865 23460
366 1249
418 1249
21731 22340
27843 28754
3409 4176
26359 27221
11635 12404
25135 25667
7013 7751
19183 20118
6421 7002
19076 19661
7537 8329
26571 27568
18082 18996
2712 3483
11761 12320
17715 18366
3695 4424
27422 28101
28142 28772
25700 26313
7809 8645
9239 10016
5752 6356
25717 26398
785 1304
5644 6401
3532 4074
8791 9442
25252 26245
5511 6405
8690 9499
27896 28826
9238 10041
17891 18754
28935 29586
20661 21309
20045 21023
9388 10271
25198 25722
1464 2231
7424 8088
4395 5230
7087 7945
24373 25061
26858 27426
15383 16368
22497 23005
16851 17710
6363 7211
7875 8856
8124 8696
15478 16205
9318 10246
10348 11155
25565 26244
20364 21143
20244 21007
9190 9724
15644 16568
26311 27080
19642 20273
5188 6093
8276 8944
28668 29286
8096 9071
3146 4072
357 1129
12912 13779
2971 3631
28964 29749
28960 29547
19511 20018
17973 18704
19270 20028
17356 18313
9825 10592
25168 26105
11250 12022
9548 10310
10146 11039
19602 20226
2343 2927
21423 22158
10222 10995
23858 24770
21874 22841
21823 22503
4291 5218
7322 8119
19283 20187
24941 25712
19170 20167
20857 21607
17604 18271
18155 19011
25046 25812
4966 5722
14814 15422
228 1198
5265 5853
16465 17118
13746 14741
14830 15651
29286 29802
3694 4589
5039 5687
21685 22392
456 1240
20173 21025
14934 15748
27370 28365
23635 24239
10605 11219
7195 7878
6419 7026
4596 5342
4353 5070
12519 13237
4666 5387
1888 2487
3915 4542
9403 10261
15033 15689
12976 13890
5074 5780
9242 9910
5528 6067
11241 11771
20182 20987
2072 2925
6576 7137
4760 5275
7306 7861
12207 13084
22941 23860
1807 2468
1012 1767
18706 19692
28747 29376
16218 16729
28565 29107
13331 14084
20262 20803
7456 8144
13208 14107
27569 28478
19416 20031
13033 14010
21824 22450
3620 4342
27284 27857
11984 12983
14090 15050
11484 12414
28538 29258
28070 29037
2476 3407
21130 22001
18916 19679
19845 20528
26578 27455
23179 23978
25361 25909
23870 24544
25226 26206
24905 25476
24876 25400
4264 5085
4222 5021
8823 9436
21655 22646
26533 27034
17809 18727
1084 2057
2460 3290
28933 29909
3675 4360
24458 24986
16696 17571
22860 23500
17456 18304
28357 29055
10071 10877
29045 29995
7136 7840
253 1239
16055 16791
28382 29290
3947 4875
7237 8227
22726 23274
10686 11260
12793 13349
17706 18635
12441 13363
6754 7318
5429 6359
21279 22244
12733 13565
7165 7884
23400 24183
27959 28780
25278 26217
24593 25098
10193 10953
7961 8576
24521 25243
7137 8077
1980 2585
26946 27651
19761 20464
21263 22147
3305 3915
1600 2177
19168 19932
28059 28839
9602 10566
5685 6574
15793 16564
5783 6591
8406 9012
4356 4989
9772 10709
9824 10578
23070 23916
5379 6186
5023 6022
18452 19241
19871 20784
10383 11379
18239 19178
7893 8628
6000 6884
15054 15920
23970 24559
8829 9424
26617 27415
9000 9716
8278 9145
3001 3508
5640 6583
4580 5276
23167 23739
5285 6170
10928 11450
16207 16756
23552 24241
18253 19188
4569 5341
18191 18991
21494 22136
8440 8966
14542 15142
7901 8620
23159 23960
6463 7064
8922 9502
13805 14754
14710 15511
25442 26434
14578 15213
20806 21430
20141 21024
5579 6391
4044 4681
17425 18016
13144 14056
19434 20285
26708 27224
2854 3842
1292 1948
1325 1900
9387 10014
14152 15124
28532 29257
9650 10643
12874 13764
4932 5758
23868 24671
13371 14088
22179 22687
12234 13116
11945 12815
18012 18519
12976 13965
23669 24601
9436 10416
22057 22618
7274 7836
3972 4838
2968 3688
2514 3219
12757 13485
10652 11269
1661 2499
27011 27542
26998 27720
19498 20254
21789 22642
11587 12381
20575 21546
11218 12164
12375 13362
15634 16233
2693 3355
21039 21607
8976 9731
12389 12973
4822 5740
8701 9625
2358 3254
8302 9055
13309 14095
14178 14956
12609 13161
8458 9058
12974 13752
21945 22481
12974 13544
17466 18055
13743 14648
20298 21295
20961 21462
17802 18352
11423 12101
5599 6536
9058 9680
11787 12531
149 1100
15672 16598
21426 21953
22796 23474
1356 1896
23218 23894
1778 2579
11381 11905
180 1139
17384 18050
16040 16821
1720 2403
17496 18089
22934 23765
9673 10266
14825 15420
6387 7015
1678 2548
21161 21763
14728 15538
23836 24637
28381 29251
15985 16653
27599 28182
1674 2382
16745 17547
5849 6463
15711 16238
10192 10702
12689 13508
8020 9000
8628 9146
14939 15914
22082 23046
10207 10815
17677 18578
25613 26121
18295 19212
14101 14969
9026 9831
3052 3649
10846 11360
28220 28745
9167 9833
25911 26778
5830 6434
8801 9561
25892 26629
7184 7927
2817 3713
2496 3239
12014 12575
18204 19066
27112 27733
25411 26225
8321 9164
22069 22727
24661 25210
17280 18061
10263 11205
26452 27086
8357 9208
560 1438
10419 11305
23109 23858
5546 6174
458 1372
13125 13639
15834 16669
21898 22854
7712 8268
5434 6372
16070 16704
16851 17742
10316 10868
12711 13595
4614 5537
4168 4680
1344 2309
967 1677
28683 29427
3580 4301
21355 22097
25092 26018
20826 21493
22225 22852
16635 17614
17198 18167
670 1580
9937 10731
24245 24959
4983 5495
5743 6575
2236 3035
27490 28253
10630 11251
16506 17017
4697 5555
16530 17494
26723 27366
21965 22586
2030 2560
29154 29865
13505 14031
8445 9298
12653 13570
5214 6024
21303 22036
8445 9138
982 1947
20398 21377
14572 15137
8181 8910
9789 10497
7371 8042
13646 14300
15725 16631
2303 3254
5231 6039
23150 23940
17045 17990
27812 28567
2643 3356
9406 10123
15653 16409
16398 17397
23613 24516
19833 20732
1565 2427
1921 2768
16688 17362
4346 5334
165 1017
17728 18309
1638 2210
27748 28519
19386 20144
20383 21081
16436 17327
15552 16172
18940 19697
1387 2165
18521 19063
25438 26437
21100 21911
14383 15202
395 990
15960 16588
16680 17407
12724 13278
7700 8493
6608 7409
12977 13546
15175 15743
26355 26873
28048 28557
23998 24668
25224 25739
1541 2082
8182 9125
11020 11732
2621 3550
5479 6320
13429 14303
24578 25111
4739 5655
23846 24788
3720 4440
13835 14614
14744 15496
20617 21157
14308 15051
3226 3974
19502 20290
25696 26429
13844 14780
21506 22301
22267 22883
2731 3266
16267 16932
28791 29581
17711 18288
825 1556
6517 7272
11645 12463
148 770
7828 8631
18773 19734
14215 14939
26093 26776
3137 3890
793 1552
10618 11185
16156 16748
3209 3792
5122 5621
160 957
2658 3613
10140 10775
1165 1889
15140 16042
1218 2083
15138 15739
532 1181
26048 26699
13165 13820
8409 8969
18728 19408
25537 26423
18505 19345
3333 4143
3105 3875
11858 12506
26011 26638
12371 13237
4012 4791
27444 28235
971 1678
1983 2667
18016 18840
9956 10659
13892 14508
29122 29720
28060 28926
23704 24464
1216 1964
26065 26762
17619 18390
11286 12135
3658 4537
26860 27630
28830 29366
10156 10711
117 1095
27065 27805
20369 21060
25835 26654
27973 28718
13561 14135
6155 6887
18393 19109
23913 24692
5179 5694
4108 4976
19384 20098
1047 1874
26825 27512
4452 5223
23668 24345
19875 20579
13502 14406
3418 4291
25336 25852
17892 18447
12550 13301
5540 6280
19786 20455
12701 13587
3166 3688
3807 4614
23324 24020
12240 12868
15875 16819
9219 9772
11524 12047
25543 26316
20914 21746
25195 26017
29041 29748
12359 13056
2996 3637
19723 20714
8657 9226
21457 22348
17770 18315
16327 17058
3855 4593
19720 20653
17144 18137
20298 21158
7393 8096
24620 25251
15210 15717
19200 19932
10826 11514
622 1156
28128 28934
16960 17498
11908 12836
27227 27798
13638 14274
6937 7875
21763 22308
25062 26054
2821 3591
19601 20303
17874 18813
28014 28606
3377 3996
26455 26991
28060 28708
3116 3811
2143 2923
2651 3455
20913 21585
3824 4516
1728 2670
22438 23051
17204 17809
21670 22479
28750 29554
14314 14852
18231 19086
13865 14843
14495 15264
2057 2637
29070 29804
22853 23696
10337 10843
1417 2143
29033 29774
19614 20474
883 1429
2950 3461
8475 9078
28468 29174
19095 19943
5928 6865
6933 7661
14034 14729
5605 6474
19409 20074
7609 8183
5969 6647
13551 14467
2066 2693
6551 7188
25787 26557
755 1479
17623 18315
29051 29725
12859 13698
3832 4367
28633 29452
17619 18606
22139 22715
17045 17820
13408 14396
13475 14404
15424 16418
22608 23355
3444 4383
22282 22877
12794 13689
567 1151
4188 4692
4012 4813
15190 15902
28106 29100
21412 21962
7707 8256
16740 17367
4566 5093
4293 5050
15811 16557
13048 13685
7466 8099
16294 16826
16693 17537
12608 13519
8854 9495
12542 13453
21780 22452
26858 27504
15366 16148
3124 3637
13921 14800
17697 18617
11197 11721
11141 12051
21518 22122
953 1452
6098 6742
27203 27895
18974 19693
25973 26714
21984 22615
711 1474
28534 29531
26645 27462
2066 2796
25252 25825
21239 22103
23604 24396
10450 11034
22665 23472
12720 13257
14518 15201
19521 20507
1349 2120
27755 28601
15501 16432
24406 25285
15844 16570
24614 25200
3324 3830
27464 28232
10134 11066
459 1221
18226 18970
14115 14748
25757 26453
13951 14621
4086 4810
2343 3339
24161 25033
22338 23253
11160 11741
9236 10178
13752 14497
13148 13893
27070 27809
5785 6532
2036 2614
143 990
7073 7779
15792 16755
13541 14090
12554 13141
23146 23674
8038 8671
28844 29537
24836 25541
23569 24183
12797 13387
243 854
25033 25598
6172 7064
17905 18483
13864 14836
23767 24462
20671 21178
5489 6189
23317 24213
5937 6570
20483 21337
16952 17870
12308 12905
19429 20051
2810 3645
484 1066
24522 25369
29233 29785
6836 7400
2800 3366
2438 3158
14184 15093
10616 11475
9329 9888
21198 21829
161 908
11835 12619
9054 9555
15005 15981
10670 11543
21557 22461
2823 3810
19064 19904
12533 13130
15466 16227
22186 23153
22827 23608
19736 20376
12147 13129
4333 5173
19573 20279
18638 19338
11875 12806
10606 11113
27285 28175
26605 27199
16382 17288
28779 29371
10691 11281
11273 11900
27257 28212
3335 3917
9742 10313
28290 28971
10427 11340
7422 8133
11440 12091
7359 7883
23270 24211
28803 29412
18048 18589
8201 8735
3788 4547
21767 22685
7571 8484
3998 4684
2919 3847
18495 19291
2243 3058
11650 12442
15248 15871
28323 29321
21934 22466
6423 7020
70 933
25459 26063
17312 17845
3031 3918
23135 23849
21394 21943
19657 20589
24679 25430
16728 17654
11029 11941
170 725
28898 29441
23944 24722
22621 23287
8380 9215
14416 14944
17359 17924
9866 10613
15249 15965
24699 25395
4910 5877
22458 23109
26179 27014
8912 9578
24748 25276
9961 10473
28381 29226
14735 15479
2511 3183
3299 4221
20886 21584
27630 28142
14909 15848
18760 19466
17203 17801
16325 16829
24355 25200
6232 6820
1872 2716
11858 12713
7806 8794
862 1435
28729 29280
10284 10814
17628 18399
5530 6527
17654 18213
14225 14788
3471 4132
13993 14958
4854 5555
2161 2949
25464 26432
15119 15922
7914 8591
18475 19390
2235 3188
19052 19560
27994 28493
4599 5418
7421 8241
17560 18434
22388 23294
25063 25813
15432 16328
28835 29620
11990 12776
6989 7923
28793 29329
7959 8466
27667 28471
432 1077
2062 2940
850 1516
29039 29969
20733 21381
28623 29426
2340 3031
20539 21511
81 919
7908 8881
7240 8164
4652 5326
12924 13641
4738 5536
14679 15198
24407 25272
17853 18697
11963 12952
20099 20981
4552 5527
22520 23349
752 1449
16499 17228
4150 5003
23345 23988
6555 7356
10925 11528
27318 28038
6145 6824
16274 17150
7062 7690
26915 27775
23986 24517
11420 12381
17546 18052
15582 16554
22872 23774
5768 6631
7019 7567
1795 2748
19912 20843
13249 13935
15591 16140
27005 27710
16505 17072
4793 5664
7703 8476
21738 22514
26269 27074
23035 23535
4560 5309
19696 20497
775 1450
27676 28472
12311 13116
26913 27780
12163 12935
9102 9842
28816 29350
4305 5012
13767 14362
14062 14565
12059 12602
23210 23947
28220 28759
15116 15792
20751 21665
21604 22379
23965 24762
8070 8981
18217 19201
6772 7621
28109 28636
23484 24074
9416 10201
18371 19120
23939 24707
26195 26791
28157 28835
19644 20201
8049 9006
12123 12944
28107 28939
9527 10375
7475 8347
10446 11374
21288 21804
3035 3554
16849 17542
7709 8235
777 1396
25641 26480
4279 5021
24207 25088
12276 12946
27113 27850
4869 5726
11670 12502
2826 3481
17700 18437
24172 25041
19455 20064
20463 21056
11122 11707
713 1570
12641 13488
19774 20568
24743 25697
3974 4498
20745 21615
14452 15208
24145 25033
22445 23375
3865 4508
13958 14502
23240 23938
6852 7672
27550 28357
28802 29667
2044 2733
3099 3663
1682 2523
18681 19211
17787 18762
6273 7025
21974 22844
22018 22746
6080 6789
21443 22228
1586 2308
9472 10149
16796 17612
17491 18361
28268 29070
11716 12536
18534 19425
27044 27818
25915 26532
25423 26404
256 827
22853 23600
13222 13744
23093 23696
6316 7207
7791 8628
15650 16577
22552 23335
25071 25940
2373 2926
20085 20831
19643 20533
18307 19235
1850 2588
1604 2538
18775 19286
6317 7301
10057 10908
25143 25853
21234 22146
4937 5718
15527 16187
28604 29258
13612 14408
25489 26145
11352 12113
17210 18159
22970 23606
21039 21900
3077 3767
12925 13767
1641 2547
3288 3789
254 919
23213 24134
16124 16757
1532 2501
27531 28105
5934 6545
697 1242
8234 8879
658 1610
9465 9997
13400 14164
47 929
24928 25906
18672 19658
14538 15068
22555 23547
24676 25577
10950 11861
22334 22853
1828 2506
25401 26261
22836 23404
22983 23967
195 725
13465 14386
13253 13763
3104 3812
2223 2723
15184 15868
7627 8138
10894 11836
23680 24551
8567 9202
9909 10633
20529 21098
8828 9798
7683 8642
25317 26176
19708 20455
27978 28970
11022 11871
8502 9129
2460 3361
18952 19457
528 1261
17253 17987
26534 27289
1836 2511
4536 5491
27813 28502
5061 5950
1110 1907
20018 20938
24576 25405
23239 23922
1187 2082
19651 20632
7738 8288
14742 15322
26340 27297
5805 6493
27473 28229
9222 9727
5758 6284
21644 22358
12145 12943
14052 14857
23200 23845
8406 8996
28155 28688
23989 24696
7802 8443
23318 23941
17749 18623
4063 5011
27683 28255
25114 25806
21856 22824
8016 8951
9878 10764
23446 24370
19306 19811
28449 29268
21905 22419
19420 19988
6748 7643
13937 14854
18646 19369
23982 24630
9150 9883
28231 29103
4309 5166
26497 27105
7459 8304
6520 7415
4599 5469
22732 23716
2220 2727
4471 5429
21279 22124
8029 8831
24469 25139
7062 7709
28226 29219
21042 21556
13716 14245
21251 21903
21362 22217
14333 14913
1455 2157
6759 7589
25069 25866
17876 18861
11852 12577
16035 16758
14114 14624
28930 29594
3885 4717
548 1171
2835 3777
13210 13917
722 1643
21049 21775
12362 13163
6578 7530
24911 25648
9040 9891
7607 8240
27742 28644
12010 12820
4232 5153
4868 5614
22308 22908
17812 18699
25580 26137
27210 28182
5394 6112
12344 13228
6531 7309
4960 5845
14025 14911
1557 2302
4602 5195
9577 10337
19298 20046
17260 17894
14256 14934
10828 11757
4783 5621
1727 2531
15636 16135
316 1264
10171 10884
15714 16566
17327 17867
3892 4530
28838 29562
13048 13623
26471 27114
5512 6369
9670 10469
7912 8857
14022 14939
25088 26084
6901 7669
13269 13860
17256 17791
6681 7531
11849 12598
6508 7459
19114 19908
28788 29520
24205 24741
20951 21766
4414 5104
12075 13027
7486 8053
22990 23836
2722 3670
6966 7489
21337 21857
16700 17247
2919 3810
25345 26013
20447 21067
18638 19251
29122 29627
15507 16427
18673 19432
22100 22767
16075 16992
12618 13164
18054 18709
18861 19541
8754 9317
5639 6186
7500 8437
9627 10478
7487 8011
28561 29346
8070 8781
4153 4971
23574 24422
23750 24699
17563 18100
8001 8796
8982 9497
19901 20696
25233 25834
12668 13517
24581 25081
19699 20469
10131 10903
23399 24123
23896 24509
14329 15011
5991 6678
9297 9940
22104 22670
7405 8102
26172 26682
15434 15962
3325 4268
24230 25153
17456 17986
26291 26987
10211 11168
28513 29391
14119 14932
11675 12223
22351 23144
7214 8158
5541 6350
26223 26869
1686 2298
23501 24414
27026 27601
3475 4303
22790 23454
23169 23860
19563 20545
19187 19791
6296 6856
19676 20192
24612 25281
23943 24641
6006 6620
11446 12382
1548 2543
8147 8954
4578 5271
7539 8387
2386 3249
7100 7845
24205 25167
4759 5551
15243 16224
1615 2252
23388 24100
28886 29741
9387 10291
3812 4417
17697 18281
4893 5750
17420 18298
23244 24043
20779 21501
27394 28165
19527 20129
2690 3487
2240 2866
9572 10338
23538 24376
6572 7548
26114 26857
2713 3528
21627 22273
467 1225
12064 12647
13378 14281
1077 1828
17891 18753
2885 3792
2513 3129
12173 12944
593 1128
18581 19575
26649 27302
60 820
121 860
19294 20145
24703 25414
12215 13130
24743 25464
20991 21687
28603 29228
9224 10020
11863 12657
10048 10822
3552 4126
26855 27755
20802 21647
27037 27789
5889 6884
23390 23920
13597 14574
22872 23814
23951 24792
20629 21216
25060 25777
16227 16750
6449 6987
4095 4681
4951 5730
5308 5927
3016 3598
16290 17234
22261 22765
12541 13348
18465 19371
2531 3358
19729 20539
25401 26041
10407 11406
18391 19244
15028 15674
3461 4206
13390 14287
17647 18621
12095 12658
3479 4172
13033 13533
9651 10528
28287 29015
10698 11654
28107 29034
1991 2904
7970 8889
26212 27190
8315 8962
2638 3181
17203 18086
15506 16449
15447 16236
9458 10040
4585 5399
3645 4404
17662 18352
8790 9301
9258 10053
28679 29304
15663 16339
21252 22237
18357 19129
11410 12138
11476 12410
6485 7334
19635 20348
19283 20207
27801 28598
3995 4836
13610 14608
25289 26057
26628 27527
24905 25445
15587 16176
3300 4208
14811 15724
28777 29342
14608 15252
7239 7885
14936 15515
23188 23738
23313 23989
9498 10266
11524 12333
7266 8137
382 885
19576 20188
24322 24921
19289 20066
11322 12188
21649 22436
19454 20317
1294 2293
12052 12856
14081 14887
29025 29723
3198 3884
27644 28354
28290 28946
12680 13607
27273 27875
2769 3452
28151 28669
11007 11749
14034 14853
25499 26140
5409 6337
25815 26571
2458 3281
13282 13915
3102 3764
25757 26372
12288 12900
17795 18649
21848 22537
27231 27826
8754 9711
8942 9462
4583 5185
15370 15950
7426 8405
3740 4505
19648 20612
2506 3322
12771 13712
7902 8750
26367 26983
24036 24855
27440 28309
515 1187
28599 29456
20973 21888
7347 8114
25803 26488
23945 24912
20781 21662
2455 3356
12627 13324
7426 8262
23529 24409
12893 13659
4286 5168
25154 25804
20429 21235
15168 16031
27969 28876
9853 10582
13406 14382
19651 20179
15160 15802
26963 27887
19836 20819
4102 4971
19937 20705
16378 16977
3906 4694
26346 27019
5648 6618
2932 3764
13524 14339
21532 22264
13014 14010
2458 3252
16406 17160
26324 27065
17742 18707
3249 3752
11296 11843
6484 7293
26641 27579
22040 22689
12567 13423
4298 5250
1082 1905
27864 28688
26438 27062
20915 21873
14188 14963
8360 8937
3200 3721
16626 17160
9497 10209
12771 13665
15903 16462
18064 18568
18637 19579
23499 24462
14001 14628
5542 6167
23621 24172
25241 26087
26892 27458
24852 25634
27753 28360
5588 6531
5919 6598
13952 14783
17159 17917
26488 27312
24324 24858
2358 3314
27243 27856
8571 9132
1974 2892
10940 11677
2526 3393
25932 26489
20166 21087
20833 21690
12066 12781
18683 19344
7771 8661
27115 27873
23360 24050
4863 5471
9596 10180
10313 11057
15882 16608
21158 21859
4893 5480
15363 16144
12333 12943
18254 19081
11162 11786
9084 9605
7690 8670
25247 25989
14583 15140
13035 13681
2989 3544
15688 16560
102 621
23969 24814
23521 24223
14294 15090
7259 8116
12406 12958
4830 5815
29073 29761
24771 25622
18601 19136
8869 9663
7030 8019
23832 24580
5732 6544
7438 8380
14981 15889
9154 9962
19001 19568
3477 4463
16100 16981
14997 15564
6860 7556
18638 19371
11275 12019
18956 19793
29080 29740
25679 26624
12123 12685
1959 2601
2518 3103
28870 29466
27742 28688
16526 17232
28563 29524
18372 19092
4097 4940
8443 9071
18041 18943
10588 11145
4632 5553
10810 11393
14203 15105
