200
1252 1330
1501 1570
887 964
1579 1658
444 530
1209 1295
231 283
2861 2917
1630 1713
1750 1804
1047 1136
92 168
393 468
2206 2290
156 218
1491 1552
377 455
654 741
1399 1481
2738 2803
1047 1120
2906 2996
2864 2960
60 146
306 387
2301 2354
1088 1162
1589 1668
1938 2002
2914 2964
1040 1120
846 923
1986 2039
2193 2248
1823 1912
2455 2508
1925 1976
2444 2529
1424 1510
960 1013
1555 1607
959 1027
2504 2587
972 1029
614 694
2912 2985
545 624
312 389
595 647
2004 2098
1251 1319
1326 1402
574 640
420 508
1037 1107
912 1005
1391 1475
396 492
859 923
1622 1677
689 748
1621 1719
226 287
2657 2717
2677 2776
751 813
2360 2445
423 518
655 753
1468 1530
1886 1964
2047 2125
315 395
2781 2853
2376 2464
2007 2072
2733 2828
2673 2725
1315 1375
1535 1591
190 254
1629 1695
279 377
1863 1929
623 689
923 975
14 83
387 469
2881 2969
673 745
1629 1692
1051 1122
627 689
2185 2246
727 826
1703 1754
2494 2583
986 1040
2678 2737
1978 2055
2135 2185
2500 2573
2142 2228
598 677
2835 2885
1211 1268
387 459
1979 2078
941 1010
1525 1587
2606 2693
2067 2116
1202 1293
2187 2271
89 142
832 891
1888 1961
1171 1225
717 793
287 339
447 515
1756 1832
2130 2219
666 725
421 472
1833 1889
2111 2171
2041 2127
2244 2343
2908 2971
2321 2404
144 218
362 435
236 307
975 1030
2264 2342
1684 1753
1648 1713
517 599
1823 1890
1967 2033
1326 1409
33 99
1269 1335
388 470
1056 1131
1815 1882
627 679
2315 2390
640 734
2446 2543
1233 1284
249 338
1505 1565
93 181
1464 1533
1103 1154
1563 1653
553 619
1483 1582
2574 2667
1518 1585
309 408
2032 2088
2801 2894
351 424
1596 1689
1219 1306
2720 2790
2052 2127
1184 1258
1558 1638
108 171
1269 1362
1330 1399
535 587
2107 2159
2088 2157
962 1033
196 277
410 471
1288 1352
889 978
1588 1665
687 775
206 262
1034 1099
2570 2643
295 384
1683 1760
855 942
449 499
1569 1641
1352 1434
449 501
1536 1635
2533 2616
1243 1325
1779 1858
767 830
