367
-352 -226
100 384
-75 201
428 216
450 300
-423 -332
-439 133
-259 -419
-332 -148
301 -230
-236 -472
-80 -92
110 -378
0 -399
197 399
277 -28
271 201
-199 75
145 382
8 249
-80 376
-55 137
397 101
-77 273
-156 450
431 -223
-203 295
-19 -247
40 467
-122 -212
-136 -447
-174 260
-317 -189
-230 -365
-437 351
-461 -500
-18 -169
-301 -232
-404 -389
486 362
-226 414
346 -4
391 -330
0 -294
-246 201
-497 -159
55 230
135 -310
379 -411
-355 2
-354 -426
443 -172
-279 -359
-203 424
-314 -193
-207 -65
-491 -187
415 241
-65 234
469 -113
462 164
-143 -348
-200 320
-289 -437
156 259
422 -4
135 408
-17 -401
427 442
477 -438
-248 93
113 464
11 -27
212 392
-61 225
459 3
-118 252
-63 135
-431 488
20 465
-280 457
-485 226
420 -448
443 -86
-113 210
-194 -35
500 444
-299 326
-244 218
144 466
14 -412
-70 25
170 -45
-322 -82
347 -118
-408 -48
260 274
-238 -69
187 495
-219 -214
337 -356
-419 210
-33 -66
-127 247
219 320
51 410
194 -466
179 398
-377 470
289 -403
-365 458
-328 154
-373 -324
-408 269
-366 -115
-266 237
-259 -253
-377 -322
-255 134
-103 -149
-14 -108
-472 -254
-107 214
185 91
99 -311
-135 21
482 499
339 -268
-414 46
-47 300
102 -161
-351 264
-305 106
-346 -294
-153 98
476 -11
-46 453
-385 -168
-351 51
432 70
-457 -177
373 -437
-124 322
42 401
-44 301
-257 -498
250 -403
369 -169
-453 87
-331 199
-54 -134
134 80
-481 475
399 155
-227 310
-209 315
-415 -37
-194 -224
206 259
70 -411
-201 -235
-131 -152
399 249
-177 -35
-319 -150
193 441
-256 354
-68 441
-323 120
-336 426
-356 -128
-164 366
-176 -296
-419 -441
-291 -246
-16 419
217 250
-284 -306
-147 228
-73 418
-18 -419
-342 -364
-498 -359
436 -129
143 303
418 439
162 176
312 378
-446 74
35 -119
338 -226
-443 291
228 343
10 91
-34 -263
492 489
473 -447
430 -58
308 99
-169 76
99 178
-500 67
-246 63
-240 463
-370 83
1 -472
-326 -465
140 37
332 144
353 -407
313 -249
456 -352
162 96
262 -189
-26 -127
-389 254
-108 97
132 466
-331 430
332 111
31 322
10 -367
-241 31
244 215
-167 -131
413 -271
-295 -182
-428 458
-426 -61
-366 39
247 249
128 -170
15 -86
230 -212
-417 59
-105 -202
6 457
-246 352
146 -277
-327 -451
418 204
-289 -422
232 120
-274 -281
462 -7
115 -387
-180 26
-357 -101
207 382
171 -124
-241 -2
104 -364
-202 43
0 -65
74 -209
-15 -59
155 84
-25 -377
-185 -483
72 59
323 -499
-292 170
-93 410
-215 371
-347 -334
-119 -154
-364 352
69 373
72 148
-461 37
179 -215
86 207
-293 -83
-58 456
-254 339
-488 -421
213 -346
79 3
94 307
329 -271
-277 46
439 314
191 258
313 -397
-136 -327
-11 -463
139 313
245 -261
-241 125
-420 -453
184 53
136 -273
245 -347
-129 376
405 -391
-228 -252
-423 -61
-278 -210
434 -174
65 293
67 485
267 160
190 -48
354 152
-99 -240
309 -94
-361 -481
-434 102
409 281
17 -169
-104 -199
-33 -461
112 368
35 -113
459 456
-144 -197
-325 -76
286 -247
-443 440
313 -433
-160 151
-123 4
286 359
49 42
-243 -225
-61 -430
42 262
-491 -133
328 146
-381 -414
-350 208
-226 322
351 -300
358 368
-72 -15
-332 -226
-164 417
249 -242
-357 -392
-394 374
300 -45
78 -86
-304 -147
316 117
409 -271
-424 -437
-361 37
230 146
332 99
-142 -43
-416 29
351 -454
300 -50
35 39
60 -171
-91 57
-97 21
292 145
-13 309
-449 -103
102 -73
179 -381
-164 -124
-443 -179
-296 13
-77 112
311 490
