1 60
1 614
2 420
2 907
3 421
3 688
4 402
4 771
5 519
5 730
6 31
7 917
7 975
8 269
8 567
9 322
9 323
10 353
10 935
11 79
11 642
12 466
12 780
13 15
13 545
14 279
14 698
15 191
16 117
16 333
17 431
17 921
18 719
18 882
19 678
19 733
20 464
20 705
21 231
21 340
22 715
22 752
23 190
23 239
24 95
24 238
25 606
25 949
26 378
26 679
27 653
27 948
28 129
28 693
29 114
29 883
30 389
30 457
31 860
32 67
32 236
33 372
33 564
34 525
34 931
35 206
35 588
36 585
36 593
37 159
37 520
38 124
38 232
39 265
39 571
40 321
40 398
41 61
41 88
42 240
42 835
43 86
43 576
44 272
44 707
45 377
45 545
46 437
46 997
47 503
47 752
48 254
48 532
49 116
49 244
50 182
50 415
51 523
51 805
52 484
52 699
53 379
53 444
54 160
54 533
55 602
55 905
56 354
56 405
57 98
57 971
58 339
58 691
59 326
59 474
60 930
61 900
62 374
62 451
63 875
63 987
64 334
64 707
65 502
65 599
66 140
66 607
67 988
68 99
68 844
69 663
69 800
70 263
70 682
71 309
71 796
72 950
72 951
73 283
73 295
74 315
74 382
75 721
75 903
76 133
76 359
77 505
77 832
78 147
78 801
79 913
80 224
80 773
81 161
81 540
82 430
82 732
83 175
83 985
84 513
84 661
85 601
85 700
86 853
87 324
87 483
88 717
89 397
89 486
90 941
90 956
91 554
91 740
92 504
92 863
93 994
94 375
94 861
95 728
96 440
96 952
97 208
97 856
98 308
99 335
100 347
100 722
101 337
101 962
102 468
102 835
103 250
103 855
104 719
104 786
105 131
105 829
106 341
106 959
107 226
107 642
108 965
108 982
109 176
109 806
110 830
110 938
111 121
111 126
112 164
112 171
113 718
113 852
114 564
115 209
115 347
116 521
117 826
118 320
118 843
119 292
119 761
120 130
120 348
121 914
122 149
122 288
123 204
123 708
124 431
125 720
125 974
126 790
127 214
127 666
128 163
128 600
129 846
130 599
131 740
132 445
132 915
133 481
134 178
134 925
135 169
135 993
136 512
136 945
137 532
137 831
138 626
138 777
139 607
139 753
140 185
141 951
141 1000
142 546
142 813
143 188
143 283
144 350
144 475
145 268
145 458
146 769
146 889
147 641
148 456
148 827
149 433
150 401
150 433
151 507
151 794
152 558
152 775
153 543
153 928
154 613
154 683
155 542
155 820
156 785
156 914
157 657
157 785
158 248
158 781
159 766
160 477
161 775
162 202
162 706
163 563
164 895
165 677
165 838
166 393
166 973
167 270
167 878
168 605
168 881
169 664
170 436
170 960
171 305
172 364
172 474
173 404
173 575
174 537
174 708
175 671
176 625
177 293
177 804
178 555
179 242
179 723
180 458
180 910
181 329
181 569
182 655
183 589
183 781
184 267
184 690
185 871
186 584
186 640
187 387
187 809
188 574
189 368
189 810
190 248
191 839
192 271
192 608
193 815
193 902
194 208
194 974
195 544
195 873
196 704
196 972
197 209
197 965
198 653
198 844
199 509
199 598
200 525
200 647
201 645
201 1000
202 549
203 221
203 513
204 253
205 687
205 793
206 535
207 500
207 573
210 311
210 451
211 746
211 801
212 441
212 990
213 712
213 799
214 424
215 346
215 412
216 727
216 911
217 428
217 899
218 425
218 816
219 711
219 892
220 316
220 921
221 362
222 372
222 984
223 363
223 426
224 929
225 434
225 983
226 258
227 492
227 612
228 926
228 961
229 654
229 924
230 414
230 894
231 275
232 601
233 338
233 916
234 356
234 886
235 726
235 782
236 881
237 541
237 896
238 325
239 834
240 803
241 383
241 745
242 802
243 518
243 615
244 814
245 273
245 487
246 397
246 999
247 811
247 857
249 686
249 769
250 788
251 557
251 981
252 459
252 912
253 696
254 575
255 419
255 917
256 864
256 943
257 702
257 890
258 553
259 409
259 743
260 327
260 811
261 437
261 782
262 765
262 819
263 608
264 311
264 794
265 509
266 353
266 949
267 656
268 286
269 651
270 457
271 716
272 979
273 668
274 496
274 604
275 627
276 747
276 830
277 530
277 632
278 756
278 986
279 500
280 478
280 893
281 300
281 879
282 361
282 768
284 569
284 904
285 739
285 797
286 416
287 400
287 791
288 290
289 342
289 617
290 465
291 410
291 672
292 870
293 589
294 622
294 872
295 793
296 683
296 846
297 565
297 755
298 319
298 508
299 360
299 724
300 563
301 412
301 470
302 355
302 891
303 376
303 991
304 551
304 897
305 350
306 501
306 581
307 515
307 669
308 388
309 928
310 822
310 976
312 406
312 471
313 732
313 759
314 357
314 882
315 494
316 934
317 649
317 783
318 576
318 876
319 818
320 603
321 341
322 489
323 848
324 643
325 933
326 645
327 944
328 455
328 534
329 767
330 571
330 621
331 676
331 730
332 560
332 919
333 807
334 562
335 865
336 519
336 582
337 568
338 565
339 698
340 863
342 649
343 429
343 689
344 751
344 989
345 715
345 744
346 776
348 527
349 365
349 373
351 603
351 743
352 850
352 934
354 998
355 639
356 792
357 907
358 461
358 723
359 992
360 554
361 577
362 930
363 906
364 814
365 995
366 817
366 987
367 495
367 892
368 742
369 381
369 559
370 804
370 927
371 410
371 443
373 729
374 640
375 499
376 904
377 918
378 950
379 651
380 703
380 758
381 506
382 920
383 937
384 502
384 827
385 673
385 903
386 841
386 859
387 763
388 584
389 893
390 442
390 865
391 592
391 689
392 533
392 788
393 597
394 485
394 933
395 685
395 937
396 463
396 999
398 657
399 736
399 997
400 406
401 508
402 696
403 455
403 779
404 454
405 419
407 850
407 978
408 738
408 772
409 685
411 667
411 783
413 420
413 798
414 771
415 817
416 677
417 422
417 871
418 480
418 947
421 774
422 604
423 742
423 942
424 447
425 883
426 662
427 491
427 929
428 779
429 614
430 932
432 483
432 694
434 610
435 550
435 778
436 717
438 695
438 994
439 452
439 760
440 462
441 880
442 551
443 659
444 660
445 482
446 560
446 955
447 463
448 567
448 805
449 597
449 629
450 812
450 981
452 833
453 526
453 823
454 906
456 720
459 516
460 497
460 588
461 839
462 637
464 633
465 469
466 955
467 586
467 808
468 479
469 954
470 735
471 536
472 800
472 998
473 581
473 714
475 541
476 592
476 862
477 568
478 973
479 980
480 867
481 627
482 968
484 548
485 967
486 583
487 616
488 539
488 658
489 869
490 713
490 847
491 799
492 918
493 579
493 855
494 770
495 977
496 923
497 748
498 741
498 862
499 996
501 526
503 537
504 583
505 709
506 748
507 826
510 629
510 674
511 529
511 790
512 861
514 755
514 932
515 731
516 722
517 734
517 936
518 609
520 524
521 807
522 573
522 864
523 595
524 836
527 738
528 710
528 741
529 847
530 991
531 544
531 659
534 869
535 902
536 744
538 619
538 692
539 940
540 712
542 577
543 947
546 725
547 624
547 750
548 618
549 756
550 986
552 586
552 948
553 922
555 658
556 764
556 886
557 940
558 856
559 611
561 699
561 909
562 566
566 858
570 596
570 611
572 633
572 679
574 646
578 686
578 957
579 939
580 648
580 900
582 666
585 736
587 778
587 798
590 634
590 901
591 643
591 908
593 768
594 671
594 745
595 662
596 828
598 676
600 896
602 656
605 891
606 796
609 977
610 739
612 920
613 845
615 970
616 619
617 931
618 963
620 727
620 936
621 821
622 824
623 624
623 923
625 821
626 969
628 875
628 971
630 843
630 885
631 726
631 922
632 970
634 851
635 866
635 909
636 670
636 927
637 969
638 702
638 753
639 647
641 964
644 654
644 770
646 825
648 837
650 884
650 953
652 761
652 910
655 868
660 958
661 953
663 837
664 681
665 737
665 954
667 774
668 784
669 898
670 809
672 750
673 878
674 697
675 802
675 982
678 777
680 795
680 976
681 729
682 964
684 849
684 956
687 767
688 877
690 908
691 757
692 797
693 885
694 851
695 787
697 963
700 989
701 859
701 939
703 868
704 959
705 913
706 979
709 852
710 980
711 911
713 822
714 786
716 945
718 725
721 754
724 866
728 860
731 789
733 879
734 747
735 877
737 829
746 958
749 854
749 941
751 915
754 759
757 990
758 833
760 898
762 916
762 993
763 874
764 828
765 849
766 876
772 944
773 961
776 789
780 825
784 812
787 946
791 942
792 984
795 985
803 919
806 819
808 967
810 968
813 996
815 831
816 957
818 841
820 858
823 962
824 926
832 995
834 842
836 952
838 966
840 872
840 899
842 853
845 870
848 946
854 874
857 880
867 873
884 901
887 889
887 992
888 938
888 943
890 894
895 966
897 983
905 972
912 978
924 925
935 960
975 988
