1000
35 856
491 887
227 881
619 707
384 595
111 868
363 386
185 419
366 848
466 509
149 863
710 900
125 360
270 341
90 926
62 269
257 694
94 548
606 727
247 994
177 849
420 534
578 972
78 767
535 995
183 933
93 567
599 704
155 652
462 499
465 867
86 430
519 795
522 693
1 842
749 818
44 511
417 544
176 818
603 929
296 303
315 586
307 752
37 416
738 829
512 562
238 564
96 872
141 517
393 471
165 943
432 760
477 863
180 494
114 184
524 664
328 690
768 989
277 823
624 974
571 796
16 776
713 738
627 988
350 486
110 436
369 451
336 357
249 290
132 764
516 793
541 808
552 739
262 697
467 991
416 569
243 946
24 990
292 647
555 885
348 682
163 953
272 338
516 853
496 633
32 739
728 938
310 349
284 701
15 202
228 318
571 683
27 676
18 394
131 856
48 757
425 489
246 549
263 947
261 424
380 966
609 861
346 685
505 720
455 638
336 568
388 469
811 838
603 830
66 526
6 607
481 584
295 349
55 415
445 580
395 832
135 618
245 723
561 598
765 888
539 732
657 927
468 952
146 189
13 282
441 806
595 758
448 821
237 902
239 267
95 523
70 668
148 727
526 651
117 998
245 608
201 412
411 593
893 975
813 961
49 402
157 602
624 898
182 789
226 316
124 698
407 991
133 640
11 851
241 323
693 977
654 659
613 839
485 965
29 932
615 986
142 799
229 543
329 664
529 729
649 860
301 646
82 957
173 547
51 711
642 815
302 332
268 758
248 501
322 707
428 973
703 983
164 431
178 592
234 741
39 778
21 614
174 213
205 531
54 279
612 726
144 937
26 567
55 715
8 536
201 717
787 889
628 884
124 999
249 729
460 988
605 876
317 449
551 917
674 675
298 692
423 558
459 682
725 728
232 918
137 186
90 810
343 656
294 523
179 706
621 809
518 819
282 978
264 483
302 995
389 403
463 830
178 393
426 591
801 933
760 833
316 968
344 668
655 910
376 928
613 883
694 797
767 981
622 732
390 542
145 915
3 872
91 521
158 255
395 671
822 956
200 722
528 802
175 589
665 690
454 579
129 507
47 433
130 828
378 403
150 369
373 786
77 622
453 554
118 136
98 880
20 757
169 418
69 190
334 575
438 696
646 774
513 723
382 677
229 717
353 408
17 919
931 954
598 864
454 696
100 581
74 458
99 266
209 871
329 560
263 446
130 304
168 287
16 816
14 836
718 748
83 713
344 910
869 899
791 876
342 405
59 741
637 735
180 881
534 604
503 744
125 208
631 870
89 850
456 519
781 980
268 355
702 935
616 674
69 472
465 930
79 490
321 957
204 952
113 453
41 922
372 774
196 771
574 838
502 634
162 804
167 210
41 955
267 916
608 716
572 747
43 431
386 833
317 788
88 862
469 510
467 979
515 782
488 793
42 903
145 217
193 309
91 890
486 883
339 812
293 475
170 961
150 487
368 847
644 648
638 978
666 761
57 484
159 265
865 996
472 992
167 783
637 740
250 620
533 785
68 106
413 527
83 733
320 748
593 779
14 437
276 470
203 673
218 273
616 923
103 871
545 771
81 452
88 113
65 499
615 790
401 976
256 759
498 742
287 911
640 792
68 917
513 559
827 866
13 502
378 814
402 759
7 435
531 708
877 911
9 493
508 846
324 857
67 241
676 843
457 803
297 716
242 695
455 940
749 834
220 974
447 570
240 361
478 521
101 495
736 912
254 599
509 905
5 543
488 722
7 308
407 426
107 947
211 429
225 655
964 979
541 804
50 213
94 628
116 230
561 798
474 823
511 951
691 983
480 580
352 352
141 362
211 240
589 743
276 484
498 753
147 387
256 424
450 993
430 855
138 422
137 650
337 821
446 677
114 114
44 76
38 902
248 819
8 905
22 970
482 625
411 621
197 505
100 408
97 632
214 387
445 874
171 960
389 805
32 410
173 307
52 476
238 882
620 794
363 525
66 852
341 546
251 475
811 909
493 540
126 658
846 950
720 982
959 962
115 427
266 414
377 611
128 724
193 579
409 850
67 806
348 997
244 295
236 260
105 374
285 734
371 565
262 753
198 854
191 891
548 835
30 517
212 751
583 667
31 291
10 572
75 312
123 470
107 311
342 468
50 536
290 331
763 780
397 769
321 438
432 929
53 652
379 576
878 913
400 836
112 892
421 801
209 777
328 405
154 797
65 319
323 592
314 385
97 492
292 928
2 635
489 916
366 440
54 851
380 670
85 500
963 969
354 406
30 350
496 563
169 904
300 360
281 1000
695 954
104 423
742 828
237 886
367 612
10 383
311 689
37 398
46 656
253 358
557 644
313 896
71 84
49 462
207 877
33 285
596 623
228 379
34 610
131 204
56 814
435 913
110 134
337 643
233 794
160 820
721 750
179 364
807 981
335 826
22 280
25 986
185 471
884 920
642 897
121 778
440 784
72 392
225 791
158 384
38 908
347 901
437 669
164 875
18 461
98 645
702 829
194 752
73 993
959 999
244 670
80 854
575 945
514 971
197 671
358 912
265 810
119 396
46 597
500 977
47 827
457 936
706 764
27 183
106 841
76 924
377 949
61 92
306 466
679 907
299 935
250 556
478 785
845 948
23 585
236 449
115 400
261 669
719 805
464 844
112 726
578 882
42 709
604 662
873 886
234 404
815 919
214 597
174 487
138 340
718 744
5 127
520 875
562 591
119 259
28 382
701 945
773 972
142 698
40 109
280 587
192 629
19 939
111 737
136 305
102 611
522 653
447 609
181 508
153 221
177 784
156 351
289 345
700 832
117 982
4 895
334 434
206 422
224 243
520 955
60 143
421 942
663 678
64 937
188 394
605 766
658 813
283 754
425 914
85 795
300 969
491 746
777 842
278 333
105 326
687 971
148 356
874 897
166 538
527 750
325 514
549 837
162 252
79 685
325 845
161 775
412 895
134 950
29 477
610 798
152 786
219 390
203 512
122 879
441 630
152 761
775 796
770 921
587 691
626 984
56 159
235 831
327 770
464 920
132 218
546 581
495 554
230 558
934 968
343 918
195 289
195 927
93 370
254 414
626 878
573 779
857 980
763 887
81 198
92 705
844 949
103 647
924 966
639 964
703 715
510 705
57 235
399 662
196 840
34 151
17 222
373 504
251 260
74 943
146 602
783 824
617 967
89 600
288 550
172 688
28 944
683 689
205 566
4 170
364 894
586 1000
12 817
165 731
822 915
63 272
800 893
184 688
305 372
186 255
271 594
582 925
104 443
530 743
232 385
118 253
448 998
199 868
181 584
19 133
87 199
160 190
831 888
711 892
121 224
338 781
456 975
278 799
381 802
607 808
45 63
73 86
333 861
175 277
354 506
404 721
281 594
825 940
635 756
306 996
271 339
36 375
530 643
463 908
43 551
406 458
631 990
756 766
746 755
96 247
127 168
353 362
52 216
327 659
939 953
473 681
70 566
120 946
629 755
24 223
58 934
474 976
661 666
298 347
855 992
601 789
252 297
649 660
62 860
483 636
176 539
340 679
473 956
286 733
313 865
332 699
540 614
335 576
242 654
187 817
309 894
144 773
351 899
275 542
356 997
71 314
434 528
33 633
61 660
222 485
396 653
157 735
714 849
215 482
233 736
371 944
301 392
429 582
126 451
532 903
72 737
206 962
202 560
108 439
320 970
140 630
361 524
166 590
269 835
710 787
36 39
207 418
529 923
128 413
231 712
59 397
699 859
745 958
533 891
359 564
239 506
45 550
109 212
665 730
116 617
216 308
375 985
461 816
270 480
645 963
108 299
153 906
692 869
568 958
35 636
370 960
583 684
577 648
367 442
324 898
9 989
21 800
284 450
149 494
436 932
84 985
459 555
410 772
1 95
368 680
906 922
824 885
161 776
102 740
310 879
11 53
259 926
330 782
359 942
31 987
6 725
274 840
283 890
264 346
48 227
588 941
427 641
547 596
192 275
365 518
479 678
657 862
246 941
3 279
433 585
221 319
188 537
80 859
507 588
2 681
120 730
187 930
318 870
460 826
481 731
139 714
708 788
619 650
515 921
538 641
143 847
274 790
12 994
545 938
129 417
315 807
501 907
383 419
839 858
573 904
544 751
439 914
219 273
355 365
381 559
479 525
632 909
226 712
304 492
194 357
200 673
257 590
537 667
661 896
296 858
345 820
569 686
719 984
15 864
122 675
220 490
40 476
291 889
258 948
155 852
26 215
672 768
288 574
565 973
182 627
87 901
606 762
374 745
873 880
625 866
51 697
704 803
556 600
77 765
99 388
577 931
570 684
442 651
398 967
123 294
82 762
258 504
303 623
231 780
163 293
825 841
444 553
428 843
140 322
444 809
497 837
391 687
154 987
101 686
700 951
217 672
497 634
420 812
557 639
23 601
171 936
60 376
139 734
352 769
151 563
208 326
312 391
286 680
223 532
443 618
172 399
663 925
834 853
156 535
867 965
64 191
58 848
78 754
75 147
331 772
409 552
20 900
25 210
330 747
452 792
135 724
189 553
503 709
