1 212
1 701
2 696
3 379
4 83
4 292
4 298
5 706
5 864
6 58
6 110
6 292
6 379
6 518
6 696
6 701
6 706
6 851
6 985
7 104
8 134
8 292
8 307
8 977
9 862
10 731
10 840
11 204
12 951
12 988
13 769
14 456
15 903
16 865
16 878
17 61
17 104
17 110
17 194
18 570
19 388
20 360
20 379
20 388
20 456
20 570
20 769
20 856
21 595
21 638
22 61
23 336
23 625
24 45
24 204
24 415
25 175
25 265
25 475
25 859
26 137
26 158
26 175
26 485
27 200
27 351
28 131
29 40
29 45
29 122
29 174
30 366
31 334
31 369
32 391
33 344
34 445
34 651
34 894
35 151
36 188
36 337
36 614
36 765
37 445
38 177
38 184
38 194
38 547
38 577
38 915
39 220
40 124
41 390
42 51
42 96
42 146
43 945
44 540
45 267
45 540
45 907
46 82
46 386
47 301
48 227
49 363
49 470
50 265
50 301
50 762
51 227
51 532
51 891
52 648
53 355
53 360
53 536
53 727
54 245
55 133
56 327
56 374
56 511
56 842
57 305
57 393
57 870
59 726
60 232
60 240
60 463
61 660
61 989
62 462
62 496
62 998
63 809
64 162
65 358
66 668
67 543
67 993
68 628
68 789
69 197
69 217
69 239
70 904
71 301
72 434
72 443
72 579
73 637
73 866
74 319
75 128
75 198
75 358
75 367
76 184
77 380
78 476
78 581
78 603
78 634
79 748
80 529
80 671
80 848
81 746
81 859
82 380
82 519
82 549
84 295
84 755
85 306
85 359
85 847
86 256
86 769
87 509
87 511
87 893
88 285
88 292
88 410
89 195
89 366
89 448
89 800
90 436
90 839
90 913
91 207
91 251
92 354
93 218
93 354
93 409
94 147
94 237
94 533
94 882
95 687
97 770
98 516
98 669
99 126
99 687
99 752
100 108
101 647
102 863
103 299
103 816
103 970
104 289
105 990
106 772
107 789
107 887
108 265
109 422
110 322
110 422
110 956
111 770
112 120
112 122
112 624
113 626
114 117
115 221
115 672
115 888
116 170
116 635
116 692
117 413
117 561
117 655
117 663
118 408
118 906
119 646
120 815
121 558
121 619
121 751
122 857
123 282
123 470
125 418
125 598
125 650
125 958
126 358
126 747
126 871
127 773
128 253
128 430
128 704
128 972
129 372
129 929
130 678
130 994
131 288
131 539
131 957
132 578
133 177
134 821
135 840
136 444
136 614
136 700
136 820
137 492
137 516
138 460
138 585
138 863
139 402
139 661
140 402
140 521
140 811
141 506
142 166
142 876
143 263
143 309
144 396
145 230
145 945
146 784
146 862
148 189
148 835
149 550
149 618
149 890
150 869
151 299
152 344
152 433
153 301
154 732
155 741
156 261
157 162
159 329
159 368
159 573
159 944
160 536
160 825
161 182
161 184
161 924
162 919
163 921
164 319
164 834
165 841
166 183
167 487
167 900
168 223
168 227
168 357
169 308
169 342
169 463
169 508
169 756
169 921
169 984
171 265
172 258
172 560
173 389
173 682
174 372
174 534
174 699
175 837
176 608
176 942
177 273
177 481
178 661
178 970
179 377
179 411
179 721
180 788
180 874
181 438
183 627
184 268
184 281
184 525
184 667
185 187
185 211
185 468
185 630
185 905
186 894
187 528
187 649
187 833
190 421
190 721
191 808
191 975
192 835
193 810
193 959
194 774
195 216
196 475
196 588
196 768
198 770
199 583
199 598
199 982
200 706
201 755
202 992
203 554
203 950
204 652
204 869
205 784
205 935
205 952
206 467
206 795
207 569
208 411
208 712
209 558
209 949
210 211
211 245
213 878
214 953
215 665
216 348
217 228
217 324
217 480
218 437
219 313
219 379
220 600
220 968
222 450
222 930
223 236
224 419
224 788
225 531
225 532
225 584
226 381
226 431
226 738
227 792
228 279
228 848
229 895
229 953
230 287
230 560
231 252
233 287
234 582
235 343
235 616
237 887
238 581
240 742
241 753
242 646
242 769
243 722
244 516
245 383
246 460
246 529
246 792
246 978
247 690
248 899
248 927
249 783
249 901
250 365
250 835
252 658
252 880
252 995
254 381
254 687
254 689
255 696
257 733
259 509
259 729
260 646
261 388
262 329
262 931
263 420
263 952
264 726
265 421
266 314
267 597
268 471
269 829
270 541
270 591
270 902
271 523
271 942
272 504
272 506
272 974
273 424
273 764
273 773
274 570
274 997
275 465
275 587
276 384
276 811
277 538
277 689
278 845
279 405
280 915
282 302
282 494
282 633
282 883
282 960
283 910
284 370
284 606
285 781
286 703
287 680
287 898
289 323
289 593
289 949
290 976
291 587
291 790
292 500
293 511
294 535
296 491
297 997
298 425
299 611
300 786
300 908
301 321
301 568
303 478
303 984
304 906
306 704
307 340
307 654
307 964
308 311
309 503
310 346
310 739
310 854
311 631
312 488
313 552
313 686
314 642
315 340
316 663
316 730
316 788
317 709
318 673
319 906
320 507
320 942
321 888
324 743
325 710
325 943
326 580
326 674
326 808
327 599
327 685
328 677
328 889
328 928
329 917
329 984
330 917
331 699
332 870
333 532
334 933
334 968
335 361
335 502
335 629
336 962
337 376
337 449
338 610
338 611
339 968
340 392
340 495
341 559
341 837
342 637
343 592
343 826
343 937
344 593
345 520
345 794
345 881
346 838
347 414
347 801
349 667
350 364
350 507
352 672
353 388
353 786
354 627
354 662
354 670
356 612
357 535
359 750
360 569
362 733
363 501
364 470
365 748
367 981
369 441
369 570
370 757
371 564
373 954
375 407
375 805
375 992
377 795
378 399
378 473
378 862
379 484
379 892
379 979
380 472
380 498
380 740
381 841
382 934
382 980
385 608
387 603
388 877
389 985
390 582
390 667
391 453
391 808
393 782
393 783
394 682
395 607
396 835
397 508
397 903
398 822
399 932
399 953
400 890
401 767
402 760
402 916
402 965
403 989
404 760
405 477
406 472
408 567
409 587
410 810
412 684
412 789
413 709
414 905
415 686
416 481
416 596
417 482
419 482
419 500
422 602
423 615
424 479
425 615
425 761
426 826
427 738
428 638
429 657
431 656
432 709
432 967
435 716
435 917
438 915
439 793
440 564
440 817
441 824
442 512
443 518
444 766
445 612
445 947
446 679
447 603
448 793
451 539
451 920
451 947
452 503
452 955
454 565
454 834
455 717
455 722
456 854
457 646
458 481
459 970
460 526
461 535
464 731
465 763
465 844
466 558
468 487
468 678
469 620
470 617
473 831
474 789
480 707
480 987
481 1000
482 745
482 836
483 545
485 772
486 920
486 995
488 970
489 606
490 655
490 675
491 509
492 639
492 844
492 986
493 915
496 658
497 777
499 859
501 732
502 907
503 951
505 868
506 738
507 724
508 885
509 545
510 911
510 930
512 593
512 927
513 950
514 623
514 713
515 632
516 694
517 609
519 854
519 945
519 980
522 727
523 698
523 718
524 584
524 613
526 723
527 767
530 925
531 681
531 914
533 663
533 771
534 829
536 734
537 981
539 673
540 775
542 553
542 823
544 976
546 558
548 982
550 703
551 868
551 896
552 755
555 845
556 803
557 725
557 897
558 609
562 871
563 732
564 680
564 733
566 717
567 919
569 673
571 756
572 984
573 778
574 978
575 580
576 737
577 735
578 873
578 897
583 594
585 906
586 619
587 975
588 813
588 971
588 996
589 764
590 658
599 706
599 778
599 809
601 811
601 990
603 803
604 768
604 814
604 967
605 888
606 827
606 873
607 937
615 785
616 799
616 921
620 843
620 957
621 721
622 927
623 828
623 830
624 818
626 954
628 668
632 640
632 823
633 669
633 918
634 709
635 973
636 688
636 877
638 932
639 744
640 798
640 858
640 902
641 787
641 933
642 943
643 694
644 731
645 738
647 733
648 741
649 999
652 760
653 712
654 741
655 676
655 861
656 777
656 992
657 975
659 836
664 702
665 688
666 973
668 872
670 910
670 966
672 711
672 812
672 860
673 807
673 879
673 981
675 779
676 939
679 890
683 992
684 690
684 695
685 850
685 913
688 703
691 737
691 962
693 828
696 845
696 950
696 954
697 768
700 717
700 928
701 993
702 892
703 749
703 941
705 783
708 937
708 940
710 753
714 869
715 907
718 946
718 991
719 962
720 812
724 759
726 891
728 927
729 904
730 731
730 922
733 832
736 973
737 802
746 797
748 809
748 930
753 813
754 775
758 834
763 846
765 925
767 848
776 782
776 886
780 867
780 893
782 969
783 989
784 873
789 983
791 837
793 833
796 989
798 868
799 926
801 967
804 820
806 905
813 823
819 821
822 861
827 892
828 985
837 982
849 926
850 923
852 856
853 872
855 860
861 909
864 884
875 909
878 972
881 963
893 973
901 936
912 932
915 938
917 976
928 948
928 962
933 963
961 993
962 968
