1000
60 614
420 907
421 688
402 771
519 730
31 31
917 975
269 567
322 323
353 935
79 642
466 780
15 545
279 698
13 191
117 333
431 921
719 882
678 733
464 705
231 340
715 752
190 239
95 238
606 949
378 679
653 948
129 693
114 883
389 457
6 860
67 236
372 564
525 931
206 588
585 593
159 520
124 232
265 571
321 398
61 88
240 835
86 576
272 707
377 545
437 997
503 752
254 532
116 244
182 415
523 805
484 699
379 444
160 533
602 905
354 405
98 971
339 691
326 474
1 930
41 900
374 451
875 987
334 707
502 599
140 607
32 988
99 844
663 800
263 682
309 796
950 951
283 295
315 382
721 903
133 359
505 832
147 801
11 913
224 773
161 540
430 732
175 985
513 661
601 700
43 853
324 483
41 717
397 486
941 956
554 740
504 863
994 994
375 861
24 728
440 952
208 856
57 308
68 335
347 722
337 962
468 835
250 855
719 786
131 829
341 959
226 642
965 982
176 806
830 938
121 126
164 171
718 852
29 564
209 347
49 521
16 826
320 843
292 761
130 348
111 914
149 288
204 708
38 431
720 974
111 790
214 666
163 600
28 846
120 599
105 740
445 915
76 481
178 925
169 993
512 945
532 831
626 777
607 753
66 185
951 1000
546 813
188 283
350 475
268 458
769 889
78 641
456 827
122 433
401 433
507 794
558 775
543 928
613 683
542 820
785 914
657 785
248 781
37 766
54 477
81 775
202 706
128 563
112 895
677 838
393 973
270 878
605 881
135 664
436 960
112 305
364 474
404 575
537 708
83 671
109 625
293 804
134 555
242 723
458 910
329 569
50 655
589 781
267 690
140 871
584 640
387 809
143 574
368 810
23 248
15 839
271 608
815 902
208 974
544 873
704 972
209 965
653 844
509 598
525 647
645 1000
162 549
221 513
123 253
687 793
35 535
500 573
97 194
115 197
311 451
746 801
441 990
712 799
127 424
346 412
727 911
428 899
425 816
711 892
316 921
203 362
372 984
363 426
80 929
434 983
107 258
492 612
926 961
654 924
414 894
21 275
38 601
338 916
356 886
726 782
32 881
541 896
24 325
23 834
42 803
383 745
179 802
518 615
49 814
273 487
397 999
811 857
158 190
686 769
103 788
557 981
459 912
204 696
48 575
419 917
864 943
702 890
226 553
409 743
327 811
437 782
765 819
70 608
311 794
39 509
353 949
184 656
145 286
8 651
167 457
192 716
44 979
245 668
496 604
231 627
747 830
530 632
756 986
14 500
478 893
300 879
361 768
73 143
569 904
739 797
268 416
400 791
122 290
342 617
288 465
410 672
119 870
177 589
622 872
73 793
683 846
565 755
319 508
360 724
281 563
412 470
355 891
376 991
551 897
171 350
501 581
515 669
98 388
71 928
822 976
210 264
406 471
732 759
357 882
74 494
220 934
649 783
576 876
298 818
118 603
40 341
9 489
9 848
87 643
238 933
59 645
260 944
455 534
181 767
571 621
676 730
560 919
16 807
64 562
99 865
519 582
101 568
233 565
58 698
21 863
106 321
289 649
429 689
751 989
715 744
215 776
100 115
120 527
365 373
144 305
603 743
850 934
10 266
56 998
302 639
234 792
314 907
461 723
76 992
299 554
282 577
221 930
223 906
172 814
349 995
817 987
495 892
189 742
381 559
804 927
410 443
33 222
349 729
62 640
94 499
303 904
45 918
26 950
53 651
703 758
369 506
74 920
241 937
502 827
673 903
841 859
187 763
308 584
30 893
442 865
592 689
533 788
166 597
485 933
685 937
463 999
89 246
40 657
736 997
287 406
150 508
4 696
455 779
173 454
56 419
312 400
850 978
738 772
259 685
291 371
667 783
215 301
420 798
230 771
50 817
286 677
422 871
480 947
255 405
2 413
3 774
417 604
742 942
214 447
218 883
223 662
491 929
217 779
343 614
82 932
17 124
483 694
149 150
225 610
550 778
170 717
46 261
695 994
452 760
96 462
212 880
390 551
371 659
53 660
132 482
560 955
424 463
567 805
597 629
812 981
62 210
439 833
526 823
404 906
328 403
148 720
30 270
145 180
252 516
497 588
358 839
440 637
396 447
20 633
290 469
12 955
586 808
102 479
465 954
301 735
312 536
800 998
581 714
59 172
144 541
592 862
160 568
280 973
468 980
418 867
133 627
445 968
87 432
52 548
394 967
89 583
245 616
539 658
322 869
713 847
427 799
227 918
579 855
315 770
367 977
274 923
460 748
741 862
375 996
207 279
306 526
65 384
47 537
92 583
77 709
381 748
151 826
298 401
199 265
629 674
529 790
136 861
84 203
755 932
307 731
459 722
734 936
243 609
5 336
37 524
116 807
573 864
51 595
520 836
34 200
453 501
348 738
710 741
511 847
277 991
544 659
48 137
54 392
328 869
206 902
471 744
174 503
619 692
488 940
81 712
237 475
155 577
153 947
195 531
13 45
142 725
624 750
484 618
202 756
435 986
304 442
586 948
258 922
91 360
178 658
764 886
251 940
152 856
369 611
332 446
699 909
334 566
163 300
33 114
297 338
562 858
8 448
337 477
181 284
596 611
39 330
633 679
207 522
188 646
173 254
43 318
361 542
686 957
493 939
648 900
306 473
336 666
486 504
186 388
36 736
467 552
778 798
35 460
183 293
634 901
643 908
391 476
36 768
671 745
523 662
570 828
393 449
199 676
65 130
128 896
85 232
55 656
320 351
274 422
168 891
25 796
66 139
192 263
518 977
434 739
559 570
227 920
154 845
1 429
243 970
487 619
289 931
548 963
538 616
727 936
330 821
294 824
624 923
547 623
176 821
138 969
275 481
875 971
449 510
843 885
726 922
277 970
464 572
590 851
866 909
670 927
462 969
702 753
355 647
186 374
147 964
11 107
324 591
654 770
201 326
574 825
200 639
580 837
317 342
884 953
269 379
761 910
27 198
229 644
182 868
267 602
157 398
488 555
443 531
444 958
84 953
426 595
69 837
169 681
737 954
127 582
411 774
273 784
307 898
636 809
175 594
291 750
385 878
510 697
802 982
331 598
165 416
19 777
26 572
795 976
664 729
70 964
154 296
849 956
395 409
249 578
205 767
3 877
343 391
184 908
58 757
538 797
28 885
432 851
438 787
253 402
674 963
14 339
52 561
85 989
859 939
257 638
380 868
196 959
20 913
162 979
44 64
123 174
505 852
528 980
219 911
213 540
490 822
473 786
22 345
271 945
88 436
113 725
18 104
125 456
75 754
100 516
179 358
299 866
546 718
235 631
216 620
95 860
373 681
5 331
515 789
82 313
19 879
517 747
470 877
399 585
665 829
408 527
285 610
91 131
498 528
368 423
259 351
345 536
241 594
211 958
276 734
497 506
854 941
547 672
344 915
22 47
139 638
721 759
297 514
278 549
691 990
380 833
313 754
439 898
119 652
916 993
387 874
556 828
262 849
159 876
329 687
282 593
146 249
494 644
4 414
408 944
80 961
421 667
152 161
346 789
138 678
435 587
403 428
12 825
158 183
235 261
317 411
668 812
156 157
104 714
695 946
250 392
731 776
126 511
287 942
356 984
205 295
151 264
680 985
71 606
285 692
413 587
213 491
69 472
78 211
242 675
240 919
177 370
51 448
109 819
333 521
467 967
187 670
189 968
247 260
450 784
142 996
244 364
193 831
218 957
366 415
319 841
262 806
155 858
621 625
310 713
453 962
622 926
646 780
117 507
148 384
596 764
105 737
110 276
137 815
77 995
452 758
239 842
42 102
524 952
648 663
165 966
191 461
872 899
386 818
834 853
118 630
68 198
613 870
129 296
490 529
323 946
684 765
352 407
634 694
113 709
86 842
749 874
103 493
97 558
247 880
566 820
386 701
31 728
94 512
476 498
92 340
256 522
335 390
635 724
480 873
655 703
489 534
292 845
185 417
294 840
195 867
763 854
63 628
318 766
688 735
167 673
281 733
441 857
168 236
18 314
29 425
650 901
630 693
234 556
889 992
938 943
146 887
257 894
302 605
219 367
280 389
230 890
164 966
237 600
304 983
669 760
217 840
61 580
590 884
193 535
75 385
284 376
55 972
363 454
2 357
591 690
561 635
180 652
216 711
252 978
79 705
121 156
132 751
233 762
7 255
377 492
332 803
382 612
17 220
553 631
496 623
229 925
134 924
228 824
370 636
153 309
224 427
60 362
34 617
430 514
325 394
316 352
10 960
517 620
383 395
110 888
579 701
539 557
90 749
423 791
256 888
327 772
136 716
787 848
418 543
27 552
25 266
72 378
72 141
96 836
650 661
469 665
446 466
90 684
578 816
660 746
106 704
170 935
228 773
101 823
618 697
641 682
108 197
838 895
485 808
482 810
626 637
615 632
57 628
196 905
166 478
125 194
7 988
310 680
495 609
407 912
272 706
479 710
251 450
108 675
225 897
222 792
83 795
278 550
63 366
67 975
344 700
212 757
303 530
359 887
135 762
93 438
365 832
499 813
46 399
354 472
246 396
141 201
