1000
156 510
527 799
128 906
474 842
215 602
185 826
405 405
168 168
333 333
173 939
109 454
345 781
340 470
130 262
894 894
229 229
237 598
59 851
594 594
125 834
349 349
90 775
119 914
333 333
283 755
420 420
950 950
89 341
475 475
81 373
138 242
219 981
94 240
317 430
827 827
258 258
691 691
633 633
699 699
700 700
715 715
956 956
703 703
750 750
85 322
382 627
580 636
458 458
746 806
568 568
886 886
96 919
891 891
257 257
411 505
343 556
119 471
786 786
18 214
188 188
186 936
811 811
358 823
119 831
883 964
177 903
72 651
465 465
865 865
927 927
220 853
67 767
220 918
612 612
179 588
533 561
127 987
225 839
254 931
187 616
30 955
228 279
891 891
830 993
45 792
482 482
428 887
232 874
28 490
22 904
739 739
756 756
416 683
33 525
343 343
52 636
150 647
652 652
196 661
273 469
173 283
349 349
442 604
424 905
133 996
395 395
455 908
142 829
11 500
235 235
305 732
359 439
136 458
305 875
211 449
274 711
33 33
261 615
23 722
264 264
234 600
979 979
18 18
276 676
20 20
459 959
77 77
3 940
222 365
14 14
700 799
252 311
105 105
90 969
449 449
113 113
702 702
31 309
852 852
327 821
176 617
108 108
214 214
650 650
57 188
352 352
350 623
893 893
960 960
97 934
67 67
271 271
313 726
971 971
819 819
1 175
57 57
614 614
231 736
385 385
445 445
377 602
296 734
765 765
597 775
294 653
991 991
8 537
399 817
638 638
532 532
440 938
10 650
608 735
156 888
141 513
66 66
880 880
75 519
223 703
870 909
756 756
318 899
657 657
6 6
61 392
80 697
60 456
914 914
497 497
295 719
785 902
518 994
119 287
668 736
99 740
541 541
477 477
443 988
77 77
80 80
507 951
403 975
407 587
304 614
398 743
298 764
275 575
529 529
67 872
115 954
168 935
644 769
59 143
5 5
426 634
480 866
414 933
32 882
71 747
756 756
129 707
180 886
339 443
78 78
290 678
292 513
82 698
16 351
482 965
159 932
88 88
812 846
121 121
110 527
546 992
17 585
325 562
812 812
33 834
262 334
31 930
349 380
705 757
447 447
492 910
465 589
522 862
419 419
375 610
365 725
132 132
749 901
79 180
304 304
228 228
54 813
36 958
986 986
374 509
118 842
14 771
343 344
120 173
724 724
85 841
132 984
477 477
11 648
555 990
152 965
576 576
100 582
116 116
208 925
124 613
580 580
150 150
82 877
436 969
520 1000
810 810
25 536
738 751
10 10
443 443
194 825
88 675
695 887
226 336
731 731
227 227
11 878
166 796
191 966
163 163
222 222
207 207
729 729
356 615
397 397
891 891
690 807
205 255
111 861
6 646
273 585
605 605
109 138
20 810
99 843
276 989
153 532
444 977
767 767
257 257
34 778
183 818
577 624
6 6
379 942
45 45
71 832
922 978
238 238
349 349
140 140
705 986
697 697
660 660
400 638
440 440
9 513
241 241
396 605
290 290
449 449
501 501
219 682
13 797
28 546
13 13
56 935
263 656
12 875
876 876
779 779
417 567
21 748
147 773
229 564
146 940
545 545
495 495
711 711
300 300
396 396
63 987
112 112
128 258
731 978
96 855
708 708
18 18
129 251
837 837
333 941
549 549
699 699
535 745
940 940
891 891
30 30
260 631
250 580
410 410
162 907
904 904
321 868
243 893
339 976
46 749
853 853
530 530
160 913
271 429
211 441
940 940
113 701
525 917
474 474
186 636
887 887
846 846
73 463
335 607
301 988
206 206
169 686
331 331
464 713
702 702
203 997
622 867
7 452
667 913
204 204
579 579
134 946
273 524
55 55
552 995
700 700
218 379
447 447
93 536
348 348
207 207
249 746
26 591
206 936
629 629
300 702
104 104
516 516
216 216
631 631
87 87
386 386
34 960
499 638
836 991
10 729
681 833
25 25
280 280
690 690
838 838
112 723
172 793
387 387
103 706
199 286
314 314
161 470
784 784
245 415
220 727
115 453
567 567
986 986
61 405
449 449
11 528
107 107
188 188
634 634
48 113
126 773
235 742
479 479
899 899
395 999
12 802
68 305
488 963
32 32
988 988
100 100
13 605
57 890
685 749
73 820
4 391
29 999
762 971
198 969
678 678
116 461
208 217
519 519
86 798
791 867
17 17
228 228
497 497
961 961
466 679
543 543
89 89
661 785
246 246
678 708
521 722
199 772
638 896
71 486
448 448
431 431
109 658
338 889
183 183
595 595
617 617
55 473
81 81
202 881
782 782
260 260
1 1
753 753
440 804
176 848
382 382
119 539
425 964
911 911
193 871
179 816
159 811
494 494
121 679
345 345
410 869
94 520
697 697
2 594
454 454
209 886
384 780
589 589
171 313
76 520
946 946
370 957
32 416
168 168
708 708
515 515
720 850
197 543
180 628
489 723
403 403
353 535
236 341
647 647
846 846
368 688
770 770
727 727
412 412
559 814
275 831
147 952
56 56
310 782
549 811
269 553
595 595
76 76
238 664
501 993
351 555
204 204
901 901
348 890
50 633
837 837
703 703
695 874
267 714
610 610
529 529
208 208
272 978
319 981
606 852
408 608
47 662
460 856
273 477
613 613
969 969
237 641
938 938
204 669
75 75
247 531
796 796
420 952
67 716
211 962
19 527
119 915
725 725
165 262
17 17
787 787
121 121
97 97
5 950
90 860
103 728
308 470
85 578
396 396
174 973
855 855
250 813
966 966
74 205
276 763
158 955
118 300
80 972
141 717
711 711
77 77
740 850
488 488
404 404
147 147
319 319
691 914
710 710
46 730
542 542
88 953
169 684
104 727
939 939
38 796
216 604
688 688
47 977
1000 1000
170 835
770 770
585 585
585 585
242 242
97 97
213 794
651 651
306 563
97 914
269 787
789 789
144 774
67 863
98 967
166 993
430 430
85 85
344 344
184 947
500 801
507 507
231 864
99 491
580 580
983 983
90 562
727 727
721 900
406 672
195 195
587 587
671 823
670 670
667 667
745 752
317 317
288 288
124 124
689 689
6 493
66 964
63 876
434 434
339 339
93 93
630 630
409 883
61 399
931 931
549 754
202 677
303 983
37 625
810 810
230 230
885 920
219 571
251 251
187 526
228 228
39 529
40 413
389 811
137 897
43 952
603 603
244 919
358 442
222 965
363 809
409 769
367 789
85 618
350 512
401 401
572 572
41 345
592 592
617 617
770 770
191 460
540 540
666 873
119 494
439 753
265 409
251 596
153 895
448 756
604 604
299 433
627 627
291 954
111 111
321 829
163 974
174 879
159 195
971 971
284 520
91 997
196 620
723 723
460 765
206 206
280 280
220 673
49 758
220 836
349 349
253 472
44 629
284 284
673 979
511 723
688 761
25 949
92 727
244 244
746 746
253 884
495 824
754 754
358 791
613 613
207 954
164 742
175 175
72 315
856 856
213 709
550 917
262 262
495 495
105 821
650 790
22 165
257 257
253 253
317 983
347 927
71 803
12 312
508 956
362 974
253 446
192 491
58 540
599 648
512 512
563 710
774 774
483 762
85 980
440 440
644 644
890 890
246 633
340 340
482 482
2 289
705 705
658 658
464 464
780 888
512 512
770 770
49 844
303 303
172 172
708 708
282 692
62 701
233 816
257 610
553 553
894 894
519 812
169 921
318 946
155 555
473 473
140 773
854 854
63 670
760 926
104 287
6 6
35 602
261 998
108 970
84 84
64 666
323 323
434 434
20 380
638 638
432 747
366 938
438 990
78 980
982 982
266 266
4 924
311 311
806 806
666 867
233 548
973 973
513 513
933 933
540 620
18 915
139 578
71 383
685 822
362 609
581 943
969 969
66 66
576 576
603 603
305 305
248 248
203 651
660 660
69 992
217 217
404 845
379 379
524 524
181 181
518 881
210 210
721 995
88 571
114 345
346 680
279 982
293 293
735 735
178 679
507 964
219 219
65 685
759 759
694 970
51 529
87 393
175 923
501 501
471 795
53 986
891 891
148 380
15 948
726 726
496 934
702 702
211 211
183 462
666 961
253 566
192 192
66 66
90 378
104 948
3 3
377 377
107 865
181 181
246 246
367 517
952 952
275 406
23 647
595 851
981 981
390 770
73 73
52 705
694 694
817 817
324 324
888 888
842 842
275 275
824 824
70 779
900 900
952 952
242 242
79 687
231 231
218 849
150 896
212 535
61 421
409 409
172 837
10 992
128 973
367 367
321 321
856 856
969 969
32 32
409 818
657 657
894 905
755 755
27 602
202 202
555 929
629 629
211 764
81 959
42 782
535 535
258 258
126 955
149 430
487 900
593 593
466 466
65 881
230 707
295 611
652 652
971 971
134 944
829 885
154 968
616 616
608 940
734 783
203 985
381 381
314 636
324 576
122 752
792 839
32 916
840 877
663 778
267 267
975 975
259 891
77 358
199 468
312 312
270 838
167 432
236 939
84 653
193 193
412 873
105 105
403 739
828 828
463 475
281 637
