1000
161 161
686 686
87 87
210 210
345 345
414 414
359 733
103 755
84 609
308 671
79 755
207 967
453 453
765 765
517 517
362 866
971 971
763 763
492 870
391 830
360 360
788 788
796 796
240 892
72 388
72 885
140 575
830 895
976 976
322 322
492 768
289 894
49 984
210 210
878 878
544 996
196 196
139 139
539 832
262 898
312 914
94 765
465 824
130 130
133 866
340 340
237 237
239 971
33 33
440 440
531 820
480 596
210 210
333 333
117 117
684 877
962 962
367 367
680 850
349 894
209 209
97 272
92 950
298 657
74 923
558 558
214 617
487 666
304 304
472 982
94 726
25 513
699 967
65 65
401 401
65 847
193 193
201 519
11 948
319 356
882 882
610 787
635 841
9 841
515 935
223 965
3 210
930 930
413 641
518 675
190 598
63 63
154 508
42 973
447 447
409 524
62 879
352 397
535 899
301 949
72 376
199 909
8 937
794 794
341 530
428 908
466 673
222 610
278 278
569 569
510 802
684 684
408 408
508 580
156 686
97 994
55 738
339 339
409 834
595 595
476 560
141 711
267 587
783 783
344 344
303 966
386 386
206 206
600 600
44 662
430 712
298 981
45 205
138 167
443 454
195 793
856 856
134 803
38 223
27 563
122 927
478 478
925 925
632 632
225 621
153 946
241 945
521 521
891 891
520 520
365 511
779 956
146 327
93 992
576 576
115 115
590 590
423 487
347 729
153 153
1 932
421 790
698 698
482 482
244 463
309 667
134 202
445 445
737 838
588 588
950 950
572 854
413 965
596 596
771 771
138 796
968 968
392 392
771 771
463 924
959 959
702 702
471 981
625 625
500 869
696 696
537 537
914 914
591 591
91 91
818 850
336 843
77 319
203 896
136 819
37 809
648 990
507 507
102 498
278 278
78 429
167 167
194 194
659 659
133 133
128 596
12 12
731 731
61 295
4 597
385 843
402 852
524 524
67 842
225 828
326 326
647 708
400 808
672 991
622 622
726 726
108 108
86 893
556 556
145 725
897 897
568 568
318 318
295 971
45 45
153 352
199 496
504 898
647 647
846 846
608 842
47 850
476 660
48 48
24 475
147 959
927 927
445 786
165 673
548 882
989 989
26 687
430 430
367 367
988 988
425 809
366 510
266 947
539 837
336 649
145 794
814 839
11 476
275 659
809 809
65 979
40 783
762 762
753 927
482 681
253 475
123 815
278 904
339 339
597 597
201 201
62 562
371 964
319 848
259 375
278 379
431 630
109 674
138 138
657 657
76 76
602 602
390 985
256 256
807 911
454 701
537 593
460 840
32 32
722 722
710 710
136 814
790 790
991 991
209 735
730 931
358 506
64 132
389 544
560 560
100 961
767 767
40 633
69 577
364 944
451 451
422 422
10 502
166 588
314 874
606 606
41 643
210 210
310 653
422 896
924 924
348 752
228 977
80 710
935 935
755 755
30 718
436 972
146 795
430 430
216 547
153 153
720 720
232 460
141 788
550 550
91 953
54 566
748 801
530 983
192 255
691 845
416 416
118 871
46 941
105 913
176 176
961 988
125 407
5 776
853 853
159 159
317 317
60 60
363 645
374 680
98 231
485 485
413 413
898 898
80 80
764 764
297 851
7 512
21 535
505 505
16 995
350 350
305 912
151 805
27 252
58 769
733 932
399 679
317 771
273 273
608 608
428 428
351 969
275 780
101 101
624 624
429 625
276 276
705 705
950 950
305 795
423 648
707 860
211 555
127 453
953 953
25 25
299 299
138 283
20 960
32 783
769 769
283 283
595 595
586 837
98 98
297 559
369 536
218 218
75 261
212 521
696 911
488 488
365 568
726 726
132 344
113 797
96 897
632 724
963 963
8 475
89 727
6 763
91 91
299 338
762 762
713 955
710 710
495 701
162 162
145 837
158 383
383 383
251 251
748 748
598 801
106 993
201 962
131 464
210 743
540 540
554 763
84 84
626 751
323 929
925 925
637 637
299 323
50 960
846 846
20 678
135 135
502 502
168 756
972 972
95 591
364 364
620 929
367 367
306 697
927 927
13 695
135 972
162 162
422 862
693 693
852 954
654 813
288 979
442 442
697 703
165 628
430 806
43 942
107 494
490 490
602 960
656 656
963 963
183 183
70 70
741 741
745 962
240 412
121 858
314 314
142 925
520 520
52 52
283 283
164 514
954 954
625 625
353 878
431 431
68 827
404 868
145 951
467 562
579 579
19 826
588 588
466 640
420 652
232 232
295 686
199 199
764 764
107 185
800 800
308 444
700 700
233 669
361 883
297 696
198 713
93 623
238 981
111 691
151 151
359 915
72 665
482 482
85 781
304 304
15 600
90 90
78 78
150 569
148 402
131 993
495 709
96 213
522 527
662 662
525 987
627 627
657 804
105 850
40 662
507 507
345 922
223 223
99 813
399 399
43 867
952 952
39 254
432 639
719 719
795 795
809 988
36 299
569 881
607 972
122 720
245 910
579 804
304 331
564 846
715 974
584 797
433 895
385 385
224 627
627 761
66 624
345 989
121 976
122 642
272 490
45 140
551 551
648 648
333 750
547 547
227 572
110 822
924 924
107 107
172 568
623 623
626 626
27 989
155 862
304 892
253 253
491 549
32 310
869 869
635 635
319 319
76 553
530 530
396 396
10 888
170 493
130 130
157 688
189 605
636 934
287 287
26 238
120 703
52 206
210 905
91 427
835 835
129 935
214 679
282 468
821 821
145 145
591 591
172 311
546 546
236 372
9 9
82 559
350 350
422 957
11 11
805 805
833 833
904 977
67 67
619 619
618 946
449 449
145 708
119 220
147 713
377 984
184 872
391 774
528 557
463 535
136 136
277 792
643 777
144 918
303 303
792 842
83 919
94 592
45 438
116 116
330 540
494 494
89 103
561 561
312 631
621 621
350 754
65 695
217 234
197 731
255 255
268 926
590 590
495 495
314 873
459 664
704 857
33 469
64 975
214 214
65 259
238 238
431 431
130 531
773 841
654 654
513 513
68 68
166 166
183 682
504 504
451 938
10 10
219 795
107 244
278 699
90 718
743 743
24 478
442 442
369 732
59 351
265 449
625 668
696 696
56 592
813 813
2 497
247 247
590 730
977 977
71 711
337 672
788 788
159 457
929 929
453 646
186 683
451 462
163 717
73 674
503 595
286 420
7 182
462 595
136 655
141 868
85 85
384 734
217 999
523 523
291 419
122 690
131 131
418 623
718 718
552 872
757 757
335 698
322 794
515 541
328 547
672 672
290 917
648 648
410 410
225 225
71 406
413 855
734 734
159 993
296 1000
208 648
292 679
7 986
707 902
295 744
645 645
169 930
117 117
219 219
824 824
339 530
814 814
79 759
735 735
474 474
445 940
769 769
334 426
836 836
557 566
435 435
219 317
264 264
645 645
8 551
445 445
20 716
48 770
743 972
990 990
557 557
263 985
18 433
357 990
14 997
768 768
302 396
31 766
367 747
758 758
175 870
867 867
663 663
626 626
436 436
345 345
631 783
825 825
152 152
375 375
515 844
670 800
124 816
940 940
183 183
243 943
82 878
22 692
891 917
162 884
245 245
630 634
136 136
104 875
324 672
23 176
408 553
953 953
803 803
501 782
334 427
111 111
138 799
529 549
365 877
464 464
285 285
218 218
196 543
219 936
864 942
885 885
459 685
257 821
267 953
783 783
264 264
191 191
195 907
51 51
569 814
569 836
866 866
43 740
632 903
492 492
487 487
215 215
734 734
20 891
63 790
39 39
615 786
119 119
559 599
749 822
254 422
169 169
257 257
288 288
83 663
214 634
192 978
781 890
337 337
235 551
76 76
274 274
436 436
59 530
358 358
212 474
346 468
172 172
727 727
137 305
655 655
476 476
734 734
273 384
961 961
456 576
890 890
811 811
403 403
16 823
537 772
488 705
185 581
19 771
339 339
625 963
653 653
310 310
794 794
41 41
56 805
35 787
97 97
264 264
545 545
81 933
505 965
790 790
26 812
24 24
635 635
587 587
305 305
844 863
149 830
24 577
223 968
32 60
28 554
194 315
226 949
40 355
99 296
173 173
952 952
734 734
825 825
268 616
597 597
449 449
819 819
106 958
102 102
548 670
285 403
364 364
341 341
41 188
152 512
180 180
722 789
632 632
635 635
126 126
73 73
533 998
65 980
154 570
143 478
650 650
141 452
374 374
436 694
88 737
296 296
161 368
882 882
592 592
85 936
810 935
103 103
624 670
283 283
746 784
340 992
465 811
522 786
305 305
147 147
146 619
253 253
79 79
100 897
63 381
489 489
283 901
332 815
458 483
418 418
152 152
612 612
908 908
181 241
391 468
301 861
57 474
411 872
273 273
86 883
126 126
12 73
177 893
374 374
708 708
17 229
323 759
94 94
552 552
657 657
29 560
318 689
843 843
261 460
923 923
132 509
70 70
335 335
33 624
283 762
733 733
527 527
250 543
246 575
197 764
219 294
154 941
428 729
116 116
362 362
36 36
765 765
922 922
708 708
730 730
