1 36
1 771
2 423
2 515
3 74
3 301
3 396
4 316
4 396
4 423
4 444
4 556
4 890
4 934
5 432
6 328
7 200
7 301
7 328
7 432
7 539
7 951
7 968
8 854
9 265
9 301
9 501
9 580
10 878
11 996
12 128
12 200
12 282
13 121
14 332
14 591
14 815
15 902
15 932
16 805
17 236
18 286
19 195
19 236
19 280
19 286
19 805
19 878
19 991
20 139
20 223
20 540
21 724
22 976
23 609
24 443
24 724
24 744
25 214
25 756
26 34
26 36
26 492
27 534
28 121
28 357
28 417
29 428
30 588
30 648
31 241
32 223
32 308
32 774
32 815
33 516
34 448
35 146
36 239
36 392
36 703
37 51
37 112
37 218
38 219
38 803
39 40
39 51
39 869
40 311
41 102
41 419
41 582
41 776
42 599
42 609
42 636
43 502
43 743
43 776
44 444
45 382
45 392
45 898
46 854
47 421
48 137
48 722
49 55
49 570
50 483
50 538
50 633
51 90
51 508
52 613
52 633
52 802
53 760
54 430
56 831
57 198
57 200
57 954
58 308
58 358
59 763
59 776
59 786
60 273
60 960
61 849
62 942
63 929
64 99
65 861
66 430
67 304
67 539
68 227
69 164
69 349
70 345
70 406
70 444
70 976
70 986
71 280
72 255
73 530
73 561
74 153
74 983
75 363
76 251
76 255
76 739
77 543
78 804
79 457
79 844
79 933
80 450
81 258
81 276
82 149
82 806
83 671
84 742
85 107
85 405
86 514
86 909
87 136
87 825
88 472
88 483
88 529
89 658
90 494
90 737
91 612
91 930
92 677
93 104
94 287
95 373
95 931
96 997
97 439
98 326
99 581
99 682
99 776
100 106
100 340
100 793
101 386
101 825
102 162
103 252
103 844
104 520
104 823
105 309
105 311
105 855
107 483
108 647
108 674
109 789
109 806
109 809
110 482
110 488
111 909
113 438
114 264
114 669
114 1000
115 352
115 496
116 318
116 839
117 923
118 131
118 305
118 547
118 849
119 390
119 464
120 754
121 580
122 300
122 499
123 292
123 300
123 388
124 816
125 350
125 722
126 600
127 382
128 355
129 314
130 369
131 314
131 772
132 258
132 709
133 548
134 394
135 328
137 394
137 418
138 528
138 592
140 966
141 336
142 221
142 719
143 260
143 596
144 634
145 617
146 617
146 711
146 857
147 998
148 579
148 594
149 252
150 394
150 429
151 155
152 382
152 974
153 377
154 617
154 966
155 992
156 186
156 832
156 978
157 284
157 860
158 319
159 599
160 224
160 340
160 955
161 481
161 519
163 170
163 865
164 401
164 761
164 938
164 942
165 292
166 192
166 982
167 638
168 959
169 366
169 509
169 892
170 291
170 378
170 666
171 817
172 669
172 887
173 413
173 597
173 845
173 875
174 509
175 899
176 916
177 423
178 618
179 788
180 198
180 564
181 696
182 385
182 899
183 890
184 190
184 336
184 761
185 419
185 841
186 229
186 628
186 988
187 526
188 773
188 810
189 995
190 376
191 851
192 485
192 526
192 702
192 860
193 466
193 490
193 567
193 912
194 957
196 487
196 521
196 921
197 209
197 728
197 751
197 762
198 689
199 524
200 524
200 895
201 205
202 365
202 624
202 788
203 271
203 298
203 782
203 818
203 846
204 473
204 676
204 860
205 406
205 425
206 442
207 672
207 944
208 626
208 998
209 884
210 557
210 916
211 269
212 514
212 795
213 646
213 837
214 269
214 431
214 876
215 301
215 465
215 873
216 723
217 812
217 883
218 590
218 668
219 253
219 556
220 518
220 675
221 610
222 645
222 870
223 233
223 799
225 977
226 491
226 695
226 790
227 486
227 878
228 459
228 495
228 616
228 812
229 299
229 915
230 319
231 242
232 601
234 389
235 600
236 729
237 622
238 632
239 916
240 248
240 749
241 370
242 759
243 427
244 301
244 701
245 455
246 711
247 389
247 624
249 996
250 636
251 458
251 783
251 813
253 709
254 921
255 746
255 879
256 931
257 781
257 899
259 270
259 754
260 484
260 768
260 775
260 854
261 913
262 656
262 717
263 491
264 838
266 321
266 563
266 710
267 623
267 646
268 527
268 561
269 779
270 391
270 993
271 400
272 931
273 356
274 613
275 494
275 536
275 606
275 990
277 962
278 674
279 404
279 435
279 919
280 289
280 573
281 354
281 396
282 637
282 785
283 821
283 996
284 730
285 502
286 361
287 807
287 845
287 957
288 356
288 648
289 790
290 328
292 462
293 748
294 858
295 824
296 998
297 410
299 740
299 748
299 760
300 641
300 750
300 800
300 819
301 880
302 456
302 791
303 323
304 383
304 945
305 407
306 715
307 805
307 906
309 378
310 640
310 866
311 956
312 834
312 902
313 451
314 655
315 670
315 788
316 928
317 704
317 908
317 965
318 323
318 346
318 838
319 783
320 527
322 446
322 902
324 874
324 947
325 471
326 436
327 898
328 817
328 955
329 781
330 725
331 500
331 688
332 822
333 433
333 833
334 661
334 799
335 474
337 375
338 584
338 787
338 907
339 369
339 766
339 851
339 901
339 923
341 427
341 498
341 532
341 550
342 861
343 724
344 665
346 810
347 879
348 996
349 607
349 977
350 601
351 434
351 777
352 976
353 690
353 710
353 967
353 975
356 649
359 899
360 850
361 532
362 384
362 454
363 994
364 392
365 828
365 853
366 469
366 534
366 890
367 714
368 579
368 630
369 656
370 430
371 548
371 764
372 850
373 832
374 439
374 914
375 905
375 910
378 463
379 543
379 880
380 513
381 716
382 614
383 410
384 408
385 599
385 741
386 784
387 469
388 953
391 893
393 585
395 398
395 963
396 457
396 510
396 546
396 565
396 683
397 847
398 557
399 691
402 776
403 631
404 427
404 696
404 857
407 533
408 559
408 889
409 618
409 675
411 768
412 746
412 970
414 816
415 462
416 543
419 864
420 951
421 702
421 793
422 660
424 905
426 766
426 840
428 642
429 961
430 587
430 677
430 790
430 871
432 525
433 489
433 658
433 735
433 924
434 582
434 654
434 907
436 967
437 612
437 982
438 925
439 604
439 975
440 692
441 681
442 520
442 951
442 980
442 989
445 940
446 981
447 625
447 878
449 961
450 721
451 830
451 962
452 732
452 857
453 539
455 877
458 503
458 595
459 858
460 552
460 956
461 743
463 948
464 631
464 911
465 918
466 716
467 675
467 941
468 530
468 746
470 553
471 627
471 825
474 894
475 794
476 969
477 629
477 679
478 799
479 793
480 819
482 818
483 836
483 977
484 824
486 518
487 629
487 664
488 537
489 675
489 752
492 556
493 555
493 624
495 585
496 650
497 565
497 881
498 994
500 518
504 672
504 742
504 777
505 946
506 831
507 858
508 754
509 725
509 801
510 734
511 617
512 693
512 775
513 617
514 894
515 687
515 756
515 893
516 563
516 586
516 946
516 991
517 838
519 581
521 808
522 945
523 753
523 816
524 943
526 635
528 755
528 794
528 861
529 608
531 946
531 979
535 672
538 803
538 863
541 583
542 988
543 971
544 684
545 674
548 670
548 684
548 911
549 661
550 885
551 569
552 910
553 633
554 878
554 950
556 574
556 867
556 985
557 807
558 760
559 572
559 753
560 593
560 872
562 685
562 940
566 994
567 936
568 918
569 634
569 765
569 804
570 641
571 853
572 955
575 953
576 903
577 750
578 705
579 755
580 887
583 927
584 642
584 903
585 900
585 952
589 832
590 698
590 715
591 942
594 718
597 872
598 863
600 654
602 869
603 685
605 688
605 814
606 969
608 691
609 924
610 678
610 868
611 777
611 826
612 913
615 712
619 963
620 796
620 890
621 651
621 707
621 958
622 875
624 680
626 882
628 759
630 863
632 953
638 967
639 758
640 949
641 712
641 854
643 933
644 890
644 904
645 691
646 995
647 716
649 805
651 970
652 804
652 930
653 981
654 984
656 876
657 802
659 815
660 862
662 707
663 822
664 697
665 720
665 784
667 923
671 692
671 896
673 820
673 932
674 797
676 831
678 800
679 709
681 909
684 973
685 923
686 809
689 937
694 864
695 897
698 749
699 772
699 842
699 983
700 804
700 987
701 991
704 792
705 815
706 721
708 778
713 757
714 809
715 726
721 863
721 922
722 796
723 935
724 751
724 837
727 973
729 959
730 999
731 818
732 908
733 904
734 800
735 939
736 786
738 852
738 920
744 887
745 773
747 780
747 898
747 927
748 964
749 917
752 770
757 837
758 962
763 846
765 862
766 912
767 946
768 827
768 925
769 829
769 912
773 835
773 888
775 812
778 887
780 811
785 848
788 1000
791 823
795 879
796 947
798 944
799 926
800 843
812 984
821 900
825 923
832 903
833 834
847 942
847 949
850 855
852 946
856 1000
859 970
877 961
880 886
891 977
896 919
923 970
924 962
929 949
935 994
947 997
949 972
955 998
976 992
