1000
212 701
696 696
379 379
83 298
706 864
58 985
104 104
134 977
862 862
731 840
204 204
951 988
769 769
456 456
903 903
865 878
61 194
570 570
388 388
360 856
595 638
61 61
336 625
45 415
175 859
137 485
200 351
131 131
40 174
366 366
334 369
391 391
344 344
445 894
151 151
188 765
445 445
177 915
220 220
29 124
390 390
51 146
945 945
540 540
24 907
82 386
301 301
227 227
363 470
265 762
42 891
648 648
355 727
245 245
133 133
327 842
305 870
6 6
726 726
232 463
17 989
462 998
809 809
162 162
358 358
668 668
543 993
628 789
197 239
904 904
301 301
434 579
637 866
319 319
128 367
184 184
380 380
476 634
748 748
529 848
746 859
46 549
4 4
295 755
306 847
256 769
509 893
285 410
195 800
436 913
207 251
354 354
218 409
147 882
687 687
42 42
770 770
516 669
126 752
108 108
647 647
863 863
299 970
7 289
990 990
772 772
789 887
100 265
422 422
6 956
770 770
120 624
626 626
117 117
221 888
170 692
114 663
408 906
646 646
112 815
558 751
29 857
282 470
40 40
418 958
99 871
773 773
75 972
372 929
678 994
28 957
578 578
55 177
8 821
840 840
444 820
26 516
460 863
402 661
402 811
506 506
166 876
263 309
396 396
230 945
42 862
94 94
189 835
550 890
869 869
35 299
344 433
301 301
732 732
741 741
261 261
162 162
26 26
329 944
536 825
182 924
64 919
921 921
319 834
841 841
142 183
487 900
223 357
308 984
116 116
265 265
258 560
389 682
29 699
25 837
608 942
38 481
661 970
377 721
788 874
438 438
161 161
166 627
38 667
187 905
894 894
185 833
36 36
148 148
421 721
808 975
835 835
810 959
17 774
89 216
475 768
69 69
75 770
583 982
27 706
755 755
992 992
554 950
11 869
784 952
467 795
91 569
411 712
558 949
211 211
185 245
1 1
878 878
953 953
665 665
195 348
69 480
93 437
313 379
39 968
115 115
450 930
168 236
419 788
531 584
381 738
48 792
217 848
895 953
145 560
252 252
60 60
287 287
582 582
343 616
223 223
94 887
581 581
69 69
60 742
753 753
646 769
722 722
516 516
54 383
460 978
690 690
899 927
783 901
365 835
91 91
231 995
128 128
381 689
696 696
86 86
733 733
172 172
509 729
646 646
156 388
329 931
143 952
726 726
25 421
314 314
45 597
184 471
829 829
541 902
523 942
504 974
177 773
570 997
465 587
384 811
538 689
845 845
228 405
915 915
184 184
123 960
910 910
370 606
88 781
703 703
230 898
131 131
104 949
976 976
587 790
4 500
511 511
535 535
84 84
491 491
997 997
4 425
103 611
786 908
47 568
282 282
478 984
906 906
57 57
85 704
8 964
169 311
143 503
346 854
308 631
488 488
219 686
266 642
340 340
663 788
709 709
673 673
74 906
507 942
301 888
110 110
289 289
217 743
710 943
580 808
56 685
677 928
159 984
917 917
699 699
870 870
532 532
31 968
361 629
23 962
36 449
610 611
968 968
307 495
559 837
169 637
235 937
33 593
520 881
310 838
414 801
216 216
667 667
364 507
27 27
672 672
388 786
92 670
53 53
612 612
168 535
65 126
85 750
20 569
335 335
733 733
49 501
350 470
250 748
30 89
75 981
159 159
31 570
284 757
564 564
129 174
954 954
56 56
407 992
337 337
179 795
399 862
3 979
77 740
226 841
934 980
245 245
276 276
608 608
46 46
603 603
19 877
173 985
41 667
32 808
340 340
57 783
682 682
607 607
144 835
508 903
822 822
378 953
890 890
767 767
139 965
989 989
760 760
279 477
472 472
375 375
118 567
93 587
88 810
179 208
684 789
117 709
347 905
24 686
481 596
482 482
125 125
224 500
263 263
190 265
109 602
615 615
273 479
298 761
826 826
738 738
638 638
657 657
128 128
226 656
709 967
152 152
72 72
716 917
90 90
218 218
181 915
793 793
564 817
369 824
512 512
72 518
136 766
34 947
679 679
603 603
89 793
337 337
222 222
539 947
503 955
391 391
565 834
717 722
14 854
646 646
481 481
970 970
138 526
535 535
62 62
60 169
731 731
275 844
558 558
206 206
185 678
620 620
49 617
268 268
380 406
378 831
789 789
25 196
78 78
405 405
303 303
424 424
217 987
177 1000
417 836
545 545
379 379
26 772
920 995
167 468
312 970
606 606
655 675
296 509
137 986
915 915
282 282
340 340
62 658
777 777
380 380
859 859
292 419
363 732
335 907
309 951
272 272
868 868
141 738
320 724
169 885
87 545
911 930
56 293
442 927
950 950
623 713
632 632
98 694
609 609
6 443
82 980
345 345
140 140
727 727
271 718
584 613
184 184
460 723
767 767
187 187
80 246
925 925
225 914
51 333
94 771
174 829
294 461
53 734
981 981
277 277
131 673
44 775
270 270
553 823
67 67
976 976
483 509
558 558
38 38
982 982
82 82
149 703
868 896
313 755
542 542
203 203
845 845
803 803
725 897
121 609
341 341
172 230
117 117
871 871
732 732
371 733
454 454
717 717
408 919
301 301
207 673
18 369
756 756
984 984
159 778
978 978
580 580
737 737
38 735
132 897
72 72
326 575
78 238
234 390
199 594
225 524
138 906
619 619
275 975
196 996
764 764
658 658
270 270
343 343
289 512
583 583
21 21
416 416
267 267
125 199
327 809
220 220
811 990
422 422
78 803
768 967
888 888
284 873
395 937
176 385
517 558
338 338
299 338
356 445
524 524
36 136
423 785
235 921
470 470
149 149
121 586
469 957
721 721
927 927
514 830
112 818
23 23
113 954
183 354
68 668
335 335
185 185
311 311
515 823
282 918
78 709
116 973
688 877
73 342
21 932
492 744
632 902
787 933
314 943
694 694
731 731
738 738
119 457
101 733
52 741
187 999
125 125
34 34
204 760
712 712
307 741
117 861
431 992
429 975
252 590
836 836
61 61
139 178
354 354
117 533
702 702
215 688
973 973
184 390
66 872
98 633
354 966
80 80
115 860
318 981
326 326
490 779
655 939
328 328
130 468
446 890
287 564
531 531
173 394
992 992
412 695
327 913
313 415
95 254
636 703
254 277
247 684
737 962
116 116
828 828
516 643
684 684
2 954
768 768
523 523
174 331
136 928
1 993
664 892
286 941
128 306
783 783
5 599
480 480
937 940
317 634
325 753
672 672
208 653
514 514
869 869
907 907
435 435
455 700
523 991
962 962
812 812
179 621
243 455
526 526
507 759
557 557
59 891
53 522
927 927
259 904
316 922
10 730
154 563
257 832
536 536
577 577
973 973
576 802
226 645
310 310
380 380
155 654
240 240
324 324
639 639
482 482
81 797
126 126
79 930
703 703
359 359
121 121
99 99
241 813
775 775
84 552
169 571
370 370
834 834
724 724
402 652
425 425
50 50
465 846
273 589
36 925
444 444
401 848
196 697
13 242
97 198
533 533
106 485
127 273
194 194
540 754
782 886
497 656
573 599
675 675
867 893
285 285
393 969
249 989
146 873
615 615
300 353
641 641
180 316
68 983
291 291
837 837
227 246
439 833
345 345
206 377
989 989
746 746
640 868
616 926
89 89
347 967
737 737
556 603
820 820
375 375
905 905
673 673
191 391
63 748
193 410
140 601
672 720
588 823
604 604
120 120
103 103
440 440
624 624
821 821
136 804
134 819
398 861
542 813
441 441
160 160
343 426
606 892
623 985
269 534
623 623
473 473
733 733
187 793
164 758
148 396
482 659
175 982
346 346
90 90
10 135
165 381
56 56
620 620
465 492
278 696
763 763
85 85
80 767
926 926
685 923
6 6
856 856
872 872
310 519
860 860
20 852
122 122
640 640
25 499
672 855
655 909
9 378
102 138
5 884
16 16
73 73
780 780
505 798
150 714
57 332
126 562
668 853
578 784
180 180
909 909
142 142
388 636
16 972
673 673
252 252
345 963
94 94
282 282
864 864
508 508
776 776
107 237
115 605
328 328
149 679
51 726
379 827
87 973
34 186
229 229
551 551
557 578
287 287
248 248
167 167
249 936
270 640
15 397
70 729
185 806
118 585
45 715
300 300
861 875
283 670
510 510
932 932
90 685
531 531
38 938
402 402
329 976
633 633
162 567
451 486
163 616
730 730
850 850
161 161
530 765
799 849
248 728
328 962
129 129
222 748
262 262
399 912
334 963
382 382
205 205
901 901
343 708
915 915
676 676
708 708
703 703
176 320
325 642
159 159
43 519
718 718
445 451
928 928
209 289
203 696
12 503
205 263
214 399
373 696
452 452
110 110
131 620
125 125
193 193
282 282
993 993
336 968
881 933
307 307
402 402
670 670
432 801
220 962
782 782
103 488
588 588
128 878
635 893
272 272
191 657
290 917
8 8
246 574
379 379
382 519
367 673
199 837
789 789
169 572
6 828
492 492
480 480
12 12
61 796
105 601
718 718
202 683
67 961
130 130
252 486
588 588
274 297
62 62
649 649
481 481
