1 156
1 510
2 527
2 799
3 128
3 156
3 527
3 906
4 474
4 527
4 842
5 215
5 474
5 602
6 185
6 306
6 320
6 474
6 678
6 826
7 405
8 168
9 333
10 173
10 285
10 405
10 433
10 939
11 109
11 128
11 269
11 293
11 454
12 345
12 405
12 464
12 781
13 340
13 342
13 345
13 470
14 130
14 156
14 262
15 894
16 229
17 237
17 484
17 598
18 59
18 123
18 229
18 364
18 851
19 594
20 125
20 128
20 310
20 834
21 349
22 90
22 775
23 119
23 914
24 333
25 283
25 435
25 755
26 420
27 950
28 89
28 341
29 475
30 81
30 373
31 138
31 242
32 219
32 467
32 536
32 945
32 981
33 94
33 117
33 240
34 317
34 333
34 430
35 827
36 258
37 691
38 633
39 699
40 700
41 715
42 956
43 703
44 750
45 85
45 89
45 322
46 382
46 627
47 580
47 636
48 458
49 746
49 750
49 806
50 568
51 886
52 96
52 919
53 891
54 257
55 411
55 505
56 343
56 556
57 119
57 145
57 157
57 471
58 786
59 214
60 188
61 186
61 452
61 686
61 786
61 936
62 811
63 358
63 680
63 823
64 119
64 831
65 883
65 964
66 177
66 679
66 858
66 903
67 72
67 81
67 151
67 210
67 592
67 651
68 465
69 865
70 927
71 220
71 323
71 497
71 780
71 853
72 767
73 220
73 395
73 473
73 918
74 612
75 179
75 186
75 588
76 533
76 561
77 127
77 200
77 619
77 927
77 987
78 225
78 839
79 254
79 931
80 187
80 188
80 201
80 616
81 506
81 955
82 228
82 229
82 279
83 891
84 830
84 993
85 266
85 606
85 655
85 711
85 792
86 482
87 428
87 482
87 887
88 232
88 288
88 629
88 874
89 490
90 134
90 603
90 664
90 904
91 739
92 756
93 416
93 683
94 525
95 343
96 362
96 636
97 150
97 601
97 643
97 647
98 652
99 196
99 311
99 652
99 661
100 273
100 469
101 173
101 283
102 349
103 442
103 604
104 424
104 631
104 825
104 905
105 133
105 773
105 996
106 395
107 455
107 908
108 142
108 145
108 829
109 309
109 500
110 235
111 305
111 732
112 359
112 362
112 439
113 136
113 389
113 458
114 305
114 875
115 211
115 214
115 449
116 274
116 479
116 711
118 261
118 615
119 194
119 515
119 595
119 722
120 264
121 234
121 522
121 600
122 979
124 276
124 676
126 459
126 959
128 360
128 940
129 222
129 365
131 700
131 799
132 252
132 267
132 311
134 409
134 969
135 449
137 702
138 309
139 852
140 327
140 821
141 176
141 617
143 214
144 650
145 188
146 352
147 350
147 555
147 623
148 893
149 960
150 278
150 934
152 271
153 313
153 317
153 726
154 971
155 819
156 175
158 614
159 231
159 520
159 736
160 385
161 445
162 377
162 602
163 296
163 734
164 765
165 597
165 775
166 294
166 653
167 991
168 212
168 537
169 399
169 630
169 817
170 638
171 532
172 440
172 808
172 938
173 264
173 650
174 608
174 735
175 766
175 888
176 513
178 880
179 519
180 223
180 254
180 542
180 703
181 870
181 874
181 909
182 756
183 318
183 502
183 899
184 657
186 392
187 657
187 697
188 456
189 914
190 497
191 295
191 719
192 785
192 902
193 518
193 994
194 287
195 668
195 736
196 740
197 541
198 477
199 443
199 495
199 988
202 507
202 689
202 951
203 403
203 863
203 975
204 407
204 409
204 565
204 587
205 304
205 612
205 614
206 398
206 421
206 743
207 298
207 418
207 764
208 275
208 480
208 575
209 529
210 872
211 387
211 593
211 898
211 954
212 935
213 644
213 769
216 426
216 634
217 480
217 866
218 414
218 933
219 339
219 695
219 882
220 448
220 745
220 747
221 756
222 297
222 707
223 886
224 339
224 443
226 290
226 678
227 292
227 513
228 256
228 485
228 698
229 351
230 482
230 693
230 965
231 660
231 932
233 812
233 846
235 460
235 527
236 546
236 992
237 585
238 325
238 562
239 812
240 834
241 262
241 334
242 642
242 930
243 349
243 380
244 705
244 757
245 447
246 492
246 796
246 910
247 465
247 589
248 522
248 862
249 419
250 375
250 447
250 610
251 365
251 696
251 725
253 749
253 759
253 777
253 784
253 901
255 304
257 316
257 776
257 813
258 360
258 958
259 986
260 374
260 509
261 828
261 842
262 597
262 771
263 343
263 344
265 724
266 841
267 572
267 984
268 477
269 559
269 648
270 555
270 990
271 386
271 965
272 576
273 307
273 410
273 582
275 554
275 913
275 925
276 312
276 613
277 580
279 877
280 436
280 744
280 969
281 520
281 1000
282 810
283 536
284 738
284 751
286 443
287 825
288 675
289 695
289 799
289 887
290 336
291 731
293 878
294 796
295 966
299 729
300 356
300 423
300 615
301 397
302 891
303 690
303 807
305 465
305 861
306 646
307 585
308 605
310 557
310 810
311 843
312 781
312 989
313 532
314 444
314 977
315 767
317 674
317 778
318 818
319 577
319 624
321 379
321 733
321 942
323 832
324 922
324 978
326 349
328 705
328 986
329 697
330 660
331 400
331 638
332 440
333 367
333 513
335 396
335 605
337 449
338 501
339 381
339 682
340 797
341 546
343 935
344 656
345 523
345 715
345 875
346 876
347 779
348 417
348 567
349 748
350 712
350 773
351 564
352 940
353 545
354 495
355 711
357 396
358 706
358 762
358 987
361 731
361 978
362 783
362 855
363 708
366 837
367 710
367 911
367 941
368 549
369 699
370 535
370 745
371 940
372 891
374 631
375 580
376 410
377 907
378 904
379 414
379 868
380 834
380 893
381 976
382 514
382 749
383 853
384 530
385 913
386 429
387 441
388 940
389 701
390 525
390 917
391 474
392 636
393 887
394 846
395 463
396 607
397 988
399 686
401 464
401 713
402 702
403 544
403 997
404 622
404 867
405 452
406 667
406 913
408 579
409 685
409 709
409 724
409 937
409 946
410 524
412 552
412 995
413 700
415 447
416 536
419 746
420 591
421 936
422 629
423 702
425 516
427 631
430 654
430 960
431 499
431 638
432 836
432 991
433 729
434 681
434 685
434 833
437 690
438 838
439 723
440 512
440 793
442 706
445 470
446 784
448 498
448 727
449 453
450 567
451 986
454 528
457 634
459 773
460 581
460 719
460 742
461 479
462 899
463 999
464 802
466 488
466 963
468 988
470 605
471 890
472 685
472 749
473 505
473 820
475 999
476 762
476 971
477 582
477 969
478 678
481 519
482 798
483 791
483 867
486 497
487 961
488 621
488 679
489 543
491 661
491 785
493 678
493 708
494 521
494 722
495 760
495 772
496 638
496 896
500 658
501 563
501 889
503 595
504 617
507 659
507 881
508 782
511 753
512 712
512 788
512 804
513 848
515 539
516 964
517 911
518 871
519 816
520 525
520 533
520 738
520 811
522 679
524 869
526 697
527 594
529 574
529 699
529 886
530 780
531 589
534 946
535 545
535 935
535 957
538 708
540 720
540 786
540 850
541 543
542 628
543 723
547 647
548 846
549 558
549 688
550 770
551 727
553 559
553 814
554 831
555 564
555 819
555 952
557 782
558 811
560 595
562 664
563 646
563 789
563 993
566 901
567 890
568 633
569 837
570 703
571 695
571 874
572 714
573 610
576 859
576 978
577 981
578 606
578 852
579 608
580 662
581 856
583 613
584 969
585 640
585 641
586 938
587 669
590 796
591 952
592 716
593 962
595 915
596 725
599 787
602 827
602 950
603 704
603 860
604 634
604 728
608 973
609 855
610 813
611 966
613 763
614 955
616 972
617 717
618 711
620 740
620 850
625 691
625 914
626 710
627 730
629 750
629 953
630 684
631 727
632 939
633 796
635 688
636 977
637 1000
638 835
639 770
644 794
645 651
647 914
648 787
649 789
650 774
651 863
652 967
653 993
657 947
658 801
660 864
663 983
665 727
666 721
666 831
666 845
666 900
667 672
670 671
670 823
673 745
673 752
677 689
679 880
679 964
680 876
685 854
685 883
687 931
688 754
690 983
692 810
694 885
694 920
701 811
702 897
703 952
705 800
705 919
707 965
708 809
709 769
710 789
718 770
721 873
723 741
723 753
726 895
727 756
731 954
733 829
734 974
735 879
737 971
739 997
742 765
746 758
747 836
752 979
754 761
755 949
759 884
760 824
762 791
764 954
768 856
770 805
770 917
773 821
774 790
778 983
779 927
780 803
782 956
783 974
792 980
795 890
803 888
806 844
812 816
815 894
817 921
818 946
822 854
824 926
828 998
829 970
837 938
838 990
839 980
840 982
842 924
845 867
847 973
849 933
851 915
856 943
857 969
865 908
865 992
871 881
873 995
877 982
881 964
885 970
888 923
891 892
891 986
894 948
896 934
900 928
900 961
905 948
912 952
916 981
929 952
939 992
940 973
944 969
955 959
968 971
975 985
