1 35
1 856
2 491
2 887
3 227
3 881
4 619
4 707
5 384
5 595
6 111
6 868
7 363
7 386
8 185
8 419
9 366
9 848
10 466
10 509
11 149
11 863
12 710
12 900
13 125
13 360
14 270
14 341
15 90
15 926
16 62
16 269
17 257
17 694
18 94
18 548
19 606
19 727
20 247
20 994
21 177
21 849
22 420
22 534
23 578
23 972
24 78
24 767
25 535
25 995
26 183
26 933
27 93
27 567
28 599
28 704
29 155
29 652
30 462
30 499
31 465
31 867
32 86
32 430
33 519
33 795
34 522
34 693
35 842
36 749
36 818
37 44
37 511
38 417
38 544
39 176
39 818
40 603
40 929
41 296
41 303
42 315
42 586
43 307
43 752
44 416
45 738
45 829
46 512
46 562
47 238
47 564
48 96
48 872
49 141
49 517
50 393
50 471
51 165
51 943
52 432
52 760
53 477
53 863
54 180
54 494
55 114
55 184
56 524
56 664
57 328
57 690
58 768
58 989
59 277
59 823
60 624
60 974
61 571
61 796
62 776
63 713
63 738
64 627
64 988
65 350
65 486
66 110
66 436
67 369
67 451
68 336
68 357
69 249
69 290
70 132
70 764
71 516
71 793
72 541
72 808
73 552
73 739
74 262
74 697
75 467
75 991
76 416
76 569
77 243
77 946
78 990
79 292
79 647
80 555
80 885
81 348
81 682
82 163
82 953
83 272
83 338
84 516
84 853
85 496
85 633
86 739
87 728
87 938
88 310
88 349
89 284
89 701
90 202
91 228
91 318
92 571
92 683
93 676
94 394
95 131
95 856
96 757
97 425
97 489
98 246
98 549
99 263
99 947
100 261
100 424
101 380
101 966
102 609
102 861
103 346
103 685
104 505
104 720
105 455
105 638
106 336
106 568
107 388
107 469
108 811
108 838
109 603
109 830
110 526
111 607
112 481
112 584
113 295
113 349
114 415
115 445
115 580
116 395
116 832
117 135
117 618
118 245
118 723
119 561
119 598
120 765
120 888
121 539
121 732
122 657
122 927
123 468
123 952
124 146
124 189
125 282
126 441
126 806
127 595
127 758
128 448
128 821
129 237
129 902
130 239
130 267
131 523
132 668
133 148
133 727
134 526
134 651
135 998
136 245
136 608
137 201
137 412
138 411
138 593
139 893
139 975
140 813
140 961
141 402
142 157
142 602
143 624
143 898
144 182
144 789
145 226
145 316
146 698
147 407
147 991
148 640
149 851
150 241
150 323
151 693
151 977
152 654
152 659
153 613
153 839
154 485
154 965
155 932
156 615
156 986
157 799
158 229
158 543
159 329
159 664
160 529
160 729
161 649
161 860
162 301
162 646
163 957
164 173
164 547
165 711
166 642
166 815
167 302
167 332
168 268
168 758
169 248
169 501
170 322
170 707
171 428
171 973
172 703
172 983
173 431
174 178
174 592
175 234
175 741
176 778
177 614
178 213
179 205
179 531
180 279
181 612
181 726
182 937
183 567
184 715
185 536
186 201
186 717
187 787
187 889
188 628
188 884
189 999
190 249
190 729
191 460
191 988
192 605
192 876
193 317
193 449
194 551
194 917
195 674
195 675
196 298
196 692
197 423
197 558
198 459
198 682
199 725
199 728
200 232
200 918
202 810
203 343
203 656
204 294
204 523
205 706
206 621
206 809
207 518
207 819
208 282
208 978
209 264
209 483
210 302
210 995
211 389
211 403
212 463
212 830
213 393
214 426
214 591
215 801
215 933
216 760
216 833
217 316
217 968
218 344
218 668
219 655
219 910
220 376
220 928
221 613
221 883
222 694
222 797
223 767
223 981
224 622
224 732
225 390
225 542
226 915
227 872
228 521
229 255
230 395
230 671
231 822
231 956
232 722
233 528
233 802
234 589
235 665
235 690
236 454
236 579
237 507
238 433
239 828
240 378
240 403
241 369
242 373
242 786
243 622
244 453
244 554
246 880
247 757
248 418
250 334
250 575
251 438
251 696
252 646
252 774
253 513
253 723
254 382
254 677
255 717
256 353
256 408
257 919
258 931
258 954
259 598
259 864
260 454
260 696
261 581
262 458
263 266
264 871
265 329
265 560
266 446
267 304
268 287
269 816
270 836
271 718
271 748
272 713
273 344
273 910
274 869
274 899
275 791
275 876
276 342
276 405
277 741
278 637
278 735
279 881
280 534
280 604
281 503
281 744
283 631
283 870
284 850
285 456
285 519
286 781
286 980
287 355
288 702
288 935
289 616
289 674
290 472
291 465
291 930
292 490
293 321
293 957
294 952
295 453
296 922
297 372
297 774
298 771
299 574
299 838
300 502
300 634
301 804
303 955
304 916
305 608
305 716
306 572
306 747
307 431
308 386
308 833
309 317
309 788
310 862
311 469
311 510
312 467
312 979
313 515
313 782
314 488
314 793
315 903
318 890
319 486
319 883
320 339
320 812
321 475
322 961
323 487
324 368
324 847
325 644
325 648
326 638
326 978
327 666
327 761
328 484
330 865
330 996
331 472
331 992
332 783
333 637
333 740
334 620
335 533
335 785
337 413
337 527
338 733
339 748
340 593
340 779
341 437
342 470
343 673
345 616
345 923
346 871
347 545
347 771
348 452
350 499
351 615
351 790
352 401
352 976
353 759
354 498
354 742
355 911
356 640
356 792
357 917
358 513
358 559
359 827
359 866
360 502
361 378
361 814
362 402
362 759
363 435
364 531
364 708
365 877
365 911
366 493
367 508
367 846
368 857
370 676
370 843
371 457
371 803
372 716
373 695
374 455
374 940
375 749
375 834
376 974
377 447
377 570
379 478
379 521
380 495
381 736
381 912
382 599
383 509
383 905
384 543
385 488
385 722
387 407
387 426
388 947
389 429
390 655
391 964
391 979
392 541
392 804
394 628
396 561
396 798
397 474
397 823
398 511
398 951
399 691
399 983
400 480
400 580
404 589
404 743
405 484
406 498
406 753
408 424
409 450
409 993
410 430
410 855
411 422
412 650
413 821
414 446
414 677
417 902
418 819
419 905
420 970
421 482
421 625
422 621
423 505
425 632
427 445
427 874
428 960
429 805
432 476
433 882
434 620
434 794
435 525
436 852
437 546
438 475
439 811
439 909
440 493
440 540
441 658
442 846
442 950
443 720
443 982
444 959
444 962
447 611
448 724
449 579
450 850
451 806
452 997
456 734
457 565
458 753
459 854
460 891
461 548
461 835
462 517
463 751
464 583
464 667
466 572
468 470
471 536
473 763
473 780
474 769
476 929
477 652
478 576
479 878
479 913
480 836
481 892
482 801
483 777
485 797
487 592
489 492
490 928
491 635
492 916
494 851
495 670
496 500
497 963
497 969
500 563
501 904
503 1000
504 695
504 954
506 742
506 828
507 886
508 612
510 689
512 656
514 557
514 644
515 896
518 877
520 596
520 623
522 610
524 814
525 913
527 643
528 794
529 820
530 721
530 750
532 807
532 981
533 826
535 986
537 884
537 920
538 642
538 897
539 778
540 784
542 791
544 908
545 901
546 669
547 875
549 645
550 702
550 829
551 752
552 993
553 959
553 999
554 670
555 854
556 575
556 945
557 971
558 671
559 912
560 810
562 597
563 977
564 827
565 936
566 706
566 764
568 841
569 924
570 949
573 679
573 907
574 935
576 785
577 845
577 948
578 585
581 669
582 719
582 805
583 844
584 726
585 882
586 709
587 604
587 662
588 873
588 886
590 815
590 919
591 597
594 718
594 744
596 875
600 701
600 945
601 773
601 972
602 698
605 629
606 939
607 737
609 611
610 653
614 784
617 700
617 832
618 982
619 895
623 955
625 942
626 663
626 678
627 937
629 766
630 658
630 813
631 754
632 914
633 795
634 969
635 746
636 777
636 842
639 687
639 971
641 874
641 897
643 750
645 837
647 685
648 845
649 775
650 895
651 950
653 798
654 786
657 879
659 761
660 775
660 796
661 770
661 921
662 691
663 984
665 831
666 770
667 920
672 934
672 968
673 918
675 927
678 878
679 779
680 857
680 980
681 763
681 887
683 705
684 844
684 949
686 924
686 966
687 964
688 703
688 715
689 705
692 840
697 943
699 783
699 824
700 967
704 944
708 894
709 1000
710 817
711 731
712 822
712 915
714 800
714 893
719 925
721 743
724 998
725 868
730 831
730 888
731 892
733 781
734 975
735 799
736 802
737 808
740 861
745 825
745 940
746 756
747 996
751 908
754 990
755 756
755 766
762 939
762 953
765 946
768 934
769 976
772 855
772 992
773 789
776 860
780 956
782 865
787 817
788 894
790 899
792 997
800 849
803 944
807 903
809 962
812 970
816 835
820 923
824 859
825 958
826 891
834 985
837 963
839 906
840 869
841 958
843 960
847 898
848 989
852 932
853 985
858 906
858 922
859 885
862 879
864 926
866 942
867 987
870 890
873 941
880 941
889 930
896 921
900 994
901 938
904 907
909 914
925 984
931 948
936 973
951 967
965 987
