1000
159 159
52 322
115 237
149 149
129 313
169 441
206 477
165 165
218 218
77 341
307 460
247 247
267 486
20 409
266 347
89 310
76 76
270 270
195 223
14 14
40 40
349 385
196 338
423 474
35 141
129 261
40 482
83 83
130 429
176 489
109 216
81 81
112 398
75 245
25 25
90 442
366 366
95 185
58 58
21 470
63 276
143 341
309 434
153 228
216 358
190 192
411 411
69 421
271 492
174 327
93 422
2 401
100 456
139 445
335 492
490 490
344 344
39 123
102 488
196 196
480 480
122 286
41 485
288 309
301 332
96 351
227 227
98 481
48 487
414 414
236 265
316 316
457 457
201 364
34 34
17 133
10 331
171 186
193 278
193 193
32 432
307 307
28 153
129 129
287 486
155 155
341 341
405 477
16 16
36 318
420 420
466 466
51 51
341 341
38 166
66 66
192 490
68 303
156 387
53 259
149 467
59 299
258 376
270 270
136 329
126 356
142 150
113 457
31 366
248 248
152 152
33 431
108 359
36 36
3 402
446 446
356 444
335 335
216 392
177 471
392 392
62 312
58 188
196 497
145 391
106 427
76 453
165 165
5 84
29 29
218 448
155 155
76 393
172 172
420 420
105 386
199 291
174 230
54 468
330 330
25 467
107 107
42 144
143 143
125 139
222 222
166 359
395 395
4 426
52 374
206 206
111 234
44 161
383 383
86 448
99 415
224 300
282 282
1 255
433 433
153 153
294 294
306 306
171 171
8 398
95 387
411 411
296 381
6 411
391 391
78 164
16 134
77 77
50 343
315 498
30 30
120 397
319 451
323 481
5 34
50 449
197 316
222 410
196 196
38 38
78 190
314 314
44 377
317 317
46 186
383 383
30 97
79 80
334 493
19 19
23 184
182 199
327 334
137 337
165 432
74 388
435 435
81 81
181 181
323 323
7 159
42 42
437 437
363 384
265 265
343 343
349 349
81 489
345 347
281 430
31 485
125 125
9 454
444 444
252 499
491 491
146 183
19 101
157 405
200 414
149 378
67 299
44 314
308 308
138 138
236 236
297 465
262 262
54 152
337 484
71 437
3 369
29 249
308 495
270 412
304 304
109 467
486 486
155 155
34 34
81 81
12 26
110 182
238 238
99 354
218 218
220 220
285 398
200 200
159 265
468 468
52 52
103 103
100 406
10 10
26 292
233 271
354 463
455 455
71 255
15 414
13 13
408 408
352 352
18 240
49 352
271 271
387 387
157 157
489 489
41 41
283 412
79 414
188 188
29 432
215 215
158 378
277 277
362 362
253 435
62 133
85 363
64 466
426 426
327 327
137 491
261 464
200 419
162 400
103 103
168 280
232 455
232 494
102 227
157 157
65 65
215 215
98 412
241 322
200 200
163 169
11 413
229 239
43 64
16 81
396 396
122 122
5 165
112 228
175 175
72 182
189 492
90 90
178 353
326 326
417 491
2 333
65 205
346 499
97 444
320 372
42 290
498 498
105 478
140 213
77 326
65 353
322 480
194 198
52 452
225 225
199 443
23 432
271 403
149 239
10 94
174 174
174 211
48 57
214 214
324 324
15 418
99 99
22 212
433 433
66 487
220 294
319 332
250 385
492 492
53 477
368 368
45 45
113 409
496 496
369 406
284 473
209 287
74 447
225 225
37 109
458 458
235 357
237 361
226 471
7 7
326 408
386 386
150 150
413 413
103 224
188 188
51 282
236 236
466 466
168 461
14 14
154 387
209 209
22 354
136 373
99 383
201 497
11 443
361 488
125 170
119 121
13 133
297 297
68 148
311 475
177 177
33 253
303 303
294 294
52 52
115 115
339 339
421 421
88 224
259 410
11 11
268 389
14 359
183 406
47 169
240 476
307 375
70 278
156 156
131 131
321 321
347 347
293 293
91 280
48 404
51 51
24 427
325 495
216 216
149 289
126 423
220 220
29 29
215 432
112 112
81 430
160 350
43 43
202 285
492 492
208 236
441 441
487 487
486 486
6 438
36 36
337 389
117 325
54 54
116 500
364 364
88 155
181 498
482 482
178 178
335 335
127 127
218 218
264 297
53 53
73 108
13 367
24 24
11 11
381 381
412 412
263 263
292 292
232 232
92 380
101 242
139 256
40 40
40 40
120 370
7 7
362 484
24 24
30 396
412 412
7 356
329 329
30 30
61 333
68 179
27 450
500 500
235 473
63 216
13 440
69 439
59 496
30 275
56 97
221 321
49 436
194 194
298 298
239 424
360 488
124 388
175 449
220 324
446 483
611 611
929 929
915 946
526 780
810 810
590 632
689 867
633 989
889 889
903 997
802 802
727 993
577 652
742 742
619 619
692 939
629 998
581 673
649 932
580 627
557 557
548 935
690 997
730 950
538 538
504 864
753 753
572 852
649 649
759 759
638 1000
693 693
783 918
655 969
934 934
542 734
567 884
525 661
589 806
583 613
733 733
536 691
680 692
748 748
759 841
940 940
603 858
522 605
808 996
690 690
615 973
578 874
987 987
596 914
836 836
686 836
521 902
789 789
884 921
824 886
622 819
613 969
592 832
688 913
657 657
953 953
537 776
669 679
651 651
752 813
785 785
528 840
589 807
866 866
548 622
586 586
513 513
552 663
922 998
520 995
518 997
675 854
540 792
703 973
806 984
576 813
654 654
688 974
539 894
506 856
916 916
563 946
856 856
807 807
669 669
554 765
829 829
722 722
610 812
737 737
670 745
946 946
547 547
674 775
548 872
554 927
743 743
645 909
677 788
599 599
501 899
575 893
540 562
865 892
551 983
637 637
849 967
669 878
515 714
581 581
710 710
561 575
830 830
658 951
725 725
698 698
520 520
791 802
517 853
825 898
967 980
506 785
508 508
885 885
972 972
799 999
616 951
531 531
868 868
906 941
722 875
542 871
851 902
850 866
608 930
789 966
717 717
931 931
519 702
696 696
569 905
513 708
681 755
587 961
534 534
702 908
565 954
624 912
573 573
567 567
538 968
675 675
578 964
717 717
847 847
931 931
702 702
686 772
568 884
601 817
811 979
986 986
518 846
604 702
582 662
611 611
609 825
773 973
568 726
543 929
653 897
688 688
624 860
700 700
871 871
556 668
658 894
564 707
507 606
523 550
542 542
516 879
532 889
564 769
883 883
650 755
746 796
626 854
720 720
684 929
750 779
649 674
584 652
810 810
806 806
713 873
688 688
652 899
619 651
621 782
606 606
753 840
706 706
619 619
716 807
715 833
562 987
964 964
563 563
699 906
551 551
598 641
589 927
835 835
625 926
679 679
512 512
581 813
781 918
524 955
567 908
951 951
541 687
536 960
588 588
656 802
600 811
730 888
504 970
891 891
561 857
514 968
523 838
976 976
601 601
697 697
777 972
544 974
998 998
701 701
784 962
570 995
527 928
715 978
653 696
748 880
730 730
810 820
530 935
884 884
919 919
932 932
894 894
809 809
596 596
774 931
849 849
815 820
694 943
777 777
743 743
668 668
678 678
766 766
604 604
567 965
747 770
608 706
526 701
504 983
554 923
710 977
533 533
751 751
571 632
759 759
929 929
586 698
558 946
830 830
563 982
583 583
624 864
810 810
586 586
697 734
512 612
512 799
629 798
839 847
993 993
511 736
965 965
997 997
927 927
539 834
573 715
549 549
764 947
505 846
671 737
599 885
570 728
875 875
768 956
533 533
615 670
838 838
561 561
758 828
712 789
645 645
725 725
560 841
630 677
840 840
947 947
820 948
597 955
623 858
952 958
563 563
716 716
806 806
724 734
555 615
883 883
743 818
800 800
572 826
545 985
933 935
891 891
809 976
884 884
673 911
665 988
551 980
617 767
644 644
528 643
528 528
629 629
582 698
875 875
590 924
741 741
547 841
986 986
683 683
717 717
930 930
512 512
526 793
614 991
574 926
507 992
639 988
617 617
940 940
642 685
605 920
706 706
552 766
641 855
742 742
921 921
618 887
692 692
756 756
856 856
926 926
695 958
537 845
634 998
560 560
878 878
738 738
509 693
781 781
740 913
614 614
612 962
589 763
1000 1000
933 933
681 681
630 630
611 708
848 996
977 977
557 643
510 510
581 949
651 651
640 720
928 958
656 731
608 608
584 988
640 975
658 658
564 997
554 554
503 503
591 592
931 931
533 729
761 963
872 938
559 877
579 579
781 781
856 856
944 944
725 945
606 805
753 907
502 841
517 862
648 917
519 762
842 896
535 624
522 842
977 977
663 663
920 920
516 516
517 957
640 640
992 992
769 769
925 960
926 926
503 789
551 990
828 828
904 904
524 524
624 732
831 831
566 844
657 678
508 829
815 815
940 940
831 907
508 508
734 944
654 654
751 893
919 919
663 718
776 803
646 646
617 631
661 742
534 562
739 739
975 975
635 981
551 678
588 748
911 971
744 844
636 936
754 994
671 671
631 848
972 972
791 791
615 780
585 585
841 841
531 859
510 717
847 910
508 508
947 947
865 1000
867 942
512 801
978 978
580 752
549 900
510 913
517 885
636 636
531 991
