1000
36 771
423 515
74 396
316 934
432 432
328 328
200 968
854 854
265 580
878 878
996 996
128 282
121 121
332 815
902 932
805 805
236 236
286 286
195 991
139 540
724 724
976 976
609 609
443 744
214 756
34 492
534 534
121 417
428 428
588 648
241 241
223 815
516 516
26 448
146 146
1 703
51 218
219 803
40 869
39 311
102 776
599 636
502 776
444 444
382 898
854 854
421 421
137 722
55 570
483 633
37 508
613 802
760 760
430 430
49 49
831 831
198 954
308 358
763 786
273 960
849 849
942 942
929 929
99 99
861 861
430 430
304 539
227 227
164 349
345 986
280 280
255 255
530 561
3 983
363 363
251 739
543 543
804 804
457 933
450 450
258 276
149 806
671 671
742 742
107 405
514 909
136 825
472 529
658 658
51 737
612 930
677 677
104 104
287 287
373 931
997 997
439 439
326 326
64 776
106 793
386 825
41 162
252 844
93 823
309 855
100 100
85 483
647 674
789 809
482 488
909 909
37 37
438 438
264 1000
352 496
318 839
923 923
131 849
390 464
754 754
13 580
300 499
292 388
816 816
350 722
600 600
382 382
12 355
314 314
369 369
118 772
258 709
548 548
394 394
328 328
87 87
48 418
528 592
20 20
966 966
336 336
221 719
260 596
634 634
617 617
35 857
998 998
579 594
82 252
394 429
155 155
382 974
74 377
617 966
151 992
186 978
284 860
319 319
599 599
224 955
481 519
102 102
170 865
69 942
292 292
192 982
638 638
959 959
366 892
163 666
817 817
669 887
413 875
509 509
899 899
916 916
423 423
618 618
788 788
198 564
696 696
385 899
890 890
190 761
419 841
156 988
526 526
773 810
995 995
184 376
851 851
166 860
466 912
957 957
19 19
487 921
209 762
57 689
524 524
7 895
205 205
365 788
271 846
473 860
201 425
442 442
672 944
626 998
197 884
557 916
269 269
514 795
646 837
25 876
301 873
723 723
812 883
37 668
38 556
518 675
142 610
645 870
20 799
160 160
977 977
491 790
68 878
459 812
186 915
319 319
242 242
601 601
223 223
389 389
600 600
17 729
622 622
632 632
36 916
248 749
31 370
231 759
427 427
301 701
455 455
711 711
389 624
240 240
996 996
636 636
76 813
103 149
219 709
921 921
72 879
931 931
781 899
81 132
270 754
143 854
913 913
656 717
491 491
114 838
9 9
321 710
623 646
527 561
211 779
259 993
203 400
931 931
60 356
613 613
494 990
81 81
962 962
674 674
404 919
19 573
354 396
12 785
821 996
157 730
502 502
18 361
94 957
356 648
280 790
328 328
170 170
123 462
748 748
858 858
824 824
998 998
410 410
203 203
229 760
122 819
3 880
456 791
323 323
67 945
118 407
715 715
805 906
32 58
105 378
640 866
40 956
834 902
451 451
129 655
670 788
4 928
704 965
116 838
158 783
527 527
266 266
446 902
303 318
874 947
471 471
98 436
898 898
6 955
781 781
725 725
500 688
14 822
433 833
661 799
474 474
141 184
375 375
584 907
369 923
100 160
427 550
861 861
724 724
665 665
70 70
318 810
879 879
996 996
69 977
125 601
434 777
115 976
690 975
281 281
128 128
273 649
28 28
58 58
899 899
850 850
286 532
384 454
75 994
392 392
202 853
169 890
714 714
579 630
130 656
241 430
548 764
850 850
95 832
439 914
337 910
190 190
153 153
170 463
543 880
513 513
716 716
45 614
304 410
362 408
182 741
101 784
469 469
123 953
234 247
119 119
270 893
36 364
585 585
134 150
398 963
3 683
847 847
395 557
691 691
271 271
164 164
776 776
631 631
279 857
85 85
70 205
305 533
384 889
618 675
297 383
768 768
746 970
173 173
816 816
462 462
543 543
28 28
137 137
41 864
951 951
47 793
660 660
2 177
905 905
205 205
766 840
243 404
29 642
150 961
54 871
214 214
5 525
333 924
351 907
279 279
326 967
612 982
113 925
97 975
692 692
681 681
206 989
24 24
4 70
940 940
322 981
625 878
34 34
961 961
80 721
313 962
732 857
539 539
362 362
245 877
302 302
79 396
251 595
228 858
552 956
743 743
292 415
378 948
119 911
215 918
193 716
675 941
530 746
366 387
553 553
325 825
88 88
204 204
335 894
794 794
969 969
629 679
799 799
793 793
819 819
161 161
110 818
50 977
260 824
192 192
227 518
196 664
110 537
433 752
193 193
226 263
26 556
555 624
90 275
228 585
115 650
565 881
341 994
122 122
331 518
9 9
43 285
458 458
672 777
946 946
831 831
858 858
51 754
169 801
396 734
617 617
693 775
380 617
86 894
2 893
33 991
838 838
220 500
161 581
104 442
196 808
945 945
753 816
199 943
432 432
187 635
268 320
138 861
88 608
73 468
946 979
341 361
407 407
27 366
672 672
275 275
488 488
50 863
7 453
20 20
583 583
988 988
77 971
684 684
674 674
396 396
118 118
133 911
661 661
341 885
569 569
460 910
470 633
878 950
493 493
4 985
210 807
760 760
408 753
593 872
73 268
685 940
266 516
180 180
396 497
994 994
193 936
918 918
551 804
49 641
853 853
559 955
280 280
556 556
953 953
903 903
750 750
705 705
148 755
9 887
99 519
41 434
541 927
338 903
393 952
516 516
430 430
30 30
832 832
218 715
14 942
138 138
560 560
148 718
458 458
143 143
173 872
863 863
42 385
126 654
232 350
869 869
685 685
439 439
688 814
275 969
349 349
529 691
23 924
221 868
777 826
91 913
52 274
382 382
712 712
228 228
145 513
178 409
963 963
796 890
651 958
237 875
267 267
202 680
447 447
208 882
471 471
186 759
477 487
368 863
403 464
238 953
50 553
144 569
526 526
42 250
282 282
167 967
758 758
310 949
300 854
428 584
933 933
890 904
222 691
213 995
108 716
30 288
356 805
496 496
621 970
804 930
981 981
434 984
314 314
262 876
802 802
89 433
815 815
422 862
334 549
707 707
822 822
487 697
344 784
170 170
923 923
218 218
114 172
315 548
83 896
207 535
820 932
108 797
220 489
204 831
92 430
610 800
477 709
624 624
441 909
99 99
396 396
544 973
562 923
809 809
515 515
331 605
198 937
353 353
399 645
440 671
512 512
864 864
226 897
181 404
664 664
590 749
772 983
804 987
244 991
192 421
36 36
317 792
578 815
721 721
621 662
778 778
132 679
266 353
146 246
615 641
757 757
367 809
306 726
381 647
262 262
594 594
142 142
665 665
450 922
48 796
216 935
21 837
330 509
715 715
973 973
197 197
236 959
284 999
818 818
452 908
904 904
510 800
433 939
786 786
90 90
852 920
76 76
299 299
385 385
84 504
43 461
24 887
773 773
255 468
780 927
293 964
240 917
300 577
197 724
489 770
523 559
120 508
528 579
25 515
713 837
639 962
242 628
53 558
164 184
197 197
59 846
371 371
569 862
339 912
946 946
260 925
829 912
752 752
1 1
131 699
188 888
32 32
260 812
41 402
351 611
708 887
269 269
747 811
257 329
203 203
251 319
386 665
282 848
59 736
338 338
179 1000
109 109
226 430
302 823
704 704
100 479
475 528
212 879
620 947
674 674
944 944
223 926
300 843
509 509
52 657
38 538
78 700
16 649
82 109
287 557
521 521
109 714
188 346
780 780
217 984
251 251
605 605
14 705
124 523
171 328
203 731
300 480
673 673
283 900
332 663
104 791
295 484
87 923
611 611
768 768
365 365
769 769
451 451
56 676
156 903
333 834
312 833
773 773
483 483
213 757
264 517
116 116
426 426
185 185
699 699
800 800
79 103
173 287
203 763
397 949
785 785
61 118
360 855
191 339
738 946
365 571
8 641
105 850
1000 1000
146 452
294 507
970 970
157 204
65 528
660 765
538 721
419 694
163 163
310 310
556 556
610 610
39 602
222 222
430 430
560 597
215 215
324 324
173 622
214 656
455 961
10 554
255 795
301 886
497 497
626 626
217 217
209 209
550 550
880 880
172 778
773 773
408 408
4 644
977 977
169 169
391 515
474 514
200 200
671 919
695 695
45 747
175 359
585 821
339 339
15 322
576 832
644 733
375 424
307 307
338 434
317 732
86 681
375 552
464 548
193 769
261 612
374 374
229 229
176 239
749 749
465 568
279 896
738 738
196 254
721 721
117 970
433 962
438 768
799 799
583 747
316 316
63 949
91 652
95 272
15 673
79 643
4 4
723 994
567 567
689 689
164 164
735 735
445 562
467 467
62 847
524 524
207 798
304 522
505 852
324 997
463 463
640 972
554 554
7 442
585 585
388 632
57 57
160 998
311 460
194 287
621 621
168 729
60 60
429 877
277 924
395 619
748 748
317 317
140 154
353 638
7 7
476 606
412 923
543 543
949 949
684 727
152 152
353 439
22 992
225 891
156 156
531 531
442 442
446 653
166 437
74 699
654 812
556 556
70 70
700 700
186 542
442 442
275 275
19 701
155 976
270 270
363 935
189 646
11 348
96 947
147 955
730 730
114 856
