1 161
2 686
3 87
4 210
5 345
6 414
7 359
7 414
7 686
7 702
7 733
8 103
8 161
8 345
8 412
8 755
9 84
9 87
9 609
10 308
10 345
10 587
10 671
11 79
11 258
11 613
11 755
12 207
12 210
12 967
13 453
14 765
15 517
16 362
16 453
16 765
16 866
17 971
18 763
19 492
19 870
20 391
20 442
20 757
20 830
21 360
22 788
23 796
24 240
24 360
24 677
24 796
24 886
24 892
25 72
25 388
26 72
26 247
26 594
26 885
27 140
27 366
27 575
28 830
28 895
29 976
30 322
31 492
31 768
32 289
32 322
32 392
32 580
32 894
33 49
33 72
33 656
33 984
34 210
35 878
36 544
36 996
37 196
38 139
39 539
39 832
40 262
40 303
40 531
40 898
41 312
41 876
41 914
42 94
42 196
42 765
43 465
43 492
43 537
43 824
44 130
45 133
45 230
45 563
45 637
45 866
46 340
47 237
48 239
48 758
48 971
50 440
51 531
51 820
52 480
52 492
52 596
53 210
54 333
55 117
56 684
56 877
57 962
58 367
59 680
59 684
59 850
60 349
60 367
60 894
61 209
62 97
62 103
62 117
62 272
63 92
63 94
63 333
63 831
63 950
64 298
64 657
65 74
65 76
65 261
65 646
65 659
65 923
66 558
67 214
67 617
68 487
68 492
68 666
69 304
70 472
70 487
70 982
71 94
71 690
71 726
72 101
72 513
73 699
73 921
73 967
75 401
76 281
76 584
76 847
77 193
78 201
78 519
79 193
79 743
79 948
80 319
80 356
81 882
82 610
82 787
83 635
83 841
84 434
84 841
85 515
85 706
85 935
86 223
86 965
87 210
88 930
89 413
89 641
90 518
90 675
91 190
91 332
91 415
91 598
93 154
93 508
94 636
94 930
94 973
95 447
96 409
96 447
96 524
97 116
97 879
98 352
98 397
99 535
99 899
100 301
100 949
101 376
102 199
102 909
103 641
103 937
104 794
105 341
105 530
106 428
106 440
106 908
107 466
107 500
107 571
107 673
108 222
108 610
109 278
110 569
111 510
111 802
112 684
113 408
114 508
114 580
115 156
115 686
116 638
116 994
117 738
118 339
119 409
119 622
119 834
120 595
121 476
121 560
122 141
122 547
122 561
122 711
123 267
123 587
124 783
125 344
126 303
126 920
126 966
127 386
128 206
129 600
130 589
130 662
131 430
131 522
131 712
132 298
132 407
132 981
133 205
134 138
134 167
135 443
135 454
136 195
136 292
136 629
136 704
136 793
137 856
138 176
138 279
138 390
138 803
139 223
140 563
141 330
141 705
141 927
142 478
143 925
144 632
145 225
145 256
145 422
145 489
145 604
145 621
146 153
146 324
146 632
146 946
147 241
147 623
147 945
148 521
149 891
150 520
151 365
151 511
152 779
152 915
152 956
153 160
153 231
153 327
154 924
154 992
155 576
157 590
158 423
158 487
159 347
159 693
159 729
161 932
162 421
162 455
162 790
163 698
164 482
165 244
165 463
166 309
166 312
166 667
167 202
168 445
169 737
169 838
170 588
171 950
172 572
172 606
172 854
173 413
173 900
173 965
174 596
175 771
176 342
176 796
177 968
178 392
179 771
180 463
180 916
180 924
181 959
182 702
183 471
183 668
183 785
183 981
184 625
185 500
185 869
186 696
187 537
188 914
189 591
191 818
191 850
192 336
192 339
192 843
193 319
194 203
194 896
195 819
196 809
197 648
197 990
198 507
199 232
199 498
200 278
201 271
201 429
204 659
206 596
208 731
209 295
210 313
210 431
210 597
211 385
211 843
212 402
212 852
213 524
214 601
214 658
214 842
215 225
215 828
216 326
217 647
217 708
218 400
218 401
218 808
219 672
219 739
219 752
219 810
219 991
220 622
221 726
223 534
223 893
224 556
225 725
226 897
227 568
228 318
229 295
229 971
231 352
232 329
232 496
233 504
233 898
234 647
235 846
236 608
236 842
237 850
238 476
238 509
238 594
238 660
240 475
241 959
242 927
243 445
243 786
244 673
245 548
245 791
245 882
246 989
247 687
248 430
249 367
250 988
251 425
251 809
252 366
252 510
253 266
253 578
253 947
254 539
254 837
255 336
255 649
256 284
256 794
257 814
257 839
258 476
259 275
259 659
260 809
261 401
261 979
262 783
263 762
264 753
264 817
264 880
264 927
265 482
265 681
266 475
267 815
268 278
268 650
268 904
269 339
270 597
272 562
273 371
273 385
273 860
273 964
274 319
274 848
275 375
276 278
276 379
277 431
277 630
278 674
280 657
282 602
283 390
283 394
283 481
283 939
283 952
283 985
285 807
285 911
286 454
286 701
287 537
287 593
288 460
288 840
290 722
291 710
292 732
292 814
293 790
294 991
295 497
295 735
296 730
296 899
296 931
297 358
297 398
297 506
299 389
299 416
299 439
299 544
300 560
301 961
302 767
303 633
304 516
304 550
304 577
305 364
305 382
305 856
305 889
305 944
306 451
307 422
308 502
309 588
310 314
310 580
310 874
311 606
312 643
314 477
314 653
315 422
315 896
316 924
317 348
317 370
317 752
318 977
319 583
319 710
320 935
321 755
322 718
323 436
323 439
323 972
324 795
325 430
326 547
328 720
329 460
330 639
330 788
331 550
332 953
333 566
334 748
334 801
335 530
335 717
335 983
337 691
337 845
338 416
339 741
339 871
340 941
341 913
343 961
343 988
344 407
345 533
345 559
345 776
346 853
350 363
350 364
350 611
350 645
351 374
351 680
353 485
354 413
355 898
357 764
358 851
359 512
360 535
361 505
362 995
364 448
364 912
365 405
365 805
367 450
367 769
368 733
368 932
369 399
369 679
370 771
372 608
373 428
374 928
374 969
375 780
377 624
378 429
378 625
380 705
381 950
382 795
383 423
383 424
383 648
384 707
384 860
385 555
386 453
387 953
391 626
391 960
392 783
393 769
395 595
396 586
396 767
396 837
398 559
399 536
402 521
403 696
403 865
403 911
404 488
405 568
406 726
408 797
409 897
410 632
410 724
411 963
412 475
413 727
414 763
417 762
418 713
418 955
419 710
420 495
420 701
422 456
422 612
422 837
426 748
427 598
427 801
428 993
429 962
430 464
431 486
431 661
431 743
432 540
433 554
433 763
435 626
435 751
436 775
436 849
436 929
437 925
438 637
440 960
441 846
442 461
442 678
444 502
445 746
445 756
446 972
447 591
449 620
449 681
449 906
449 929
451 670
451 697
452 927
453 695
454 972
456 862
457 693
458 852
458 954
459 654
459 813
460 979
462 697
462 703
463 628
464 806
465 942
466 494
467 490
468 602
468 853
468 960
469 656
470 963
473 741
474 745
474 852
474 962
476 858
478 677
478 925
479 520
482 514
483 954
484 625
485 878
487 827
488 868
489 951
490 562
491 579
492 826
493 588
494 640
495 523
495 652
497 686
499 764
501 800
503 700
504 669
505 883
506 696
507 532
507 713
508 623
509 981
510 691
512 915
513 665
515 719
515 781
517 600
520 569
522 525
522 943
522 993
523 709
525 527
526 662
527 987
528 627
529 657
529 804
530 585
530 741
530 850
531 662
533 922
535 628
535 813
537 867
538 952
540 639
541 719
542 795
543 809
543 988
545 569
545 881
546 607
546 972
547 567
547 720
548 910
549 579
549 804
551 564
551 755
551 846
552 715
552 974
553 584
553 797
554 895
556 627
557 627
557 750
557 761
558 624
559 610
559 835
559 989
560 976
561 642
565 648
566 750
568 572
569 821
569 822
570 924
573 623
574 626
575 989
576 862
577 892
581 869
582 635
587 888
590 651
590 688
591 605
592 636
592 684
592 934
595 700
595 703
597 905
599 835
600 935
601 679
603 821
612 957
614 805
615 833
616 904
616 977
618 619
619 946
621 644
621 708
623 713
624 938
624 984
625 682
625 872
626 774
630 792
631 643
631 777
632 825
632 918
634 792
634 842
635 887
635 919
645 736
645 754
646 695
648 723
648 731
650 926
653 873
654 664
655 704
655 857
657 975
663 773
663 841
668 682
670 782
670 910
670 938
672 691
672 721
672 795
674 699
675 718
676 743
679 732
683 696
685 813
688 730
689 977
690 711
692 788
694 929
698 717
705 868
707 734
708 970
708 999
714 718
715 872
716 757
718 794
722 917
727 855
728 734
729 993
730 1000
733 986
734 829
734 859
734 902
735 744
737 930
740 824
742 814
743 759
746 940
747 769
749 836
758 770
759 972
760 990
762 985
764 990
765 997
766 768
771 870
772 867
777 783
778 825
781 844
782 800
783 816
784 940
786 833
786 943
787 878
789 891
789 917
790 831
790 884
794 875
798 953
799 803
805 877
810 936
811 864
811 942
812 885
814 821
815 953
819 907
822 836
823 866
825 903
830 891
843 978
844 890
861 961
863 890
872 963
882 933
883 965
893 968
897 949
901 952
908 958
922 998
923 980
935 936
941 992
