99
2 1
3 1
4 1
5 2
6 2
7 4
8 7
9 4
10 8
11 3
12 7
13 3
14 13
15 13
16 13
17 2
18 11
19 9
20 6
21 3
22 13
23 17
24 4
25 14
26 21
27 19
28 2
29 6
30 1
31 29
32 28
33 17
34 16
35 25
36 35
37 12
38 32
39 8
40 33
41 5
42 9
43 40
44 43
45 28
46 35
47 17
48 42
49 2
50 43
51 11
52 28
53 49
54 12
55 11
56 12
57 34
58 25
59 54
60 1
61 37
62 45
63 54
64 44
65 61
66 14
67 65
68 4
69 50
70 48
71 18
72 25
73 61
74 10
75 47
76 12
77 59
78 7
79 47
80 73
81 42
82 38
83 28
84 49
85 46
86 12
87 79
88 21
89 6
90 44
91 34
92 21
93 20
94 25
95 64
96 91
97 17
98 43
99 40
98
20 47
9 75
87 80
4 54
68 21
35 58
55 47
51 31
89 14
99 4
35 19
56 77
32 40
71 91
77 2
94 19
70 7
43 13
91 13
5 16
50 60
5 5
74 40
28 1
41 37
72 13
76 87
72 41
84 17
54 33
44 20
55 80
44 72
86 68
72 27
50 85
56 18
97 73
52 57
48 16
80 52
47 7
21 81
90 45
49 24
80 83
22 32
37 35
18 68
76 21
33 64
8 73
12 63
4 89
39 89
23 28
82 79
61 66
72 49
74 94
51 27
37 76
57 35
59 45
66 9
51 56
72 71
36 85
42 66
11 89
87 35
68 97
21 38
56 70
27 32
87 95
16 97
15 42
7 22
32 65
64 16
48 53
92 91
98 29
73 96
6 5
50 87
96 82
73 47
66 5
88 75
93 56
70 6
99 14
17 86
69 53
89 8
8 94
