96
2 1
3 2
4 1
5 3
6 3
7 6
8 5
9 3
10 7
11 2
12 2
13 5
14 12
15 5
16 4
17 7
18 1
19 1
20 10
21 17
22 17
23 9
24 11
25 14
26 9
27 21
28 11
29 19
30 14
31 7
32 29
33 8
34 12
35 28
36 3
37 25
38 28
39 15
40 38
41 31
42 4
43 37
44 12
45 4
46 19
47 28
48 26
49 42
50 6
51 42
52 40
53 40
54 30
55 6
56 27
57 43
58 4
59 23
60 32
61 19
62 12
63 44
64 24
65 35
66 64
67 27
68 63
69 49
70 67
71 13
72 65
73 60
74 50
75 26
76 13
77 12
78 9
79 19
80 45
81 45
82 37
83 34
84 51
85 76
86 32
87 77
88 53
89 25
90 16
91 24
92 1
93 47
94 66
95 44
96 92
91
52 32
18 2
94 30
54 31
7 34
16 62
37 1
17 60
64 2
92 13
22 34
72 86
88 48
31 16
74 17
65 44
7 93
34 73
59 96
7 96
39 26
13 57
33 96
35 50
81 56
75 63
53 33
29 5
94 73
35 62
48 52
62 88
38 60
64 22
12 43
48 14
35 35
73 41
32 23
91 38
45 48
41 55
7 9
9 34
31 18
39 1
89 17
66 67
80 60
46 73
47 64
48 41
57 29
37 46
67 72
27 87
85 8
22 52
76 58
13 12
59 77
42 57
37 6
78 42
69 29
42 64
38 94
7 82
11 9
96 41
8 50
2 36
39 2
83 22
37 52
72 35
50 89
77 70
85 85
33 46
37 96
87 61
80 5
22 72
88 70
58 57
17 86
81 16
5 29
62 93
17 24
