969
2 1
3 1
4 1
5 2
6 3
7 3
8 3
9 3
10 4
11 10
12 11
13 10
14 13
15 6
16 12
17 12
18 6
19 6
20 19
21 13
22 17
23 17
24 13
25 20
26 24
27 4
28 27
29 12
30 25
31 23
32 17
33 5
34 2
35 19
36 1
37 1
38 36
39 22
40 1
41 8
42 9
43 15
44 15
45 5
46 5
47 32
48 37
49 38
50 4
51 41
52 1
53 24
54 26
55 26
56 22
57 32
58 6
59 28
60 11
61 15
62 34
63 50
64 48
65 55
66 40
67 42
68 47
69 68
70 2
71 32
72 53
73 28
74 22
75 55
76 1
77 51
78 77
79 5
80 13
81 48
82 66
83 26
84 56
85 82
86 70
87 41
88 24
89 84
90 69
91 12
92 71
93 17
94 16
95 19
96 1
97 9
98 80
99 89
100 23
101 62
102 81
103 68
104 52
105 15
106 22
107 56
108 9
109 37
110 108
111 51
112 54
113 73
114 53
115 92
116 55
117 39
118 117
119 80
120 45
121 71
122 60
123 53
124 102
125 62
126 28
127 17
128 75
129 57
130 23
131 21
132 42
133 107
134 17
135 110
136 13
137 66
138 65
139 61
140 111
141 10
142 71
143 115
144 27
145 81
146 63
147 84
148 67
149 20
150 52
151 85
152 90
153 73
154 116
155 55
156 123
157 147
158 150
159 158
160 97
161 9
162 126
163 146
164 99
165 135
166 36
167 126
168 147
169 60
170 101
171 90
172 33
173 126
174 88
175 135
176 18
177 153
178 59
179 92
180 79
181 80
182 50
183 68
184 119
185 34
186 80
187 17
188 137
189 83
190 170
191 152
192 32
193 185
194 41
195 100
196 143
197 179
198 11
199 125
200 48
201 93
202 85
203 17
204 41
205 97
206 205
207 97
208 186
209 32
210 113
211 118
212 200
213 55
214 21
215 35
216 34
217 99
218 80
219 189
220 182
221 126
222 169
223 166
224 78
225 7
226 121
227 5
228 138
229 182
230 35
231 142
232 181
233 157
234 98
235 48
236 87
237 228
238 169
239 177
240 195
241 230
242 204
243 33
244 212
245 106
246 5
247 157
248 89
249 67
250 146
251 133
252 149
253 208
254 196
255 250
256 15
257 53
258 223
259 236
260 195
261 228
262 171
263 93
264 243
265 260
266 239
267 191
268 21
269 134
270 240
271 37
272 6
273 171
274 118
275 78
276 20
277 144
278 90
279 272
280 103
281 106
282 276
283 190
284 104
285 246
286 72
287 81
288 236
289 162
290 168
291 266
292 114
293 21
294 269
295 128
296 70
297 195
298 226
299 286
300 206
301 47
302 291
303 165
304 12
305 160
306 154
307 47
308 98
309 152
310 161
311 29
312 215
313 192
314 80
315 237
316 200
317 262
318 24
319 264
320 45
321 174
322 99
323 315
324 83
325 38
326 107
327 43
328 214
329 161
330 319
331 236
332 147
333 55
334 51
335 282
336 18
337 4
338 15
339 310
340 292
341 57
342 189
343 305
344 75
345 14
346 195
347 59
348 253
349 338
350 180
351 209
352 58
353 345
354 212
355 168
356 153
357 202
358 179
359 236
360 97
361 214
362 121
363 68
364 184
365 159
366 277
367 358
368 268
369 135
370 56
371 74
372 285
373 116
374 127
375 50
376 286
377 299
378 39
379 137
380 171
381 54
382 46
383 10
384 133
385 292
386 180
387 146
388 30
389 369
390 303
391 125
392 133
393 51
394 8
395 242
396 289
397 150
398 318
399 266
400 162
401 377
402 340
403 144
404 17
405 279
406 221
407 176
408 197
409 303
410 41
411 404
412 318
413 332
414 335
415 336
416 193
417 334
418 222
419 191
420 226
421 15
422 404
423 187
424 67
425 191
426 342
427 298
428 296
429 404
430 161
431 176
432 298
433 91
434 262
435 304
436 59
437 413
438 211
439 52
440 203
441 394
442 392
443 107
444 265
445 38
446 84
447 112
448 274
449 343
450 285
451 319
452 320
453 293
454 49
455 204
456 385
457 146
458 302
459 391
460 411
461 254
462 385
463 390
464 432
465 203
466 348
467 286
468 415
469 402
470 52
471 429
472 276
473 181
474 261
475 380
476 266
477 415
478 262
479 85
480 203
481 415
482 402
483 381
484 478
485 149
486 304
487 172
488 349
489 100
490 232
491 467
492 414
493 366
494 347
495 480
496 378
497 443
498 263
499 260
500 165
501 327
502 6
503 499
504 377
505 143
506 144
507 54
508 501
509 267
510 192
511 486
512 428
513 7
514 409
515 491
516 265
517 470
518 455
519 14
520 414
521 269
522 353
523 331
524 359
525 134
526 170
527 368
528 189
529 155
530 5
531 22
532 258
533 362
534 339
535 510
536 245
537 240
538 388
539 251
540 149
541 167
542 159
543 474
544 221
545 110
546 105
547 259
548 124
549 281
550 191
551 203
552 35
553 166
554 323
555 34
556 389
557 253
558 285
559 70
560 546
561 345
562 246
563 42
564 73
565 373
566 522
567 194
568 172
569 344
570 143
571 473
572 362
573 498
574 567
575 228
576 64
577 52
578 246
579 21
580 360
581 399
582 307
583 375
584 127
585 78
586 177
587 214
588 582
589 184
590 574
591 311
592 245
593 407
594 404
595 550
596 459
597 83
598 146
599 58
600 564
601 240
602 529
603 495
604 50
605 120
606 227
607 242
608 557
609 26
610 475
611 91
612 298
613 177
614 379
615 246
616 182
617 429
618 284
619 179
620 149
621 421
622 577
623 269
624 283
625 484
626 225
627 483
628 62
629 165
630 103
631 325
632 297
633 303
634 67
635 166
636 212
637 513
638 68
639 396
640 423
641 94
642 9
643 163
644 329
645 266
646 529
647 145
648 639
649 564
650 577
651 188
652 307
653 18
654 58
655 128
656 494
657 624
658 424
659 410
660 119
661 138
662 305
663 128
664 76
665 189
666 627
667 126
668 481
669 73
670 57
671 613
672 477
673 2
674 309
675 402
676 343
677 523
678 34
679 385
680 440
681 58
682 572
683 24
684 578
685 682
686 631
687 457
688 577
689 236
690 82
691 111
692 180
693 186
694 401
695 447
696 615
697 114
698 136
699 390
700 311
701 657
702 466
703 340
704 83
705 134
706 571
707 470
708 128
709 218
710 36
711 16
712 109
713 583
714 387
715 31
716 681
717 86
718 477
719 173
720 4
721 551
722 506
723 325
724 435
725 301
726 397
727 182
728 615
729 319
730 591
731 706
732 224
733 520
734 532
735 643
736 375
737 264
738 154
739 174
740 438
741 73
742 24
743 175
744 367
745 35
746 6
747 115
748 353
749 665
750 479
751 730
752 108
753 641
754 157
755 166
756 395
757 531
758 662
759 132
760 258
761 459
762 571
763 308
764 692
765 27
766 622
767 480
768 482
769 426
770 639
771 152
772 97
773 419
774 609
775 332
776 397
777 494
778 653
779 289
780 752
781 78
782 129
783 45
784 307
785 170
786 613
787 342
788 467
789 257
790 420
791 443
792 14
793 742
794 359
795 414
796 486
797 568
798 695
799 8
800 170
801 523
802 33
803 34
804 682
805 501
806 78
807 675
808 313
809 641
810 516
811 785
812 546
813 712
814 180
815 577
816 366
817 371
818 21
819 168
820 512
821 730
822 704
823 340
824 191
825 376
826 94
827 76
828 699
829 345
830 791
831 570
832 384
833 715
834 239
835 732
836 372
837 177
838 499
839 23
840 731
841 715
842 510
843 80
844 268
845 180
846 629
847 166
848 285
849 699
850 837
851 677
852 245
853 610
854 641
855 640
856 98
857 522
858 561
859 388
860 767
861 669
862 98
863 596
864 51
865 522
866 134
867 846
868 180
869 293
870 110
871 493
872 473
873 780
874 777
875 805
876 796
877 140
878 219
879 820
880 520
881 66
882 494
883 309
884 582
885 430
886 190
887 869
888 528
889 547
890 601
891 611
892 711
893 20
894 738
895 530
896 600
897 233
898 411
899 624
900 743
901 820
902 685
903 751
904 883
905 93
906 302
907 623
908 87
909 643
910 613
911 811
912 709
913 8
914 398
915 876
916 503
917 192
918 525
919 331
920 874
921 275
922 465
923 691
924 769
925 871
926 291
927 631
928 870
929 103
930 915
931 239
932 253
933 766
934 462
935 333
936 351
937 501
938 771
939 891
940 192
941 577
942 690
943 830
944 259
945 238
946 843
947 245
948 535
949 14
950 288
951 84
952 14
953 674
954 402
955 292
956 553
957 149
958 872
959 762
960 281
961 452
962 493
963 561
964 919
965 828
966 312
967 770
968 212
969 276
974
205 277
949 928
2 375
401 445
186 196
824 724
795 546
406 921
405 132
2 68
691 146
782 222
546 470
622 407
128 861
708 763
444 405
775 439
168 795
653 385
423 510
76 261
700 334
160 818
858 10
746 948
194 909
696 756
378 260
36 78
58 388
68 718
536 304
528 821
561 579
87 652
924 742
317 50
507 520
591 852
498 231
311 194
427 412
781 360
646 544
554 551
253 93
815 410
498 7
136 734
771 351
349 846
886 542
603 629
596 72
554 771
13 212
267 403
535 883
502 630
889 677
162 891
366 31
882 570
311 126
693 594
323 514
965 174
251 111
486 853
809 102
69 486
756 589
200 624
851 489
313 732
841 756
879 235
219 768
311 693
169 465
343 299
569 634
639 236
38 69
605 111
531 787
363 115
714 715
888 663
699 286
709 200
628 222
805 527
370 307
913 513
167 960
587 200
176 500
42 204
305 757
932 52
891 145
869 600
796 193
301 216
591 493
322 265
366 232
698 610
413 654
257 637
768 562
474 489
624 878
289 453
454 68
487 534
663 416
965 8
515 671
363 265
170 317
440 752
473 904
660 926
726 720
509 685
333 87
600 434
455 767
317 91
107 343
618 914
734 585
468 426
960 847
954 683
125 271
545 830
418 753
123 355
23 161
564 25
853 867
308 341
854 524
857 105
718 672
462 934
55 780
222 37
293 572
150 742
393 326
104 155
591 829
565 512
355 912
116 102
540 955
576 331
108 844
847 201
826 200
408 242
724 953
744 688
597 213
63 319
197 703
40 804
345 681
398 506
791 692
968 844
5 598
746 36
128 860
496 948
917 309
142 522
12 555
213 624
684 655
234 570
646 608
557 726
98 859
184 371
206 236
147 902
634 906
383 366
554 909
348 967
933 694
347 95
842 509
436 963
114 771
47 47
316 733
107 735
873 442
157 747
667 870
476 501
540 153
713 546
685 738
203 506
924 924
950 94
513 825
916 858
44 147
956 313
874 691
94 896
423 159
150 955
81 921
131 228
817 303
831 136
921 250
313 382
272 312
456 424
100 605
489 891
148 271
367 775
194 589
242 84
561 900
948 931
131 925
86 806
866 893
256 295
653 951
745 116
87 686
258 509
481 941
126 457
271 320
475 153
122 334
629 596
329 115
447 239
546 790
542 946
962 801
261 905
104 627
807 524
43 210
363 494
822 884
167 903
315 429
776 21
167 885
242 543
428 338
933 244
602 30
856 811
712 275
186 868
333 465
887 565
75 572
699 480
100 904
843 5
917 630
137 387
184 391
252 934
692 68
802 369
497 402
937 873
800 390
158 127
544 574
446 470
739 816
942 257
145 609
938 283
462 818
262 160
37 538
375 109
676 906
631 42
299 594
584 387
396 424
487 571
354 927
46 346
148 67
140 510
727 534
71 749
809 118
132 904
488 621
814 811
888 676
815 445
322 665
410 911
532 225
10 855
345 231
324 538
297 313
647 124
511 633
547 112
931 540
454 264
77 274
200 564
387 712
495 800
696 386
38 437
290 183
32 494
20 398
748 325
943 299
363 960
262 853
339 544
520 471
886 739
597 54
175 722
941 570
535 86
180 252
663 229
797 733
475 898
866 683
435 916
855 953
966 369
814 243
284 756
663 74
339 187
560 885
455 631
668 794
76 113
394 569
889 626
159 530
743 410
218 218
853 471
724 548
738 685
204 306
206 255
812 322
446 252
818 772
302 64
227 470
594 152
279 924
382 342
561 481
108 82
824 490
318 454
528 804
6 612
181 766
267 416
2 25
615 758
319 434
904 127
168 549
618 457
752 415
117 212
171 861
525 259
250 567
682 210
574 822
928 837
951 653
148 312
386 860
798 914
919 631
493 594
476 384
7 823
485 68
386 711
26 369
651 643
108 60
437 55
486 765
276 742
824 635
943 172
910 108
909 836
774 323
285 276
377 723
525 626
104 154
632 418
348 161
507 696
160 118
824 444
632 463
919 336
599 187
13 535
617 477
137 293
238 449
191 564
32 63
910 665
102 553
116 480
620 875
686 300
167 211
156 468
103 552
534 941
463 882
517 277
211 572
948 130
260 553
40 41
172 212
926 252
367 604
640 91
920 57
354 54
629 518
401 698
95 743
196 449
389 80
748 614
381 247
564 38
632 812
571 647
67 548
495 36
487 621
136 399
492 871
667 257
304 445
905 952
552 705
586 243
190 794
254 15
658 429
511 327
632 769
848 644
75 173
20 273
56 120
230 98
89 620
291 184
198 235
295 486
19 443
601 770
657 741
619 574
673 180
304 331
26 102
106 711
373 939
747 702
536 385
856 516
777 772
933 696
64 113
110 381
913 506
275 414
74 53
716 288
250 133
792 895
288 969
532 79
900 739
466 549
909 755
170 844
874 455
710 569
107 89
240 595
926 310
475 921
58 259
510 462
752 408
779 207
277 78
34 895
85 632
654 407
815 460
722 293
593 892
3 537
384 592
529 67
65 610
410 729
93 560
20 851
93 21
244 257
292 913
800 922
34 628
221 1
587 598
373 234
394 715
13 180
515 194
214 16
253 352
948 792
918 367
39 708
170 150
72 25
367 679
739 954
259 169
263 153
157 373
322 402
106 740
331 460
225 264
340 146
822 618
505 45
229 491
551 580
773 191
63 356
917 309
242 428
522 704
773 215
829 57
753 549
253 566
656 460
165 664
359 913
318 676
243 883
168 61
383 305
891 239
959 582
215 820
160 351
947 705
820 948
951 854
69 179
487 450
258 443
267 889
756 82
623 575
873 482
575 26
870 786
20 687
703 110
205 737
94 238
477 539
51 84
147 777
367 485
183 487
187 38
504 239
358 632
25 321
320 88
836 308
191 917
351 277
811 797
360 936
70 306
206 614
585 386
705 319
141 908
27 820
7 693
196 822
185 419
344 870
58 461
614 390
624 636
765 726
922 787
367 375
947 897
215 88
450 964
754 286
837 945
707 257
208 242
402 677
124 458
660 149
193 670
761 77
640 97
574 306
259 674
18 964
317 931
844 810
831 704
519 672
185 942
624 812
443 361
758 881
71 301
624 465
19 423
442 791
668 562
215 557
819 336
529 193
890 722
30 125
663 538
219 815
546 538
470 33
588 43
272 299
947 936
692 765
788 551
100 44
442 862
83 897
791 573
341 789
842 363
806 815
48 820
667 737
940 968
927 789
528 724
607 799
914 540
223 628
240 905
100 404
622 141
563 251
57 407
173 331
13 819
673 312
241 838
372 568
84 840
404 741
22 772
859 543
216 356
644 531
889 910
32 822
711 379
609 945
925 320
314 462
127 830
905 430
106 918
185 364
818 804
666 529
716 869
692 842
572 652
456 525
884 649
883 961
514 160
659 465
10 800
70 114
667 737
115 629
428 872
108 194
509 345
736 337
903 877
818 584
138 322
858 730
392 106
422 589
389 23
494 345
528 97
646 368
663 787
900 110
313 351
226 140
265 320
7 511
175 507
787 707
426 924
937 521
531 805
897 666
818 694
936 186
776 931
378 832
506 145
701 678
596 466
490 448
295 454
700 623
842 832
957 892
740 767
746 693
375 438
689 134
130 251
796 491
705 877
702 443
398 817
317 805
448 130
540 205
100 10
414 485
239 177
83 750
185 349
340 800
427 588
350 131
273 209
832 748
374 486
516 953
909 415
951 386
588 185
824 831
475 742
463 53
1 821
400 319
612 299
945 669
731 148
199 71
75 319
889 602
472 789
401 509
712 587
177 418
443 79
190 739
618 918
854 53
191 557
256 615
80 325
66 643
237 614
77 505
259 310
78 868
496 756
578 798
146 182
776 910
93 682
412 198
634 174
901 289
97 198
595 93
85 496
422 729
425 237
338 107
202 838
503 427
167 628
548 210
434 260
502 334
547 880
774 530
623 69
675 903
752 7
787 444
445 902
549 415
184 452
938 399
511 867
956 32
308 343
609 546
742 525
697 204
39 636
320 130
656 827
102 639
387 762
285 888
832 820
641 739
26 683
204 179
129 619
633 652
104 754
413 515
242 509
375 74
338 776
334 256
960 12
897 136
236 176
396 32
950 278
142 363
661 719
387 844
507 437
762 337
584 155
320 452
967 908
738 925
764 114
883 271
47 516
907 611
177 110
482 883
943 555
684 121
51 226
516 225
179 361
474 57
295 24
801 98
865 260
469 616
563 917
725 528
902 936
460 409
946 277
297 375
833 33
565 853
604 575
253 454
773 35
629 885
84 145
74 695
503 116
274 532
494 560
577 799
773 642
665 570
955 424
606 868
216 896
690 920
664 694
630 626
939 228
293 297
82 558
662 45
315 301
160 384
886 47
638 609
388 428
472 648
468 493
727 619
925 35
645 309
495 434
161 82
253 413
467 778
53 931
552 920
639 162
858 740
829 538
