95
2 1
3 1
4 1
5 2
6 1
7 5
8 2
9 3
10 9
11 8
12 1
13 6
14 8
15 6
16 1
17 12
18 14
19 5
20 2
21 7
22 18
23 2
24 9
25 22
26 8
27 14
28 14
29 25
30 6
31 30
32 16
33 3
34 8
35 33
36 17
37 23
38 17
39 33
40 2
41 36
42 8
43 21
44 23
45 21
46 18
47 27
48 14
49 41
50 25
51 42
52 16
53 47
54 49
55 19
56 49
57 35
58 23
59 5
60 43
61 60
62 50
63 12
64 30
65 36
66 63
67 48
68 25
69 23
70 33
71 42
72 63
73 36
74 49
75 59
76 4
77 26
78 53
79 4
80 8
81 29
82 72
83 25
84 78
85 27
86 17
87 2
88 32
89 63
90 51
91 82
92 31
93 53
94 46
95 88
100
1 17
14 64
59 12
12 14
76 1
52 9
61 45
84 15
74 76
82 27
45 20
64 4
70 28
29 37
5 35
31 77
1 23
13 74
33 71
88 46
14 2
52 6
26 76
35 4
95 36
80 4
48 92
89 70
57 64
14 48
90 58
93 6
7 81
5 72
86 62
45 20
78 90
2 5
93 46
51 74
5 1
56 37
2 84
33 23
5 31
32 41
61 39
9 51
86 76
19 89
77 28
14 9
63 77
70 72
6 39
34 6
5 40
1 80
15 95
40 3
85 20
83 30
18 77
82 60
6 71
33 1
55 1
16 27
17 15
13 13
74 53
31 28
26 2
41 30
10 35
79 91
57 73
94 90
41 47
25 71
72 49
39 6
28 78
9 51
17 3
8 53
53 30
8 54
39 59
6 39
52 47
62 27
76 1
28 60
90 75
54 29
58 26
58 4
47 2
36 12
