958
2 1
3 2
4 1
5 2
6 5
7 6
8 3
9 4
10 3
11 1
12 5
13 6
14 6
15 5
16 10
17 2
18 16
19 9
20 17
21 13
22 2
23 4
24 15
25 12
26 3
27 16
28 14
29 4
30 6
31 8
32 24
33 10
34 2
35 1
36 11
37 31
38 29
39 2
40 14
41 30
42 41
43 21
44 32
45 33
46 44
47 40
48 7
49 40
50 39
51 5
52 14
53 10
54 47
55 2
56 20
57 2
58 5
59 43
60 31
61 11
62 14
63 11
64 53
65 4
66 57
67 4
68 20
69 28
70 19
71 54
72 12
73 31
74 53
75 53
76 13
77 40
78 27
79 73
80 31
81 53
82 4
83 51
84 65
85 2
86 10
87 39
88 31
89 54
90 74
91 8
92 17
93 53
94 87
95 8
96 63
97 20
98 88
99 66
100 82
101 52
102 45
103 35
104 20
105 31
106 50
107 49
108 95
109 81
110 98
111 71
112 111
113 9
114 4
115 103
116 68
117 30
118 27
119 16
120 89
121 10
122 109
123 101
124 62
125 62
126 35
127 23
128 97
129 60
130 9
131 50
132 106
133 11
134 42
135 53
136 63
137 111
138 126
139 84
140 139
141 82
142 107
143 114
144 104
145 117
146 112
147 49
148 67
149 109
150 11
151 70
152 46
153 30
154 56
155 138
156 30
157 151
158 31
159 64
160 90
161 59
162 48
163 66
164 162
165 34
166 131
167 67
168 150
169 110
170 145
171 147
172 92
173 55
174 66
175 76
176 77
177 23
178 51
179 159
180 39
181 147
182 102
183 49
184 51
185 72
186 3
187 82
188 160
189 123
190 133
191 122
192 75
193 17
194 145
195 158
196 135
197 23
198 83
199 76
200 131
201 116
202 146
203 200
204 2
205 82
206 22
207 156
208 127
209 49
210 119
211 169
212 204
213 140
214 96
215 69
216 163
217 34
218 15
219 83
220 116
221 174
222 38
223 175
224 154
225 63
226 203
227 73
228 120
229 104
230 166
231 196
232 164
233 113
234 9
235 1
236 46
237 157
238 87
239 179
240 238
241 146
242 147
243 87
244 97
245 153
246 181
247 229
248 66
249 67
250 168
251 208
252 165
253 248
254 54
255 225
256 229
257 196
258 39
259 22
260 241
261 137
262 123
263 159
264 155
265 182
266 195
267 184
268 150
269 203
270 106
271 245
272 255
273 59
274 34
275 116
276 201
277 108
278 45
279 130
280 135
281 179
282 261
283 208
284 7
285 118
286 274
287 69
288 148
289 288
290 31
291 159
292 118
293 92
294 173
295 61
296 9
297 154
298 147
299 29
300 206
301 12
302 172
303 86
304 161
305 154
306 158
307 136
308 33
309 143
310 33
311 24
312 59
313 90
314 143
315 173
316 248
317 47
318 315
319 296
320 242
321 275
322 78
323 10
324 15
325 195
326 60
327 265
328 287
329 165
330 69
331 294
332 196
333 117
334 106
335 145
336 178
337 289
338 281
339 196
340 213
341 198
342 11
343 259
344 105
345 177
346 117
347 15
348 257
349 327
350 164
351 174
352 351
353 125
354 39
355 149
356 199
357 65
358 196
359 68
360 190
361 63
362 335
363 144
364 35
365 240
366 185
367 142
368 136
369 191
370 175
371 140
372 247
373 367
374 137
375 138
376 150
377 95
378 212
379 165
380 202
381 374
382 340
383 342
384 98
385 63
386 253
387 280
388 154
389 234
390 334
391 117
392 365
393 337
394 228
395 309
396 176
397 375
398 348
399 142
400 293
401 293
402 357
403 22
404 391
405 172
406 290
407 144
408 203
409 156
410 309
411 88
412 64
413 365
414 211
415 280
416 110
417 280
418 77
419 173
420 93
421 174
422 90
423 28
424 121
425 338
426 202
427 295
428 200
429 62
430 336
431 168
432 206
433 353
434 276
435 203
436 324
437 140
438 235
439 137
440 274
441 81
442 134
443 12
444 172
445 67
446 53
447 54
448 169
449 329
450 339
451 40
452 168
453 222
454 358
455 225
456 266
457 10
458 279
459 99
460 283
461 263
462 94
463 59
464 22
465 133
466 63
467 180
468 258
469 59
470 7
471 73
472 460
473 397
474 183
475 233
476 230
477 276
478 220
479 439
480 110
481 432
482 434
483 412
484 80
485 477
486 364
487 441
488 452
489 329
490 311
491 16
492 11
493 400
494 455
495 70
496 28
497 433
498 60
499 128
500 145
501 146
502 500
503 383
504 429
505 239
506 288
507 83
508 58
509 244
510 353
511 472
512 199
513 303
514 173
515 282
516 23
517 163
518 163
519 170
520 432
521 160
522 138
523 486
524 327
525 420
526 498
527 56
528 140
529 451
530 524
531 373
532 108
533 8
534 101
535 244
536 458
537 346
538 400
539 71
540 237
541 488
542 84
543 492
544 134
545 261
546 169
547 392
548 277
549 384
550 118
551 15
552 34
553 446
554 367
555 67
556 328
557 47
558 176
559 252
560 87
561 365
562 186
563 107
564 92
565 497
566 292
567 558
568 38
569 307
570 135
571 420
572 353
573 183
574 516
575 439
576 238
577 562
578 546
579 100
580 74
581 249
582 281
583 470
584 12
585 211
586 299
587 168
588 501
589 402
590 552
591 300
592 9
593 590
594 148
595 196
596 387
597 145
598 209
599 513
600 196
601 212
602 528
603 263
604 275
605 205
606 153
607 447
608 83
609 23
610 480
611 185
612 36
613 429
614 10
615 571
616 525
617 495
618 379
619 388
620 609
621 271
622 330
623 408
624 537
625 454
626 61
627 431
628 565
629 261
630 464
631 556
632 259
633 300
634 276
635 66
636 539
637 394
638 190
639 340
640 188
641 146
642 543
643 424
644 380
645 184
646 514
647 84
648 236
649 635
650 523
651 355
652 449
653 380
654 251
655 293
656 448
657 405
658 309
659 527
660 577
661 640
662 351
663 494
664 605
665 235
666 241
667 501
668 190
669 355
670 267
671 429
672 456
673 38
674 48
675 25
676 273
677 167
678 541
679 437
680 562
681 485
682 260
683 212
684 82
685 297
686 133
687 462
688 210
689 604
690 306
691 250
692 204
693 618
694 81
695 235
696 462
697 594
698 385
699 539
700 75
701 75
702 276
703 329
704 697
705 208
706 297
707 502
708 593
709 568
710 267
711 10
712 289
713 664
714 400
715 161
716 562
717 56
718 255
719 643
720 316
721 698
722 30
723 461
724 406
725 695
726 688
727 584
728 29
729 527
730 438
731 116
732 563
733 166
734 618
735 416
736 660
737 721
738 129
739 528
740 699
741 489
742 151
743 660
744 543
745 129
746 567
747 550
748 550
749 367
750 311
751 514
752 716
753 703
754 213
755 187
756 450
757 304
758 110
759 79
760 658
761 404
762 260
763 89
764 421
765 696
766 186
767 25
768 263
769 362
770 699
771 380
772 471
773 426
774 260
775 617
776 428
777 217
778 214
779 408
780 576
781 693
782 375
783 542
784 247
785 235
786 66
787 460
788 87
789 435
790 221
791 6
792 64
793 592
794 74
795 33
796 748
797 322
798 4
799 356
800 9
801 218
802 568
803 714
804 675
805 149
806 256
807 674
808 588
809 113
810 756
811 522
812 482
813 206
814 209
815 615
816 13
817 751
818 807
819 462
820 347
821 286
822 281
823 138
824 135
825 788
826 486
827 542
828 206
829 11
830 298
831 393
832 671
833 161
834 528
835 774
836 429
837 152
838 338
839 693
840 71
841 120
842 191
843 394
844 94
845 799
846 779
847 512
848 548
849 74
850 754
851 137
852 829
853 265
854 483
855 298
856 96
857 247
858 335
859 718
860 706
861 851
862 20
863 29
864 211
865 448
866 175
867 57
868 204
869 662
870 825
871 728
872 129
873 583
874 237
875 714
876 312
877 154
878 606
879 778
880 459
881 524
882 107
883 662
884 485
885 430
886 504
887 248
888 36
889 249
890 498
891 281
892 329
893 70
894 500
895 453
896 177
897 822
898 332
899 634
900 373
901 667
902 600
903 187
904 417
905 420
906 268
907 379
908 148
909 257
910 683
911 903
912 352
913 405
914 809
915 380
916 539
917 551
918 168
919 114
920 500
921 850
922 282
923 706
924 782
925 761
926 91
927 386
928 279
929 451
930 360
931 719
932 720
933 751
934 687
935 78
936 556
937 681
938 417
939 814
940 658
941 712
942 317
943 927
944 786
945 694
946 722
947 7
948 270
949 939
950 789
951 733
952 561
953 226
954 530
955 260
956 372
957 831
958 830
976
230 88
906 721
848 778
378 93
534 491
671 313
238 40
335 897
382 273
353 762
78 804
603 478
636 218
594 106
615 448
201 76
195 363
450 77
161 282
661 758
428 731
3 485
674 412
942 852
431 206
565 755
134 165
688 891
221 885
751 875
504 308
568 2
21 723
763 823
533 250
296 140
164 20
162 129
70 433
682 220
490 366
99 19
772 380
779 803
947 578
189 103
499 824
623 54
474 89
847 715
233 114
301 173
684 701
347 737
699 578
845 525
718 499
616 497
811 773
822 584
361 862
282 773
62 151
395 409
59 200
239 435
932 322
118 804
772 393
174 294
761 23
956 760
667 124
196 744
168 502
421 636
595 284
243 285
643 793
718 593
499 642
640 435
114 681
469 130
609 580
276 956
436 495
392 723
206 39
898 512
243 813
89 568
643 386
3 861
473 145
176 392
694 948
532 237
705 780
602 701
32 580
268 240
603 506
589 170
405 626
500 78
388 195
486 119
134 692
316 469
786 906
758 17
156 702
71 768
11 813
574 790
945 375
112 201
678 434
341 59
672 107
104 716
184 558
307 713
72 929
56 469
594 566
381 777
268 592
144 124
941 936
593 167
878 808
386 75
387 708
811 708
825 284
463 26
18 589
777 936
480 306
59 943
274 767
741 674
71 299
905 188
34 390
713 180
208 410
761 768
480 181
787 787
264 435
100 637
254 946
882 201
252 683
664 474
265 528
144 844
285 414
742 209
690 479
85 401
692 811
90 851
31 143
461 519
163 743
137 510
222 413
328 258
74 212
106 762
273 827
757 518
226 614
591 623
782 546
586 750
298 910
254 271
732 10
557 662
781 193
148 557
853 900
954 717
384 66
817 199
450 14
693 831
515 243
360 680
927 836
408 701
22 616
576 176
404 507
497 309
886 687
228 856
152 799
175 64
518 142
190 586
795 693
24 743
96 425
225 346
543 495
760 645
220 847
161 48
955 857
327 216
268 171
786 300
569 398
421 779
820 458
363 36
401 60
304 802
646 500
957 396
426 635
794 916
748 547
444 744
286 726
720 43
474 64
293 686
206 106
706 688
723 420
650 623
324 913
552 923
620 51
422 799
286 25
370 474
518 443
899 587
692 689
662 744
901 692
510 149
368 479
509 60
761 244
17 562
421 545
501 895
735 725
839 706
158 442
749 50
152 339
110 729
177 214
636 255
609 232
478 484
598 892
762 551
177 682
82 106
26 702
227 732
604 284
77 647
417 170
174 693
397 293
226 744
249 735
114 2
917 925
36 784
750 749
650 812
366 702
679 443
151 395
322 120
280 280
54 932
527 609
80 259
798 215
870 47
947 667
438 518
883 259
532 734
276 558
146 578
96 194
549 7
305 237
763 798
896 392
656 568
377 48
542 386
677 625
946 615
27 781
790 631
769 406
265 676
107 404
57 789
279 435
90 160
267 274
133 535
296 155
170 37
488 844
791 455
831 769
74 334
596 250
300 876
27 571
677 197
430 702
86 711
441 238
257 221
700 158
908 107
302 305
392 752
82 793
512 87
188 702
229 210
331 901
86 955
909 321
656 403
262 679
742 523
267 409
114 297
601 628
322 750
375 179
568 224
735 633
281 12
504 800
172 726
307 191
803 528
387 36
491 20
482 841
774 156
44 351
795 468
833 842
560 933
132 811
950 723
419 273
939 423
142 258
135 678
117 415
871 549
244 128
593 251
667 24
786 450
119 476
307 377
17 774
105 345
383 873
414 253
127 254
756 128
269 804
130 747
560 941
11 674
28 408
292 317
172 850
94 771
782 92
371 764
539 250
283 346
76 417
834 496
56 580
374 771
405 380
24 20
941 822
173 901
473 228
296 240
97 240
361 906
753 470
522 881
730 594
436 42
104 619
517 511
610 639
864 870
286 812
193 312
900 386
887 25
636 655
890 22
564 715
527 607
327 59
656 711
884 476
837 502
859 9
281 163
446 732
929 807
665 234
606 244
35 677
765 628
214 378
865 652
188 249
811 798
608 225
801 381
857 829
257 945
362 134
921 326
946 150
111 456
811 86
18 571
669 892
657 837
179 340
21 15
48 311
818 567
561 472
69 910
260 343
300 35
158 184
476 401
176 909
93 200
318 515
13 14
678 820
235 358
404 114
901 819
286 32
688 660
38 59
505 412
586 423
130 44
845 479
128 673
382 385
607 281
942 573
405 481
275 423
742 763
339 253
703 384
650 776
201 49
779 209
750 395
883 128
390 513
903 502
891 542
214 795
737 47
88 587
9 868
205 175
402 332
146 326
55 557
129 621
652 827
256 768
736 401
46 488
913 843
461 942
294 20
670 760
609 407
469 288
254 894
780 505
848 241
609 323
772 285
952 465
100 815
771 452
830 315
949 667
617 652
772 793
599 402
867 758
945 24
721 768
150 416
538 70
107 318
558 476
489 352
683 573
505 873
460 362
192 832
868 342
586 414
814 376
878 470
373 861
797 116
18 21
369 10
280 60
673 194
383 580
450 569
106 884
511 55
202 367
818 782
762 121
213 414
587 129
133 658
619 782
222 954
555 503
288 488
362 192
304 357
739 300
699 490
244 334
341 80
47 121
346 470
780 157
285 637
46 844
872 690
579 104
286 506
529 387
112 127
528 692
414 662
878 388
173 685
530 192
845 784
680 748
2 832
822 95
408 39
330 457
475 252
731 551
951 298
218 16
371 26
844 616
208 908
476 880
735 887
266 938
527 426
330 937
478 750
746 870
686 30
235 440
789 594
147 183
894 389
616 924
487 477
480 953
733 557
332 47
360 237
414 872
339 757
347 761
323 578
84 197
434 821
627 843
246 57
259 533
742 506
848 194
813 860
270 462
209 759
25 331
51 871
469 746
397 135
311 628
245 148
510 451
909 85
11 539
869 473
45 614
603 785
457 609
678 18
343 431
177 114
823 371
761 389
260 498
409 408
514 42
301 304
8 405
759 710
209 360
331 751
368 708
632 954
291 305
608 599
99 670
576 735
309 692
809 732
787 886
26 893
441 666
923 295
741 29
284 178
393 700
476 906
108 787
73 585
287 912
809 486
809 553
364 163
220 36
367 83
840 207
101 366
579 265
645 105
895 501
419 142
859 188
306 804
696 860
806 260
721 375
854 684
152 552
835 214
719 841
256 482
466 755
562 161
21 889
937 622
322 642
39 177
679 271
416 361
444 409
260 611
185 418
360 621
936 339
629 939
107 322
942 679
544 833
543 110
699 204
817 285
941 566
78 215
347 65
686 306
492 303
114 9
576 433
53 541
257 853
5 25
361 902
647 311
184 917
87 485
457 69
799 651
25 350
270 516
460 627
636 279
208 27
575 438
877 700
509 343
928 432
676 100
173 575
130 727
166 931
694 70
270 653
98 646
646 873
496 895
553 113
832 522
728 641
934 736
210 119
439 558
40 24
100 206
172 141
582 802
929 199
689 484
950 448
262 301
644 857
485 475
656 543
128 189
560 773
248 306
233 44
148 522
797 54
10 193
576 647
749 533
382 287
339 214
308 112
525 439
880 50
317 894
109 171
28 590
83 425
588 1
735 142
828 845
583 433
57 724
683 309
769 811
601 791
546 394
700 332
428 424
839 810
876 684
859 443
71 197
285 709
806 843
895 123
281 294
572 335
57 694
712 271
639 285
66 696
820 388
404 41
528 710
423 286
693 156
895 751
801 891
485 203
397 347
693 44
288 536
553 530
442 861
626 475
200 433
366 654
810 277
920 413
657 839
251 465
851 915
73 822
705 6
249 209
131 765
829 867
465 141
71 197
440 414
739 45
506 664
856 513
786 655
818 661
420 792
245 800
272 859
681 630
422 91
517 442
262 1
900 908
779 211
251 105
292 580
920 567
445 346
58 438
499 177
146 625
898 210
437 581
507 344
760 377
628 395
857 679
703 700
665 761
745 79
167 874
475 255
912 778
106 901
572 290
802 298
549 377
249 797
554 220
672 169
292 700
831 784
389 730
83 843
287 946
136 549
275 483
171 785
491 717
492 74
255 41
860 626
453 132
805 938
57 846
307 763
874 372
83 24
303 669
896 688
951 709
875 98
28 234
917 282
725 858
149 148
86 590
668 39
247 841
920 715
693 73
641 242
571 225
453 385
404 577
423 529
534 183
421 783
834 685
936 385
62 87
858 295
695 676
639 532
276 314
423 630
5 378
447 878
99 462
914 826
42 727
882 604
123 724
409 684
428 73
710 67
433 603
13 121
854 239
380 23
832 265
837 663
872 44
173 378
224 193
661 724
474 729
417 259
176 469
701 631
317 497
571 478
851 724
532 145
628 697
499 134
733 809
366 924
95 19
139 639
609 576
682 487
186 461
855 308
62 951
59 32
713 859
513 711
860 143
686 834
408 174
600 409
837 493
143 633
826 403
28 717
