100
2 1
3 2
4 2
5 3
6 5
7 4
8 4
9 4
10 4
11 2
12 10
13 2
14 11
15 3
16 9
17 9
18 17
19 14
20 15
21 13
22 5
23 13
24 4
25 2
26 19
27 1
28 13
29 12
30 3
31 16
32 11
33 7
34 13
35 22
36 34
37 9
38 10
39 14
40 27
41 11
42 27
43 38
44 41
45 19
46 23
47 27
48 47
49 13
50 32
51 18
52 14
53 18
54 12
55 12
56 41
57 15
58 22
59 43
60 36
61 32
62 7
63 57
64 24
65 50
66 11
67 18
68 33
69 40
70 3
71 14
72 41
73 15
74 43
75 33
76 39
77 34
78 62
79 15
80 31
81 78
82 14
83 75
84 80
85 79
86 77
87 56
88 9
89 18
90 85
91 5
92 20
93 49
94 37
95 45
96 88
97 90
98 64
99 46
100 33
94
40 40
31 94
44 48
7 43
46 17
82 78
74 89
34 10
11 90
43 87
52 90
7 10
19 7
88 71
32 63
37 41
43 93
64 58
9 31
55 77
95 62
70 66
92 73
66 10
38 46
62 40
16 83
57 56
15 98
93 8
13 42
39 66
49 68
80 67
94 87
94 44
23 72
57 40
76 6
38 91
15 55
92 5
13 53
54 40
87 23
22 94
49 30
57 80
94 12
40 10
81 92
60 68
10 31
15 58
44 93
58 57
40 18
25 28
80 97
26 52
14 93
33 61
76 87
81 59
79 81
14 53
16 6
54 29
89 92
61 42
10 96
96 17
1 46
61 49
3 62
9 78
72 24
1 86
63 17
77 15
15 36
56 70
63 18
47 32
50 89
81 7
68 57
98 57
80 95
61 54
9 24
11 61
81 4
79 55
