967
2 1
3 1
4 3
5 4
6 4
7 1
8 5
9 3
10 1
11 10
12 7
13 12
14 13
15 9
16 6
17 3
18 15
19 12
20 11
21 4
22 8
23 20
24 13
25 3
26 22
27 16
28 17
29 2
30 9
31 29
32 7
33 6
34 8
35 15
36 29
37 33
38 20
39 34
40 20
41 11
42 5
43 29
44 23
45 13
46 14
47 18
48 1
49 36
50 16
51 50
52 15
53 36
54 1
55 11
56 6
57 34
58 23
59 45
60 4
61 13
62 47
63 58
64 26
65 22
66 39
67 64
68 5
69 56
70 22
71 44
72 39
73 1
74 41
75 10
76 60
77 2
78 40
79 75
80 6
81 67
82 6
83 82
84 45
85 29
86 75
87 8
88 73
89 87
90 35
91 38
92 67
93 53
94 47
95 39
96 6
97 20
98 70
99 51
100 62
101 64
102 71
103 91
104 95
105 84
106 32
107 95
108 63
109 53
110 7
111 8
112 5
113 95
114 59
115 30
116 90
117 100
118 95
119 28
120 98
121 120
122 45
123 33
124 101
125 27
126 85
127 27
128 26
129 126
130 55
131 115
132 119
133 69
134 99
135 23
136 64
137 92
138 108
139 35
140 50
141 34
142 121
143 87
144 94
145 89
146 61
147 24
148 52
149 147
150 33
151 7
152 103
153 39
154 129
155 118
156 42
157 98
158 14
159 107
160 89
161 151
162 90
163 32
164 122
165 3
166 140
167 111
168 107
169 57
170 20
171 45
172 114
173 147
174 76
175 81
176 147
177 64
178 26
179 84
180 86
181 64
182 103
183 131
184 55
185 139
186 145
187 88
188 79
189 154
190 116
191 133
192 22
193 156
194 91
195 66
196 100
197 42
198 111
199 14
200 71
201 180
202 190
203 45
204 9
205 174
206 171
207 38
208 113
209 180
210 107
211 141
212 79
213 194
214 169
215 43
216 45
217 36
218 170
219 217
220 130
221 32
222 196
223 87
224 21
225 175
226 95
227 151
228 104
229 163
230 168
231 158
232 6
233 132
234 191
235 7
236 88
237 218
238 82
239 221
240 212
241 149
242 47
243 189
244 11
245 54
246 83
247 20
248 245
249 51
250 143
251 1
252 79
253 66
254 250
255 206
256 2
257 238
258 246
259 192
260 228
261 89
262 253
263 14
264 140
265 145
266 166
267 234
268 144
269 224
270 101
271 126
272 221
273 67
274 100
275 148
276 89
277 190
278 95
279 210
280 151
281 278
282 256
283 237
284 280
285 18
286 111
287 55
288 264
289 251
290 231
291 166
292 179
293 76
294 273
295 22
296 267
297 11
298 27
299 175
300 79
301 22
302 50
303 101
304 183
305 111
306 214
307 71
308 84
309 252
310 218
311 291
312 127
313 103
314 43
315 292
316 199
317 107
318 38
319 96
320 24
321 310
322 125
323 254
324 290
325 285
326 169
327 36
328 174
329 291
330 297
331 10
332 273
333 226
334 113
335 200
336 149
337 200
338 158
339 123
340 201
341 135
342 224
343 170
344 104
345 286
346 204
347 224
348 244
349 2
350 295
351 181
352 182
353 221
354 188
355 118
356 64
357 323
358 76
359 299
360 310
361 272
362 261
363 163
364 50
365 243
366 97
367 43
368 289
369 158
370 277
371 298
372 307
373 204
374 18
375 81
376 242
377 89
378 5
379 14
380 322
381 361
382 232
383 75
384 186
385 306
386 279
387 126
388 125
389 162
390 208
391 116
392 178
393 258
394 267
395 107
396 325
397 77
398 87
399 162
400 368
401 274
402 252
403 180
404 344
405 265
406 17
407 90
408 115
409 362
410 153
411 147
412 283
413 118
414 254
415 107
416 86
417 340
418 93
419 377
420 139
421 118
422 245
423 291
424 113
425 313
426 291
427 376
428 346
429 29
430 201
431 48
432 332
433 370
434 286
435 286
436 219
437 272
438 12
439 269
440 166
441 400
442 85
443 211
444 295
445 317
446 403
447 233
448 205
449 36
450 31
451 107
452 340
453 167
454 245
455 326
456 449
457 270
458 227
459 97
460 415
461 2
462 298
463 7
464 1
465 432
466 173
467 163
468 404
469 228
470 378
471 414
472 461
473 11
474 366
475 200
476 159
477 64
478 56
479 447
480 170
481 384
482 361
483 147
484 414
485 270
486 342
487 295
488 371
489 152
490 11
491 179
492 357
493 324
494 20
495 50
496 268
497 107
498 292
499 145
500 465
501 273
502 426
503 221
504 472
505 340
506 413
507 258
508 406
509 385
510 357
511 432
512 507
513 74
514 379
515 312
516 386
517 218
518 274
519 184
520 325
521 431
522 10
523 12
524 252
525 75
526 382
527 365
528 507
529 244
530 174
531 358
532 246
533 416
534 309
535 57
536 232
537 82
538 171
539 504
540 69
541 255
542 38
543 95
544 475
545 33
546 233
547 46
548 317
549 367
550 369
551 503
552 332
553 19
554 522
555 374
556 324
557 20
558 145
559 512
560 307
561 250
562 537
563 489
564 97
565 84
566 90
567 483
568 441
569 437
570 506
571 521
572 504
573 462
574 255
575 92
576 379
577 421
578 18
579 83
580 503
581 94
582 506
583 255
584 435
585 149
586 511
587 82
588 88
589 421
590 238
591 149
592 211
593 253
594 56
595 543
596 529
597 73
598 514
599 315
600 323
601 309
602 191
603 487
604 498
605 390
606 320
607 335
608 24
609 151
610 563
611 165
612 601
613 106
614 558
615 378
616 39
617 316
618 411
619 411
620 391
621 268
622 620
623 184
624 439
625 109
626 82
627 508
628 451
629 575
630 16
631 251
632 91
633 330
634 114
635 503
636 264
637 356
638 141
639 567
640 137
641 54
642 351
643 355
644 419
645 211
646 275
647 90
648 76
649 576
650 88
651 399
652 354
653 125
654 343
655 353
656 59
657 186
658 103
659 395
660 266
661 39
662 593
663 262
664 651
665 269
666 79
667 605
668 667
669 111
670 596
671 525
672 378
673 418
674 181
675 310
676 318
677 5
678 657
679 200
680 430
681 538
682 371
683 72
684 413
685 670
686 634
687 639
688 338
689 629
690 443
691 416
692 228
693 692
694 47
695 144
696 19
697 197
698 427
699 371
700 211
701 415
702 77
703 433
704 554
705 59
706 151
707 153
708 410
709 268
710 145
711 519
712 674
713 384
714 680
715 569
716 389
717 289
718 203
719 134
720 267
721 285
722 332
723 325
724 494
725 666
726 556
727 318
728 437
729 499
730 642
731 445
732 498
733 528
734 642
735 353
736 240
737 194
738 37
739 58
740 376
741 257
742 131
743 221
744 544
745 188
746 448
747 657
748 607
749 333
750 54
751 177
752 483
753 466
754 635
755 749
756 610
757 257
758 640
759 597
760 89
761 429
762 569
763 501
764 23
765 195
766 713
767 492
768 63
769 502
770 118
771 421
772 490
773 19
774 457
775 181
776 599
777 533
778 187
779 352
780 160
781 134
782 495
783 36
784 295
785 5
786 413
787 429
788 165
789 618
790 394
791 311
792 207
793 237
794 701
795 91
796 729
797 439
798 728
799 335
800 175
801 439
802 17
803 717
804 524
805 542
806 503
807 741
808 327
809 276
810 60
811 110
812 184
813 217
814 645
815 129
816 339
817 340
818 228
819 803
820 771
821 712
822 174
823 758
824 580
825 554
826 146
827 624
828 515
829 352
830 592
831 806
832 670
833 37
834 780
835 268
836 241
837 803
838 4
839 81
840 81
841 767
842 658
843 288
844 113
845 233
846 648
847 234
848 220
849 433
850 248
851 27
852 714
853 299
854 608
855 351
856 657
857 572
858 191
859 316
860 850
861 679
862 851
863 331
864 214
865 545
866 711
867 675
868 578
869 29
870 196
871 142
872 647
873 112
874 515
875 129
876 264
877 770
878 877
879 625
880 496
881 316
882 5
883 409
884 335
885 763
886 697
887 665
888 258
889 220
890 492
891 264
892 292
893 346
894 239
895 647
896 799
897 10
898 53
899 269
900 414
901 780
902 312
903 703
904 898
905 142
906 489
907 845
908 84
909 324
910 12
911 586
912 481
913 723
914 906
915 729
916 446
917 437
918 601
919 718
920 308
921 600
922 70
923 174
924 722
925 723
926 560
927 891
928 786
929 704
930 357
931 20
932 540
933 360
934 217
935 183
936 372
937 394
938 891
939 290
940 14
941 160
942 436
943 252
944 630
945 408
946 410
947 423
948 847
949 20
950 250
951 614
952 881
953 226
954 823
955 638
956 102
957 401
958 626
959 677
960 104
961 803
962 529
963 874
964 737
965 73
966 522
967 332
967
111 52
17 379
274 700
82 716
275 666
4 957
25 142
642 908
745 527
585 395
180 440
400 733
150 824
715 512
54 327
424 717
244 665
736 935
118 782
11 768
666 953
516 232
626 956
965 244
114 616
102 198
59 645
894 45
505 574
474 262
962 54
710 937
497 352
609 935
823 249
3 195
807 60
854 467
254 168
918 318
574 761
252 840
607 525
609 708
389 8
511 512
478 311
800 491
757 318
399 698
31 163
761 167
849 176
805 143
376 955
196 627
851 677
199 902
488 421
661 960
444 321
666 843
896 492
937 532
23 279
708 404
686 451
475 223
217 639
316 751
829 217
399 87
581 408
848 781
933 208
676 338
903 52
33 154
783 701
653 197
500 1
62 483
67 298
209 230
194 102
115 331
259 689
948 349
922 442
365 883
134 642
863 702
227 34
883 433
498 661
58 723
500 56
32 894
433 487
553 309
568 169
395 929
218 405
182 689
787 689
403 31
457 21
209 482
471 271
958 216
819 257
255 169
597 186
521 738
689 171
777 216
545 156
202 336
459 165
92 464
341 142
94 203
563 262
470 933
953 879
483 666
476 456
27 50
455 602
282 280
580 496
173 928
275 950
946 40
433 903
93 304
683 339
233 334
248 189
910 264
575 422
238 761
634 9
368 552
430 576
550 612
616 7
246 379
99 702
564 599
305 630
959 396
675 965
786 717
965 863
495 445
455 537
312 2
879 378
807 896
655 789
321 780
374 237
679 622
713 717
247 962
579 144
508 735
315 272
166 894
961 747
36 653
102 564
21 521
551 566
928 964
379 402
224 798
752 338
210 557
777 4
222 578
342 19
284 455
869 901
635 193
115 46
212 705
909 425
557 822
566 212
317 171
483 208
717 49
965 128
71 941
878 667
222 800
593 200
867 272
755 356
803 918
378 13
397 82
535 539
765 495
507 252
23 914
325 224
747 256
202 338
689 508
280 169
608 883
891 904
183 288
525 287
548 129
685 633
414 449
509 851
846 341
575 820
429 91
675 771
387 910
605 37
886 317
318 32
227 718
908 141
139 608
806 654
196 712
228 562
713 462
786 789
752 856
440 809
928 599
286 624
291 590
727 842
152 734
587 233
577 140
563 890
69 726
906 786
182 196
844 668
400 899
463 440
568 966
459 659
717 81
865 962
396 139
915 633
184 522
352 942
255 888
880 82
609 890
706 146
108 558
726 355
37 691
960 82
440 917
59 891
349 190
253 228
861 895
219 584
113 356
946 369
123 949
646 7
14 923
648 274
81 842
774 323
687 731
902 853
871 659
926 481
705 615
712 152
572 942
285 677
282 625
889 947
877 626
556 690
555 239
586 138
282 847
259 254
954 887
245 769
900 270
410 171
100 963
329 422
158 872
906 40
452 816
159 304
562 332
583 554
621 740
241 445
844 390
774 957
825 505
130 605
422 197
199 401
576 814
566 4
548 702
113 449
722 352
950 849
371 598
950 508
823 485
216 247
100 205
534 650
366 309
429 893
51 551
322 228
808 272
561 962
77 913
821 317
357 293
897 817
890 755
334 519
496 519
313 253
502 721
528 33
860 611
128 862
758 140
424 94
821 574
447 219
893 85
337 703
339 675
532 737
636 726
366 35
965 749
195 395
273 266
215 471
220 783
480 183
286 932
866 628
475 746
330 694
834 719
256 374
127 953
748 589
826 204
444 738
739 648
632 281
841 928
636 483
342 642
472 853
298 273
793 447
47 479
485 885
854 923
424 365
727 220
505 675
942 325
760 385
310 925
183 450
847 925
425 578
570 937
833 745
245 13
263 156
585 235
129 202
371 462
501 216
303 614
449 147
522 812
848 54
813 856
832 619
887 437
759 630
504 131
383 667
218 903
80 472
211 397
779 626
64 896
309 434
275 345
863 388
67 810
270 511
201 631
60 224
514 557
522 287
958 663
70 622
28 397
771 313
218 376
221 266
561 173
140 564
740 718
350 548
608 429
518 901
379 517
792 361
354 883
639 863
676 771
429 6
733 17
266 948
140 940
523 634
530 153
66 559
770 666
410 823
739 749
933 889
464 342
896 687
565 686
80 73
110 77
365 510
209 926
889 716
470 703
462 752
457 300
959 873
903 637
471 692
852 692
161 250
536 349
35 809
808 504
47 582
157 937
521 782
507 552
320 802
130 732
312 114
667 186
487 273
350 196
352 823
44 700
225 944
373 533
56 659
854 240
391 823
444 704
519 967
776 445
304 100
60 612
871 892
601 158
850 787
727 126
942 501
752 167
903 315
276 2
652 947
748 189
78 675
792 162
759 292
195 412
787 896
920 140
141 11
940 587
543 936
4 267
347 367
22 88
293 459
470 216
822 143
155 746
38 749
686 35
168 366
370 94
169 512
362 664
249 499
267 745
107 91
816 296
180 63
516 161
745 48
93 172
176 394
886 494
503 178
332 635
831 198
784 735
331 268
15 630
636 523
951 176
87 507
523 137
251 260
248 548
383 683
195 967
283 665
366 661
335 933
158 948
904 511
527 263
557 662
565 888
166 902
744 439
741 9
383 599
743 213
358 232
508 288
251 390
476 784
603 845
458 701
732 125
342 65
301 89
657 527
110 246
103 384
553 225
351 346
931 640
830 563
272 428
872 268
646 117
501 103
373 787
339 107
211 548
176 356
273 434
714 167
580 271
885 90
920 846
394 789
526 708
938 873
492 529
127 97
216 722
549 769
719 557
101 567
600 99
748 393
534 856
263 626
41 652
355 566
456 51
582 212
558 814
744 675
141 396
510 463
69 900
640 8
390 777
396 793
528 360
685 154
179 638
798 192
673 666
689 832
175 589
466 63
960 824
785 693
190 391
257 478
10 479
800 740
841 188
359 24
67 426
381 112
620 417
331 655
72 58
335 384
403 681
222 630
418 277
847 626
93 263
502 194
782 199
941 829
657 962
59 480
165 305
816 49
568 191
854 715
891 423
588 40
439 311
643 241
600 840
138 728
492 956
142 217
258 357
118 843
573 627
93 682
642 143
810 663
633 736
546 314
502 235
864 783
718 600
694 395
665 833
270 782
840 311
729 710
149 147
675 579
168 521
256 171
849 555
730 159
602 120
515 85
66 318
438 616
69 429
532 276
929 845
120 570
174 709
192 454
537 226
591 637
43 110
813 393
412 526
945 696
700 690
734 465
739 473
273 498
146 559
2 392
464 660
165 843
23 712
908 82
536 32
359 69
105 730
703 6
945 535
887 816
825 733
48 735
534 802
477 304
28 729
204 920
555 371
859 888
307 542
477 311
119 198
390 934
761 273
412 347
4 282
202 495
399 805
363 36
693 27
492 718
395 150
599 408
247 234
137 512
564 806
891 139
501 549
705 848
817 903
231 737
582 718
836 371
289 740
633 408
853 53
642 295
302 221
289 715
465 727
276 441
965 623
465 840
655 749
857 131
789 651
896 606
927 467
392 36
221 867
336 495
547 316
927 431
100 262
897 557
642 391
676 264
961 380
474 667
225 129
152 434
584 135
380 49
304 118
927 515
8 666
274 655
849 591
399 179
139 484
889 52
707 312
325 66
451 767
948 695
949 311
187 613
805 254
739 319
687 228
790 375
347 577
615 164
682 652
632 440
56 98
835 623
591 885
944 876
598 100
702 121
200 819
740 243
447 390
88 46
736 671
709 808
719 574
589 211
898 241
376 155
831 613
613 69
830 238
304 651
914 285
151 627
78 158
311 863
332 526
264 16
21 401
943 272
687 602
169 401
782 762
318 227
30 52
819 503
967 120
461 33
765 274
680 331
1 556
580 363
894 680
703 44
849 173
507 153
315 637
244 266
440 470
121 562
681 695
4 495
243 122
814 240
879 842
715 170
495 352
165 142
189 478
510 420
799 23
816 757
323 149
400 24
509 131
831 736
954 99
561 5
133 641
464 116
347 192
951 831
726 891
384 25
561 624
641 628
25 315
862 791
498 193
448 747
960 124
344 491
621 846
462 315
956 551
743 965
174 619
645 932
530 814
350 694
922 886
338 237
141 756
320 700
569 686
858 611
740 721
257 177
611 633
746 78
541 854
942 938
913 437
846 911
873 861
29 755
133 198
142 255
773 246
525 655
239 687
473 828
207 64
926 640
6 657
241 248
556 922
740 870
281 201
482 19
481 252
249 310
615 429
760 801
743 921
299 936
92 476
814 870
578 551
660 737
207 606
342 641
411 874
561 73
380 48
217 740
101 941
864 732
345 763
800 920
786 329
259 140
634 549
474 763
498 931
532 376
515 686
490 80
667 963
911 734
501 920
660 612
615 935
848 408
778 412
276 209
111 246
775 782
900 548
424 696
627 619
95 570
562 553
750 291
10 703
640 232
757 550
684 654
