976
2 1
3 2
4 2
5 3
6 4
7 2
8 1
9 8
10 8
11 4
12 8
13 3
14 8
15 14
16 10
17 9
18 17
19 6
20 10
21 17
22 21
23 15
24 5
25 8
26 20
27 17
28 27
29 25
30 14
31 9
32 9
33 21
34 10
35 25
36 11
37 16
38 34
39 20
40 19
41 2
42 23
43 11
44 40
45 15
46 41
47 37
48 37
49 48
50 39
51 14
52 10
53 27
54 42
55 8
56 19
57 55
58 32
59 27
60 2
61 25
62 14
63 11
64 52
65 48
66 8
67 10
68 52
69 39
70 50
71 39
72 49
73 5
74 65
75 61
76 53
77 20
78 23
79 71
80 77
81 63
82 77
83 63
84 14
85 75
86 80
87 33
88 43
89 87
90 71
91 85
92 71
93 7
94 87
95 59
96 18
97 5
98 81
99 58
100 16
101 35
102 30
103 17
104 43
105 18
106 22
107 85
108 65
109 26
110 10
111 61
112 105
113 104
114 82
115 74
116 1
117 103
118 89
119 54
120 89
121 80
122 37
123 49
124 121
125 122
126 80
127 94
128 45
129 18
130 61
131 43
132 112
133 72
134 91
135 14
136 31
137 112
138 31
139 41
140 71
141 82
142 2
143 86
144 81
145 122
146 113
147 122
148 41
149 93
150 24
151 24
152 52
153 26
154 103
155 82
156 150
157 150
158 77
159 133
160 65
161 153
162 24
163 18
164 39
165 78
166 7
167 11
168 74
169 31
170 76
171 121
172 13
173 151
174 113
175 86
176 89
177 70
178 59
179 57
180 30
181 152
182 147
183 3
184 5
185 22
186 9
187 5
188 130
189 68
190 39
191 162
192 50
193 153
194 29
195 176
196 173
197 162
198 19
199 33
200 49
201 23
202 80
203 196
204 4
205 17
206 104
207 39
208 43
209 26
210 141
211 33
212 30
213 57
214 75
215 182
216 132
217 155
218 37
219 185
220 56
221 202
222 79
223 99
224 99
225 178
226 14
227 163
228 139
229 39
230 8
231 72
232 41
233 161
234 73
235 92
236 228
237 124
238 166
239 163
240 115
241 152
242 149
243 147
244 10
245 158
246 175
247 212
248 127
249 49
250 39
251 226
252 234
253 102
254 11
255 233
256 122
257 5
258 120
259 67
260 174
261 253
262 168
263 33
264 10
265 172
266 106
267 18
268 256
269 17
270 253
271 53
272 156
273 64
274 191
275 54
276 21
277 17
278 116
279 187
280 123
281 89
282 66
283 38
284 262
285 183
286 130
287 221
288 207
289 209
290 133
291 196
292 268
293 121
294 246
295 20
296 276
297 104
298 123
299 195
300 92
301 298
302 126
303 84
304 258
305 96
306 241
307 60
308 52
309 257
310 250
311 249
312 91
313 242
314 288
315 1
316 282
317 230
318 309
319 275
320 92
321 86
322 255
323 61
324 223
325 254
326 105
327 129
328 194
329 101
330 323
331 289
332 117
333 221
334 167
335 326
336 236
337 170
338 144
339 26
340 134
341 226
342 229
343 77
344 1
345 236
346 76
347 166
348 1
349 193
350 64
351 257
352 180
353 148
354 212
355 241
356 201
357 88
358 197
359 293
360 252
361 148
362 140
363 56
364 159
365 46
366 216
367 214
368 20
369 205
370 132
371 54
372 58
373 309
374 102
375 101
376 15
377 223
378 153
379 242
380 101
381 274
382 237
383 316
384 334
385 12
386 60
387 118
388 345
389 51
390 287
391 199
392 42
393 140
394 233
395 69
396 185
397 203
398 285
399 89
400 273
401 249
402 190
403 46
404 339
405 137
406 60
407 322
408 324
409 211
410 338
411 31
412 69
413 125
414 353
415 163
416 344
417 220
418 105
419 175
420 188
421 227
422 177
423 50
424 386
425 389
426 356
427 279
428 261
429 282
430 179
431 289
432 323
433 78
434 117
435 29
436 68
437 218
438 282
439 211
440 183
441 369
442 187
443 176
444 9
445 332
446 326
447 398
448 247
449 167
450 404
451 349
452 294
453 197
454 438
455 199
456 136
457 200
458 242
459 428
460 443
461 122
462 236
463 192
464 437
465 413
466 325
467 344
468 141
469 172
470 36
471 87
472 34
473 408
474 141
475 177
476 246
477 429
478 88
479 219
480 374
481 106
482 177
483 352
484 80
485 304
486 192
487 329
488 219
489 355
490 482
491 252
492 460
493 459
494 405
495 68
496 313
497 325
498 413
499 383
500 386
501 52
502 15
503 413
504 181
505 8
506 313
507 78
508 498
509 263
510 109
511 46
512 198
513 166
514 303
515 400
516 38
517 68
518 23
519 373
520 116
521 248
522 96
523 116
524 329
525 210
526 261
527 88
528 128
529 214
530 114
531 216
532 44
533 61
534 454
535 384
536 492
537 186
538 147
539 290
540 301
541 538
542 509
543 27
544 535
545 380
546 521
547 150
548 216
549 302
550 525
551 231
552 218
553 142
554 25
555 109
556 64
557 146
558 337
559 521
560 241
561 257
562 35
563 280
564 255
565 399
566 116
567 429
568 519
569 293
570 173
571 440
572 548
573 246
574 347
575 56
576 132
577 203
578 216
579 166
580 328
581 188
582 297
583 342
584 573
585 566
586 349
587 451
588 17
589 495
590 71
591 543
592 229
593 260
594 559
595 592
596 36
597 402
598 346
599 36
600 579
601 369
602 597
603 537
604 413
605 492
606 235
607 413
608 277
609 180
610 584
611 518
612 416
613 332
614 430
615 24
616 56
617 614
618 198
619 164
620 619
621 61
622 501
623 525
624 197
625 33
626 266
627 326
628 515
629 527
630 22
631 67
632 409
633 134
634 470
635 211
636 421
637 307
638 138
639 83
640 269
641 85
642 53
643 14
644 329
645 474
646 427
647 127
648 418
649 528
650 132
651 173
652 449
653 125
654 148
655 559
656 131
657 55
658 250
659 332
660 591
661 341
662 372
663 583
664 558
665 628
666 199
667 300
668 530
669 219
670 585
671 309
672 470
673 112
674 160
675 130
676 95
677 100
678 78
679 320
680 129
681 243
682 347
683 54
684 34
685 9
686 338
687 565
688 415
689 199
690 77
691 293
692 532
693 140
694 670
695 382
696 424
697 668
698 660
699 190
700 623
701 28
702 676
703 5
704 607
705 68
706 209
707 660
708 193
709 472
710 304
711 682
712 277
713 688
714 4
715 121
716 572
717 667
718 295
719 621
720 611
721 400
722 422
723 10
724 11
725 172
726 274
727 485
728 627
729 565
730 660
731 92
732 606
733 267
734 100
735 187
736 21
737 433
738 462
739 193
740 117
741 629
742 448
743 275
744 529
745 189
746 599
747 512
748 448
749 643
750 604
751 341
752 118
753 114
754 373
755 191
756 709
757 226
758 526
759 227
760 279
761 272
762 81
763 545
764 634
765 551
766 424
767 538
768 295
769 152
770 54
771 17
772 615
773 239
774 500
775 284
776 559
777 548
778 459
779 53
780 622
781 487
782 781
783 169
784 399
785 717
786 49
787 214
788 363
789 41
790 195
791 538
792 483
793 123
794 741
795 367
796 651
797 384
798 304
799 187
800 407
801 536
802 450
803 391
804 702
805 59
806 404
807 663
808 217
809 68
810 573
811 488
812 683
813 669
814 81
815 748
816 86
817 641
818 162
819 273
820 491
821 321
822 816
823 810
824 805
825 792
826 807
827 191
828 345
829 338
830 120
831 664
832 704
833 721
834 779
835 328
836 448
837 611
838 466
839 160
840 276
841 70
842 770
843 388
844 315
845 148
846 729
847 508
848 443
849 815
850 379
851 830
852 803
853 150
854 757
855 516
856 293
857 774
858 785
859 705
860 781
861 218
862 668
863 693
864 43
865 291
866 680
867 800
868 701
869 417
870 609
871 468
872 444
873 560
874 562
875 206
876 463
877 752
878 403
879 662
880 311
881 134
882 350
883 821
884 233
885 53
886 392
887 168
888 526
889 173
890 122
891 341
892 570
893 95
894 765
895 233
896 518
897 623
898 408
899 773
900 314
901 52
902 786
903 44
904 51
905 884
906 345
907 698
908 373
909 802
910 72
911 152
912 16
913 854
914 101
915 748
916 130
917 373
918 240
919 280
920 228
921 286
922 698
923 833
924 182
925 821
926 607
927 227
928 264
929 212
930 129
931 503
932 566
933 193
934 194
935 204
936 170
937 57
938 811
939 394
940 839
941 525
942 243
943 834
944 505
945 111
946 554
947 634
948 7
949 858
950 120
951 458
952 823
953 23
954 154
955 391
956 234
957 941
958 799
959 189
960 882
961 178
962 331
963 455
964 545
965 223
966 710
967 28
968 380
969 648
970 779
971 733
972 732
973 505
974 715
975 430
976 806
927
955 418
461 446
556 84
189 950
6 930
571 197
618 461
708 387
925 9
629 928
472 894
835 558
808 807
532 34
319 422
915 566
736 510
480 106
71 216
125 558
351 271
882 362
634 803
650 806
396 10
868 818
240 922
883 688
754 192
190 53
451 189
65 76
681 19
442 931
476 892
652 539
890 756
432 348
212 122
911 591
175 323
793 290
659 567
418 392
511 962
240 662
596 260
750 807
101 578
683 617
557 243
523 349
217 787
213 827
874 707
436 476
356 358
502 15
706 870
544 181
768 718
104 804
863 189
330 663
884 201
580 812
729 954
889 597
203 667
577 776
331 812
536 911
941 643
443 905
108 150
590 39
83 882
120 143
917 424
709 237
87 874
51 13
337 851
150 546
17 908
917 930
551 55
459 71
585 56
838 368
305 471
507 798
90 816
192 744
503 579
256 503
877 565
427 459
404 252
579 948
441 935
48 713
558 708
541 917
425 407
633 69
609 906
487 699
629 823
958 878
52 432
362 519
262 840
841 134
273 743
639 139
341 330
130 766
865 481
142 951
651 799
195 182
781 765
658 157
962 872
420 465
29 734
435 541
738 805
31 62
363 580
442 632
196 23
236 159
335 928
767 879
705 817
692 693
739 402
429 852
627 801
561 449
576 173
779 343
449 331
619 324
735 209
132 906
966 414
844 702
8 320
751 460
938 587
124 578
86 265
231 432
279 468
197 639
799 686
963 487
36 58
863 87
719 368
557 289
524 525
244 235
893 625
223 511
71 223
444 299
499 848
480 322
318 96
689 954
841 704
266 700
778 690
523 359
746 880
470 605
949 486
147 212
909 227
285 374
38 108
963 530
379 121
72 521
120 662
660 386
335 675
816 54
340 388
109 4
192 66
254 766
625 520
906 891
392 567
699 195
905 242
865 646
287 195
928 917
918 212
334 551
543 519
86 742
512 127
519 751
305 932
917 901
928 355
631 527
334 748
8 549
144 754
247 599
686 430
439 391
167 364
79 122
955 269
170 602
592 835
712 903
574 168
748 641
739 808
956 576
63 930
228 621
937 203
388 742
72 43
221 509
75 701
71 457
50 3
78 436
387 705
465 940
342 621
754 115
521 437
504 622
44 329
736 713
38 525
264 882
446 760
450 729
19 216
263 807
965 11
97 564
265 519
688 398
745 660
343 297
690 220
508 570
884 834
43 523
853 328
931 283
975 263
711 506
813 587
430 529
642 85
900 328
483 583
23 190
711 219
523 693
782 285
38 227
647 380
197 930
217 973
501 289
587 680
699 529
747 664
781 600
523 159
854 258
975 960
405 667
289 852
302 886
606 902
392 105
598 407
686 287
111 619
703 132
850 265
702 157
893 142
562 77
63 667
743 945
223 851
635 565
582 542
225 28
864 617
850 13
96 691
487 400
249 258
928 581
693 588
864 637
673 670
239 463
815 536
887 437
531 911
599 764
246 170
723 792
918 261
178 301
853 49
207 599
854 930
88 339
563 720
738 612
857 294
3 447
633 118
566 463
713 132
683 257
434 38
100 153
752 938
426 379
949 576
614 179
262 140
232 350
620 53
83 607
756 264
110 395
911 454
485 301
371 34
822 531
360 804
469 591
332 249
376 183
112 416
380 309
745 814
734 951
896 251
963 816
834 643
321 85
288 871
627 129
16 745
328 386
458 931
549 778
572 433
847 47
503 882
833 283
80 522
524 573
879 707
434 422
403 616
810 908
461 457
304 219
400 138
322 895
55 371
916 411
207 578
604 821
169 708
70 967
890 944
818 112
458 348
193 945
392 21
43 689
788 492
604 745
692 292
259 184
48 245
178 640
870 444
833 696
966 424
154 264
295 222
238 784
352 326
783 449
320 108
548 194
439 225
456 61
299 247
91 463
164 248
815 635
415 415
509 936
719 861
926 591
807 310
866 190
898 578
412 663
27 125
307 241
437 518
531 374
853 355
698 371
850 108
204 572
76 876
928 69
834 308
624 106
11 87
765 872
158 575
296 722
474 630
234 877
703 717
957 740
338 329
241 725
189 145
568 1
524 402
634 816
225 43
338 395
370 754
735 560
374 669
740 658
475 761
104 550
515 918
199 631
546 296
687 931
610 712
771 668
159 817
412 216
444 820
19 753
892 485
536 486
665 732
607 72
16 628
845 845
371 271
783 48
54 640
740 175
467 736
830 732
198 954
869 877
33 334
19 957
265 402
137 24
423 140
457 642
25 90
682 625
414 970
311 974
653 674
896 840
607 553
24 66
656 124
693 464
242 410
435 829
826 328
945 632
449 206
722 322
884 536
398 242
276 518
78 481
583 60
68 159
246 643
321 252
445 951
892 351
286 23
146 819
734 375
160 37
326 673
971 327
451 528
777 464
134 803
453 810
549 480
735 98
232 591
57 892
973 747
603 348
901 292
688 830
85 256
167 143
102 373
755 162
949 448
27 972
147 50
891 312
934 814
849 403
198 492
752 145
257 344
545 247
840 340
413 863
367 946
212 887
753 299
538 817
234 299
341 165
763 146
560 411
970 20
474 641
159 234
855 139
568 287
942 686
725 196
394 772
445 429
521 284
680 657
160 166
642 910
789 251
62 131
724 803
65 900
379 301
467 297
493 347
146 127
786 931
558 326
230 863
270 385
454 62
585 681
742 801
590 171
221 702
189 469
103 576
571 909
531 630
274 714
2 80
543 552
366 757
659 505
481 623
242 799
73 29
374 515
315 320
765 672
333 959
55 137
362 419
505 175
786 555
189 156
439 570
944 555
897 708
82 637
427 165
313 949
132 697
639 237
127 293
111 880
227 381
364 413
156 43
650 218
424 463
83 767
155 649
163 375
603 32
125 82
517 927
836 102
326 771
2 185
194 431
325 232
833 616
604 243
397 632
142 447
486 447
452 915
654 686
571 316
701 586
419 697
717 799
690 911
239 762
305 518
485 94
461 938
678 880
536 491
557 779
470 429
202 589
865 537
320 583
533 58
277 529
820 449
757 260
819 129
688 846
923 484
199 370
681 37
498 150
207 243
621 899
65 436
310 232
424 464
897 758
770 17
245 213
960 378
493 270
743 685
23 736
304 387
8 60
232 153
102 312
177 109
316 912
271 565
618 208
91 520
866 715
243 546
220 23
744 916
211 286
735 338
38 767
609 564
760 971
59 166
529 376
782 8
602 514
528 110
500 53
889 161
962 964
615 556
699 454
171 32
601 499
458 129
620 43
477 646
216 735
225 333
51 246
631 804
808 713
373 593
742 216
99 444
577 451
399 559
96 609
425 861
558 877
408 376
186 228
340 825
39 632
602 205
940 16
891 194
84 950
716 29
943 840
199 151
432 151
313 700
973 283
3 91
322 332
329 889
463 379
790 574
85 135
726 198
908 488
922 897
224 424
151 211
352 5
727 293
638 640
263 930
737 705
8 571
774 417
830 963
123 350
36 532
642 635
117 424
724 637
164 417
844 831
566 162
183 479
147 259
267 543
968 417
749 101
104 811
201 347
790 150
638 863
668 187
735 900
424 580
163 768
186 898
918 508
711 554
470 391
697 195
519 691
413 377
207 6
163 589
731 762
145 115
120 110
704 275
907 403
238 521
410 767
315 613
880 846
364 363
28 508
395 467
722 156
900 219
281 772
105 368
492 622
848 137
298 809
224 700
758 790
887 615
151 108
215 680
617 181
228 37
202 238
872 549
573 458
79 821
939 895
475 901
941 200
577 760
707 930
922 407
112 159
932 46
828 694
974 765
785 513
495 473
334 93
112 201
391 766
397 569
563 664
488 282
621 919
470 544
419 856
320 419
554 605
99 159
312 254
865 756
968 738
894 166
794 106
83 477
272 439
142 727
883 302
608 769
572 539
158 338
203 91
385 240
755 337
534 393
715 530
559 187
767 297
831 204
509 276
834 307
649 597
931 157
282 945
164 89
570 900
618 813
969 572
205 591
491 618
284 860
470 228
696 724
453 309
100 123
407 667
956 970
689 952
955 765
680 946
35 899
840 323
248 817
831 826
469 574
722 791
150 136
599 3
44 510
298 246
477 340
969 255
273 723
776 688
838 486
13 624
365 222
484 279
442 910
125 117
280 911
25 955
195 318
625 623
428 681
862 141
152 22
562 513
865 172
270 542
836 120
602 459
658 297
352 848
159 917
305 45
886 274
111 483
131 813
337 41
663 742
