903
2 1
3 1
4 2
5 2
6 2
7 2
8 1
9 3
10 8
11 8
12 2
13 8
14 6
15 6
16 3
17 2
18 15
19 13
20 3
21 14
22 8
23 12
24 11
25 21
26 23
27 5
28 9
29 5
30 5
31 30
32 16
33 30
34 6
35 17
36 25
37 19
38 32
39 7
40 25
41 38
42 20
43 4
44 17
45 35
46 34
47 40
48 25
49 6
50 29
51 47
52 10
53 12
54 23
55 9
56 45
57 22
58 8
59 55
60 49
61 38
62 42
63 51
64 24
65 48
66 29
67 61
68 40
69 10
70 8
71 27
72 1
73 45
74 25
75 8
76 57
77 14
78 50
79 36
80 61
81 22
82 43
83 20
84 70
85 77
86 43
87 85
88 71
89 59
90 64
91 48
92 28
93 6
94 5
95 44
96 58
97 46
98 32
99 30
100 2
101 69
102 56
103 76
104 3
105 39
106 58
107 4
108 106
109 72
110 54
111 52
112 24
113 32
114 102
115 19
116 21
117 6
118 73
119 32
120 60
121 98
122 19
123 81
124 50
125 110
126 28
127 57
128 5
129 22
130 57
131 130
132 31
133 120
134 31
135 53
136 35
137 76
138 103
139 138
140 138
141 125
142 106
143 26
144 113
145 22
146 48
147 61
148 112
149 6
150 106
151 116
152 57
153 149
154 25
155 28
156 4
157 97
158 53
159 19
160 3
161 74
162 151
163 114
164 64
165 17
166 158
167 71
168 5
169 61
170 110
171 30
172 67
173 29
174 22
175 138
176 24
177 152
178 31
179 12
180 85
181 137
182 26
183 109
184 63
185 131
186 55
187 151
188 134
189 183
190 35
191 118
192 158
193 169
194 60
195 124
196 136
197 58
198 33
199 182
200 133
201 73
202 86
203 36
204 179
205 69
206 98
207 7
208 184
209 68
210 151
211 94
212 16
213 192
214 130
215 112
216 155
217 93
218 81
219 55
220 3
221 156
222 64
223 133
224 124
225 83
226 19
227 110
228 167
229 42
230 184
231 62
232 119
233 40
234 141
235 96
236 134
237 92
238 19
239 161
240 196
241 124
242 129
243 188
244 238
245 93
246 210
247 106
248 43
249 81
250 79
251 47
252 62
253 28
254 21
255 165
256 123
257 232
258 28
259 16
260 113
261 122
262 248
263 208
264 59
265 42
266 250
267 145
268 52
269 182
270 176
271 221
272 42
273 207
274 65
275 117
276 96
277 2
278 11
279 262
280 164
281 257
282 271
283 167
284 88
285 64
286 104
287 124
288 265
289 265
290 159
291 236
292 83
293 240
294 283
295 229
296 294
297 215
298 260
299 260
300 35
301 255
302 48
303 239
304 26
305 221
306 206
307 289
308 238
309 287
310 145
311 108
312 210
313 140
314 131
315 61
316 173
317 315
318 77
319 16
320 73
321 213
322 138
323 64
324 308
325 134
326 8
327 183
328 6
329 224
330 283
331 111
332 98
333 64
334 149
335 143
336 300
337 279
338 290
339 22
340 242
341 118
342 267
343 242
344 258
345 307
346 286
347 169
348 215
349 321
350 127
351 86
352 39
353 332
354 58
355 157
356 202
357 59
358 304
359 234
360 309
361 244
362 205
363 190
364 225
365 252
366 327
367 234
368 143
369 92
370 367
371 343
372 308
373 297
374 249
375 279
376 138
377 20
378 319
379 61
380 163
381 183
382 54
383 199
384 379
385 110
386 239
387 353
388 302
389 179
390 193
391 363
392 315
393 19
394 217
395 326
396 334
397 219
398 210
399 239
400 191
401 156
402 270
403 317
404 217
405 27
406 159
407 197
408 299
409 273
410 409
411 67
412 334
413 388
414 45
415 113
416 272
417 380
418 53
419 331
420 409
421 263
422 18
423 137
424 289
425 118
426 416
427 277
428 221
429 309
430 414
431 305
432 425
433 87
434 193
435 272
436 302
437 268
438 167
439 209
440 134
441 81
442 255
443 106
444 232
445 420
446 128
447 118
448 396
449 181
450 74
451 95
452 273
453 226
454 27
455 44
456 414
457 27
458 319
459 164
460 75
461 43
462 16
463 48
464 454
465 126
466 95
467 132
468 288
469 64
470 455
471 341
472 44
473 189
474 198
475 258
476 56
477 99
478 270
479 51
480 239
481 185
482 63
483 433
484 270
485 236
486 60
487 213
488 104
489 84
490 237
491 138
492 34
493 248
494 129
495 462
496 42
497 399
498 471
499 206
500 482
501 76
502 23
503 1
504 437
505 139
506 72
507 259
508 374
509 58
510 397
511 153
512 167
513 425
514 402
515 403
516 69
517 449
518 198
519 306
520 477
521 321
522 371
523 303
524 231
525 80
526 192
527 345
528 509
529 460
530 290
531 221
532 185
533 111
534 472
535 63
536 350
537 381
538 31
539 414
540 523
541 443
542 28
543 88
544 106
545 419
546 351
547 491
548 96
549 510
550 414
551 389
552 167
553 96
554 509
555 391
556 361
557 11
558 225
559 44
560 415
561 53
562 7
563 503
564 50
565 481
566 423
567 71
568 402
569 98
570 218
571 36
572 263
573 340
574 102
575 82
576 323
577 73
578 162
579 35
580 331
581 430
582 461
583 303
584 385
585 379
586 50
587 193
588 166
589 198
590 169
591 590
592 151
593 264
594 6
595 346
596 350
597 419
598 516
599 331
600 220
601 546
602 29
603 243
604 58
605 177
606 61
607 10
608 332
609 506
610 396
611 396
612 50
613 477
614 520
615 561
616 100
617 273
618 567
619 31
620 240
621 436
622 166
623 97
624 323
625 39
626 254
627 509
628 416
629 427
630 355
631 52
632 2
633 398
634 472
635 194
636 48
637 268
638 483
639 615
640 519
641 151
642 471
643 622
644 30
645 183
646 486
647 241
648 34
649 218
650 31
651 414
652 476
653 49
654 630
655 110
656 97
657 49
658 497
659 239
660 271
661 59
662 68
663 324
664 17
665 445
666 210
667 137
668 376
669 99
670 227
671 553
672 143
673 542
674 98
675 116
676 506
677 557
678 184
679 511
680 130
681 207
682 167
683 139
684 21
685 673
686 237
687 375
688 331
689 102
690 245
691 332
692 666
693 515
694 110
695 266
696 579
697 255
698 266
699 686
700 589
701 61
702 5
703 574
704 587
705 657
706 291
707 476
708 296
709 97
710 431
711 612
712 351
713 102
714 623
715 333
716 210
717 385
718 509
719 210
720 4
721 167
722 76
723 108
724 415
725 697
726 451
727 639
728 127
729 220
730 615
731 546
732 176
733 626
734 721
735 217
736 304
737 560
738 221
739 258
740 66
741 194
742 214
743 153
744 85
745 721
746 695
747 3
748 149
749 676
750 453
751 273
752 364
753 339
754 280
755 18
756 453
757 667
758 375
759 359
760 702
761 717
762 549
763 728
764 756
765 59
766 330
767 740
768 198
769 313
770 637
771 78
772 450
773 613
774 526
775 18
776 680
777 544
778 487
779 274
780 95
781 414
782 478
783 528
784 604
785 426
786 3
787 739
788 733
789 136
790 134
791 564
792 579
793 65
794 243
795 571
796 792
797 482
798 474
799 211
800 639
801 782
802 734
803 84
804 464
805 727
806 482
807 651
808 416
809 449
810 801
811 285
812 471
813 636
814 349
815 517
816 158
817 588
818 616
819 33
820 533
821 92
822 313
823 13
824 128
825 480
826 22
827 56
828 179
829 377
830 720
831 662
832 554
833 206
834 76
835 66
836 42
837 45
838 23
839 316
840 704
841 30
842 677
843 468
844 840
845 284
846 602
847 657
848 195
849 10
850 197
851 800
852 535
853 823
854 753
855 92
856 655
857 442
858 556
859 342
860 597
861 588
862 140
863 157
864 181
865 729
866 297
867 651
868 577
869 58
870 252
871 427
872 819
873 142
874 740
875 505
876 614
877 120
878 870
879 224
880 665
881 162
882 874
883 403
884 188
885 502
886 788
887 39
888 159
889 248
890 108
891 126
892 57
893 629
894 331
895 410
896 366
897 783
898 201
899 413
900 852
901 371
902 149
903 238
928
226 458
475 443
405 809
691 822
381 256
70 642
389 77
370 490
94 326
233 215
878 107
724 474
165 805
341 864
749 95
835 506
433 166
103 475
869 876
424 465
620 298
484 254
490 71
709 803
601 466
779 513
12 765
265 890
700 319
836 293
112 561
891 202
809 175
308 8
866 654
407 427
320 534
120 795
474 837
550 730
697 567
164 589
493 154
183 95
128 475
884 689
675 571
607 195
229 222
90 150
821 809
35 402
51 341
586 186
548 355
234 521
343 303
674 71
354 686
336 187
239 80
106 290
502 123
374 812
900 829
896 459
387 449
128 614
382 23
782 717
132 351
479 557
785 8
723 651
737 760
707 26
642 653
299 811
896 873
727 44
6 324
441 371
643 499
90 251
472 517
519 176
719 237
207 839
177 261
800 658
192 859
375 671
812 492
558 231
55 487
270 13
801 894
425 86
836 596
874 689
234 818
367 864
576 192
268 451
409 607
606 227
755 666
608 90
347 204
500 18
434 757
420 524
333 486
500 712
893 616
332 222
251 326
400 434
285 647
746 35
154 87
247 666
603 780
103 631
144 409
121 856
107 125
177 213
176 780
177 386
74 592
826 870
572 609
542 678
571 244
426 745
523 834
450 180
735 262
129 509
840 307
836 209
887 510
574 172
482 94
903 222
732 151
92 149
603 41
866 411
718 56
805 646
708 465
544 834
613 355
544 785
487 764
325 829
327 860
858 458
375 244
133 155
725 601
359 80
282 711
521 378
31 657
804 756
793 457
499 459
852 491
811 69
366 462
389 174
499 138
527 235
256 327
346 272
208 22
6 627
427 597
480 566
389 547
371 44
479 111
784 342
271 751
394 65
470 536
387 875
380 656
760 67
546 602
156 900
132 887
236 719
455 239
288 433
701 807
493 49
887 262
861 246
129 195
571 152
657 310
54 256
620 708
659 663
868 40
619 821
278 892
837 194
800 586
782 600
386 849
214 642
296 342
564 564
407 833
164 362
278 394
164 561
838 36
894 535
221 447
102 766
681 58
314 431
361 372
863 409
814 719
772 775
596 794
635 145
817 45
47 583
861 899
461 674
137 815
183 513
428 672
688 284
605 598
772 356
746 545
83 732
116 78
184 197
460 657
5 37
428 495
732 203
347 751
294 367
203 191
350 273
872 194
215 740
732 591
840 838
323 879
176 391
556 402
204 185
749 650
316 116
891 195
520 409
647 697
822 599
522 736
372 131
802 310
526 664
725 443
565 420
57 887
818 143
274 450
657 342
387 697
376 393
125 137
420 453
83 67
241 760
717 236
16 273
360 117
104 781
95 560
123 872
641 738
140 857
757 276
328 543
879 490
539 233
31 17
167 753
447 895
94 512
148 621
835 501
745 393
781 128
561 705
725 863
205 206
530 330
10 571
850 392
638 221
382 427
713 816
894 427
442 819
385 540
242 63
528 224
34 754
781 72
99 504
606 359
731 621
366 595
430 610
227 398
527 82
645 331
339 173
134 17
831 856
722 755
620 748
391 28
184 554
399 554
810 757
75 474
79 75
489 352
25 708
745 816
371 534
654 610
52 617
454 718
321 451
198 682
384 851
708 478
578 709
692 368
161 708
853 793
116 419
193 728
154 266
287 218
772 222
628 496
592 430
156 487
181 868
103 115
567 108
843 603
725 686
659 617
369 886
799 242
644 129
691 414
237 628
472 279
145 759
405 124
518 719
258 769
155 785
183 378
542 428
809 469
123 767
206 342
198 536
213 206
155 795
508 41
96 426
865 87
253 23
212 283
320 806
609 307
612 44
817 361
436 263
749 640
220 422
395 524
578 716
171 643
651 770
733 355
188 100
388 803
281 270
531 859
614 893
289 538
640 551
844 358
256 493
814 799
774 698
477 723
780 150
859 738
244 220
525 563
192 597
26 735
310 22
677 824
604 675
57 205
877 602
779 413
785 722
106 347
525 38
875 881
583 532
511 726
672 341
859 382
313 812
756 276
820 892
623 324
259 500
799 619
797 162
233 571
222 160
324 774
787 518
70 557
26 77
77 551
568 784
240 50
356 663
720 315
347 237
462 263
81 706
39 525
136 360
495 875
638 215
58 70
155 331
549 732
310 477
119 698
634 542
285 841
279 850
263 460
17 450
808 661
290 729
476 589
556 402
15 592
626 483
233 874
721 255
782 188
437 852
300 489
277 565
153 531
9 131
742 65
294 435
462 232
90 783
672 323
629 765
341 150
440 825
725 410
188 674
425 40
196 579
152 656
586 105
551 518
522 108
572 416
371 259
34 24
749 438
91 396
608 521
826 891
220 836
267 280
120 819
408 615
394 572
617 388
324 359
375 13
218 576
86 78
458 374
660 690
174 415
137 454
216 674
301 783
108 639
803 800
677 824
758 50
41 75
75 166
580 851
861 152
717 159
652 215
389 78
618 42
535 161
532 520
745 27
326 389
231 854
544 872
579 564
93 749
590 272
245 331
377 317
648 397
534 718
799 46
374 725
397 426
766 12
615 616
631 103
243 139
470 317
792 430
767 684
245 70
147 282
784 79
543 608
826 212
387 885
350 338
121 58
352 418
725 309
494 133
895 744
56 199
830 687
19 556
739 798
859 31
817 758
196 269
485 593
303 346
481 323
416 572
744 468
185 42
891 361
285 896
243 243
661 367
290 270
171 538
2 522
31 317
832 312
459 357
524 690
688 4
112 374
44 351
396 91
250 717
603 901
615 356
79 497
901 293
659 478
618 309
131 892
374 228
617 376
721 37
451 165
495 847
638 315
219 578
65 791
393 141
859 202
43 734
784 72
2 527
522 777
860 701
239 364
752 744
469 318
897 179
575 213
431 651
67 842
755 472
362 321
440 515
863 667
753 891
541 344
22 223
662 772
393 90
737 741
688 261
685 36
776 489
55 866
307 180
796 582
709 24
460 551
235 166
586 60
7 340
115 646
54 317
315 826
137 868
107 871
849 405
527 318
16 275
623 613
49 46
179 242
411 518
70 514
125 10
529 141
632 140
140 41
235 594
774 291
750 244
170 494
496 859
553 543
471 285
781 265
757 619
229 637
457 666
303 408
858 67
652 866
805 315
476 435
167 716
238 309
827 219
175 130
52 414
157 722
385 606
717 239
304 330
884 532
150 197
474 562
464 201
678 765
248 379
89 384
239 330
654 608
1 722
150 556
437 820
541 753
193 809
97 184
420 58
804 618
612 658
544 390
66 829
713 831
106 488
249 755
452 520
218 791
861 138
888 483
278 87
187 646
451 217
391 394
400 41
819 441
877 489
472 486
276 270
86 623
485 540
181 103
544 551
225 836
713 713
479 432
369 611
566 298
49 81
376 642
181 389
369 296
895 853
728 388
30 608
314 750
342 557
646 459
382 728
430 482
604 315
618 660
616 278
284 240
707 616
610 68
83 561
680 631
116 66
500 683
843 41
80 897
560 313
475 897
615 825
443 745
162 554
295 16
276 318
678 878
544 498
768 637
34 533
276 589
409 183
644 670
227 516
11 902
863 89
555 219
719 896
281 574
310 65
836 429
281 426
105 810
119 79
643 834
488 418
517 869
311 423
609 674
602 885
337 835
206 561
111 593
571 331
851 735
407 587
54 354
660 545
161 183
767 610
296 311
864 451
573 873
289 528
865 110
256 255
645 399
886 849
807 177
293 597
736 563
347 886
689 701
806 109
230 701
734 499
419 386
446 91
257 11
417 880
725 466
189 56
389 578
311 591
52 494
532 702
844 699
268 253
441 184
487 213
611 568
317 876
557 585
208 93
26 135
653 822
660 522
236 425
452 817
777 722
808 484
636 304
289 478
708 290
748 474
635 427
439 450
347 799
508 422
336 432
595 398
811 355
639 470
108 86
27 155
213 881
733 630
738 217
621 789
383 282
477 554
769 694
149 368
217 101
833 64
247 60
875 595
592 889
737 252
284 595
519 365
531 831
474 390
320 618
288 200
90 807
422 27
657 833
671 334
622 159
181 574
140 499
554 636
192 483
662 838
602 801
341 102
810 603
534 373
664 381
728 245
92 758
474 315
845 143
373 378
191 812
14 573
74 440
212 587
214 36
885 874
769 589
898 867
131 356
511 296
230 202
140 786
542 459
538 662
469 248
197 638
776 345
394 352
755 502
309 99
608 702
720 166
884 738
94 40
539 495
274 644
171 376
75 255
541 477
