92
2 1
3 1
4 3
5 3
6 3
7 3
8 5
9 6
10 6
11 4
12 7
13 8
14 13
15 6
16 7
17 15
18 9
19 15
20 17
21 7
22 5
23 20
24 19
25 14
26 18
27 11
28 18
29 13
30 5
31 2
32 11
33 13
34 13
35 17
36 7
37 31
38 23
39 29
40 13
41 36
42 21
43 15
44 42
45 13
46 17
47 33
48 17
49 29
50 24
51 21
52 10
53 6
54 3
55 43
56 47
57 8
58 2
59 30
60 10
61 26
62 29
63 7
64 6
65 55
66 21
67 12
68 5
69 38
70 28
71 18
72 9
73 2
74 3
75 53
76 16
77 10
78 16
79 55
80 59
81 66
82 40
83 12
84 39
85 61
86 19
87 44
88 61
89 33
90 7
91 47
92 3
97
23 14
31 60
45 68
59 40
28 28
45 41
70 71
43 10
68 38
62 14
71 59
58 62
15 59
87 50
7 82
69 92
76 66
29 1
65 40
21 50
28 70
76 20
48 71
40 17
73 86
11 41
28 11
74 81
24 48
65 40
86 53
49 85
89 89
68 65
83 51
73 71
66 79
1 27
76 62
83 23
88 57
57 11
78 38
81 28
3 53
12 92
70 80
26 60
72 60
69 21
45 62
30 44
45 7
15 14
56 4
55 60
3 87
76 40
17 24
92 42
42 20
5 56
59 62
13 79
56 49
22 51
41 64
7 15
74 10
74 63
79 66
16 76
92 56
52 44
21 86
68 91
23 35
19 31
82 52
25 85
25 86
46 69
2 33
67 90
27 69
26 92
14 79
43 36
34 48
70 83
35 67
26 20
18 42
13 25
42 8
78 18
16 2
