5
197
952 48 528 831 924 872 175 37 886 919 327 48 865 383 415 165 838 77 195 293 244 659 409 564 844 525 980 161 835 9 16 920 239 986 120 28 649 563 622 472 224 422 872 422 924 9 33 537 358 423 871 740 777 433 181 401 412 483 673 991 226 726 989 519 605 339 476 79 559 857 743 57 556 971 421 642 683 311 806 181 451 421 124 872 34 793 844 585 697 783 980 391 572 728 729 212 647 45 33 855 946 135 420 77 452 513 636 138 95 491 986 639 531 317 378 578 805 138 809 222 213 709 445 620 566 751 96 3 377 669 709 366 483 102 591 949 631 189 921 497 840 5 389 59 243 717 931 381 945 529 115 671 685 262 685 819 696 444 983 676 863 203 21 815 976 347 526 832 911 26 910 106 397 1 57 216 801 808 947 879 319 228 194 955 291 670 864 964 970 61 541 315 267 339 169 82 926 
199
-595 -554 -357 -537 -803 -344 -591 -142 -138 -276 -797 -629 -318 -820 -620 -399 -681 -315 -116 -490 -104 -681 -294 -994 -881 -437 -360 -97 -925 -410 -847 -207 -935 -756 -242 -130 -473 -132 -25 -30 -776 -214 -101 -580 -278 -782 -968 -178 -999 -252 -597 -456 -830 -50 -270 -136 -400 -922 -870 -304 -348 -596 -835 -258 -296 -976 -437 -755 -577 -792 -430 -970 -94 -421 -406 -942 -450 -852 -359 -448 -832 -220 -164 -207 -827 -981 -831 -381 -661 -187 -571 -334 -495 -652 -154 -173 -863 -572 -990 -795 -460 -311 -931 -506 -400 -414 -192 -648 -422 -124 -178 -1000 -199 -978 -948 -656 -92 -412 -908 -373 -853 -498 -196 -877 -484 -921 -998 -644 -528 -818 -394 -300 -574 -718 -148 -139 -372 -824 -785 -740 -72 -220 -640 -10 -848 -456 -190 -369 -406 -572 -95 -104 -73 -365 -743 -812 -346 -752 -726 -148 -132 -955 -21 -466 -703 -985 -329 -130 -374 -188 -58 -706 -654 -675 -264 -98 -98 -527 -543 -784 -320 -928 -518 -624 -838 -582 -530 -774 -828 -293 -960 -597 -589 -730 -475 -904 -240 -21 -165 
1
-49
192
-128 843 -296 75 143 563 -571 -428 -336 -737 -160 713 -589 709 -429 -883 -837 219 405 -730 120 277 -931 299 457 251 112 318 -268 551 -163 834 512 633 265 28 78 -42 374 512 350 -681 -342 561 771 360 -316 572 106 139 -104 758 957 -783 829 -983 965 209 -108 -602 -711 268 423 -944 450 330 839 -860 -538 103 -172 -976 550 -85 268 -351 821 327 -869 957 -12 -329 138 306 638 413 608 -449 -701 111 -399 284 -988 -514 -991 838 857 798 -40 129 859 -941 -269 603 947 792 -684 -827 -773 -462 -511 229 482 -679 975 614 129 375 655 282 -636 334 -976 296 -575 966 -820 623 415 -912 -697 642 297 790 -733 -972 504 -905 478 -667 981 -144 451 -225 -109 887 -514 161 -229 -643 211 245 774 797 71 249 -493 622 383 890 338 371 -281 409 563 595 -514 803 -806 510 -269 -441 -507 738 -616 -650 176 331 449 273 -592 554 34 122 -974 742 -486 403 879 -772 -206 563 
180
-679 86 491 125 276 394 -603 -896 538 -714 906 981 112 869 991 -813 -956 -314 295 -264 -788 -875 -748 -313 -766 -956 954 -390 -880 -514 632 898 -194 -401 -219 -601 -225 -939 -336 -228 254 492 -172 -678 613 -682 -859 818 -834 785 -422 -223 -813 -1000 -615 416 403 196 645 -9 456 844 -249 -502 -192 -712 -589 502 491 -171 -139 -28 -503 505 953 -887 696 -400 -175 366 392 464 932 536 798 530 -167 255 954 -422 -677 -891 -906 399 125 5 908 -64 566 761 -797 73 -476 105 -115 -507 701 761 -175 404 -662 -210 -689 -670 -881 -758 942 -222 732 -900 868 806 -672 -81 817 165 -882 -407 -714 -124 788 -320 -509 49 599 -733 154 564 -528 307 511 429 536 514 -827 907 -772 -366 -77 -849 -389 -472 925 585 663 149 526 260 -319 -649 -481 -642 -179 794 -157 169 -407 -756 -66 718 468 -230 -803 -875 -79 950 355 -209 -333 -964 
