5
193
261 526 721 289 397 798 815 111 443 869 593 676 260 281 608 610 913 554 298 785 73 970 854 47 566 487 855 403 244 656 138 319 823 365 903 274 563 223 531 467 169 686 556 174 280 441 708 371 124 14 961 363 143 998 67 651 426 146 801 145 961 355 271 289 222 804 121 552 397 170 783 775 478 756 169 281 390 291 683 385 217 39 903 969 259 762 206 577 799 184 828 519 576 150 199 270 430 875 257 929 330 641 425 506 823 416 662 556 360 287 869 313 890 291 142 649 57 969 131 94 444 794 982 902 677 500 240 897 626 624 253 719 812 945 553 161 90 466 827 19 403 140 70 55 699 18 827 17 267 969 841 397 17 458 498 645 573 812 522 746 717 192 277 362 237 211 48 453 496 782 985 197 833 8 431 356 145 630 185 343 610 210 442 496 609 776 509 147 462 30 962 255 535 
198
-637 -528 -148 -162 -219 -552 -501 -716 -951 -992 -208 -431 -576 -940 -132 -661 -837 -148 -540 -184 -648 -372 -379 -508 -458 -262 -945 -87 -853 -723 -488 -113 -418 -106 -723 -472 -763 -631 -886 -686 -110 -407 -795 -209 -994 -468 -623 -72 -328 -928 -155 -242 -988 -497 -984 -632 -11 -326 -781 -19 -510 -599 -643 -88 -821 -184 -12 -471 -377 -78 -308 -722 -600 -981 -872 -709 -279 -930 -728 -914 -131 -660 -108 -985 -141 -922 -910 -694 -838 -256 -314 -522 -275 -203 -350 -79 -590 -232 -150 -673 -743 -429 -647 -828 -487 -564 -27 -778 -274 -896 -710 -180 -988 -832 -729 -382 -364 -520 -508 -308 -341 -961 -470 -398 -472 -166 -984 -714 -265 -387 -908 -130 -69 -558 -32 -212 -576 -604 -964 -952 -914 -668 -317 -872 -279 -800 -666 -546 -443 -520 -36 -827 -676 -432 -572 -265 -31 -592 -804 -782 -379 -780 -420 -668 -546 -404 -345 -688 -46 -701 -816 -349 -330 -204 -897 -530 -383 -200 -926 -803 -603 -279 -936 -200 -208 -286 -592 -578 -113 -453 -753 -8 -278 -252 -558 -126 -395 -706 
1
318
181
-24 949 220 406 362 85 839 164 188 405 -583 -704 331 -615 -447 -589 545 100 459 -907 -837 606 -938 -154 602 -348 708 -992 -876 -690 -77 -855 -332 531 624 -21 -715 -870 -220 344 -175 860 -620 -942 152 -871 83 476 171 -779 530 8 724 -721 -493 -275 216 -884 419 435 601 -179 209 -46 -753 976 -955 -586 -395 417 476 -478 -55 -723 681 -856 167 74 500 162 490 623 -771 9 -804 259 835 -928 -523 -268 146 -781 -225 163 -996 466 -923 373 905 -385 -827 541 82 151 973 -252 -136 -649 -781 480 -861 -896 575 -119 881 -508 -373 -762 543 862 149 -892 700 149 -247 393 550 -658 -435 -379 175 -267 764 -293 360 674 345 424 623 161 -966 -819 -553 790 491 -732 -485 -28 870 -203 145 -144 -428 -677 -90 -939 403 -746 -508 343 512 838 663 178 162 116 -993 436 968 118 861 -969 -166 170 -716 847 -546 -659 -39 -214 -487 
186
765 590 521 -842 728 -133 482 -905 971 -114 299 -545 393 -205 81 -873 970 881 -574 -903 -634 790 1000 -685 -55 704 -174 -199 66 575 937 822 37 -524 -208 -36 137 695 652 817 496 -463 392 86 536 -970 505 127 -607 -723 -777 -565 -692 737 -775 861 753 -272 -987 -34 932 236 72 41 414 938 814 918 -753 7 -892 -757 23 683 -193 993 -450 337 -57 798 944 231 -287 890 610 -223 -588 261 -606 -288 -123 -77 450 935 153 401 -661 -645 889 474 53 -300 585 -277 928 34 -3 366 677 281 997 345 209 776 -843 -40 501 -44 375 -675 -241 120 129 -96 676 706 -539 -164 -223 -383 446 517 626 -402 246 14 -979 -914 416 -280 395 211 -370 -555 387 -437 -254 746 727 -948 -485 -551 -31 -269 547 830 -41 213 36 436 178 608 965 574 -769 -121 257 -831 -549 -868 519 -408 578 910 -820 9 -716 939 267 -872 -338 992 -357 82 206 -647 
