42 33
807451392 1594697903 822298754 791804335 186109850 378511438 522423033 425169948 1522110804 89830628 1949903208 1310845013 344906301 557870564 700431277 874319088 1203424039 1084064038 1919174832 116508966 411787307 510868326 465216217 811959639 1893209378 329644229 697422997 2050476931 1256233516 794963270 2042207444 553605073 1084069933 1458175314 122354574 1919465739 364217675 458057269 1959120441 1266188576 1183287666 30340766 
5 34
1 12
18 41
28 28
35 39
3 21
2 19
8 15
3 9
20 35
23 27
20 35
9 16
4 11
15 34
10 16
23 29
37 38
9 27
3 33
2 6
20 33
28 30
26 27
7 30
18 26
16 34
9 21
25 37
15 20
6 17
30 36
6 24
