42 49
1783202742 1774487945 518236540 362135926 386007499 684539866 40822510 1761379686 1956018045 1341228581 506054605 722762260 473904810 645505783 1943460163 770251626 1671770725 665584437 896903404 705666277 2006544757 310653079 1290723160 222742550 1247301845 870455336 305736332 281291556 755144242 65773768 406911105 1099470665 2000048752 1285198250 2015166884 1448472401 1391563813 347130070 693740373 1210074654 505997853 2005713320 
15 31
35 38
4 12
30 32
21 36
6 38
15 38
7 39
24 33
19 34
1 39
15 21
10 14
24 24
2 28
9 10
1 34
31 35
12 26
23 31
29 42
14 28
7 14
6 14
18 25
14 23
6 9
1 5
16 27
19 24
1 42
7 27
22 33
34 42
12 18
1 27
19 21
19 35
7 29
21 42
6 21
11 17
15 33
21 40
5 18
22 28
12 37
19 41
13 14
