211 288
1541777479237755621 7380930312367719955 18108376653806178106 5478389836749642688 7916907623761835752 13861078693618309722 17731184926007383933 15137727124932016594 5574342405949590654 12478975655522818572 14655716888634626308 10386799366384258718 17275662948326966081 5785797446469959593 18175762736052991857 14946242105383391201 4883487262895945376 4422593058072823064 16329960712734659144 5220737033710627548 5261025720786584606 5431322858917372309 6035781394551218945 17400470771873014967 8041248642687686496 8976178461159918753 14326172736216952710 9480923612060711083 5609695401980250363 4800773323815623000 2565556777214754418 17694407062239911152 12683575067250105171 13256840698696111204 1920127790362870990 4355811468846003735 7791176139501732506 15517053053308388435 14940784606849707305 5615546108019790620 6631421903108967438 14283123867134554910 18386978149186013495 17498176499853469371 16675598434461523816 8816825151334929753 7998623702963256143 9399772242163873775 4020979229487068717 3016844869675412588 11442853262502981345 13376200155151626191 4838787269201204631 3620454634677210357 8136560780807242695 17199471476069721788 15672133548788069659 7183164400657951632 4979535378486308248 9953088597480787820 16611453522092441401 6161543798045072338 11579077546325327302 4592233255406941112 7060399773407705126 1412353806082939829 3478143771793094994 14058750650296183792 16688334661975923290 8465786197739620323 4199635491769962611 10512803821520045311 17469082903426442171 5349153007728048641 16791303689368385 10226901142274162275 547739723412336536 3706175201722436613 12835666271243524729 14099287857946263256 1976307671732382023 16075784969690774199 12054970439046149597 8718994910607209923 15206823597006263615 9661531658520157226 18012575658500457291 15342776511793246015 18258487417082193974 9743916069093060138 8403246326843727822 14817060564202278556 2481419824870636378 14722570632074958090 10325263221261290745 3769578120918863681 14689110657136889199 8269009649037170961 8815941663315522438 3191657020388954503 8891840171435983202 4619362202882907268 12585994032802265312 2652209172183596451 17616665960277169732 4324348871305612551 676538324923936378 6925747075581548781 1555951177506135721 3936862955712128018 14048982920535930727 12093487020633995690 9951866189191382091 5741507431839155198 16096518979510737636 6219861685698669375 14503660048823479261 9361842072610278226 17300794617596863884 5458867506291708311 3960158504439242682 1634882230293495301 14904000806149026644 16669583389787491004 17190022930556720156 11551667275913973404 4961362500984453112 2661588397859131852 8593458119950889628 15837560745453764815 9937257667003168774 5931874820680304323 15391480239874879887 6347312329140574371 16969790579023858341 12317112715086395197 1355171838115386207 13764320602656168646 14788142114086183504 12575016376691311422 17958015979722234140 16411885933950218596 4716080148616426700 8242835993653362764 7943061678928205561 12708647735278904504 11976085978541232834 4933966264561415179 9133960934307945980 16725865191231155285 16939448665755957759 2997984641156164484 1363987251326206420 4000354893450209078 13376074774026690653 15968363529401824617 1760918269537803313 16051414756293072493 6503462576922825998 16862744255853732781 12020126330415148978 4239431853478671110 14789617242121443973 11960830138847679683 12920061431933700620 8383084146542279252 5055881348627339615 2914016878063644405 6471952876624667580 4589938357700988838 18123516321112473904 12429913983598998160 12480439048901591343 4437076831278642380 224442569579379399 13427714672902439343 12393240711069737416 8987706426253059682 7592644662586855787 11020520714634819122 10254158964666764154 16173719790639839991 2082084809922514273 11502830353242073933 7899462810784271509 3730798533773595867 11596569585469780309 2289656281967334040 18186686647553772448 16240075274782602232 7650852367143176004 14837579638467942334 2996503700941286856 12786533460925571022 5655818458008258245 7385010466308189998 15607669912969501596 3468369194802175648 15126349052928505908 7598593257056270652 13522435219778894189 17454544578154601129 1082639995302493443 5277596231322136227 8386748882845575172 3750339071624113896 7999288337460475913 4091518497605016327 411842917176494821 10919668475982354998 2421109276862334276 
120 203
136 198
6 95
115 172
87 191
117 123
24 150
18 188
5 191
119 162
156 165
40 75
104 207
122 177
19 204
175 183
26 183
17 191
84 127
86 151
64 184
44 143
106 144
24 108
76 174
133 200
101 134
31 126
11 195
115 209
1 123
30 177
14 78
124 162
36 44
153 204
46 211
74 113
87 139
128 185
90 142
44 146
6 180
4 194
64 176
3 147
10 200
39 204
170 179
109 156
69 134
114 161
11 87
184 202
106 138
140 183
68 185
66 202
172 201
70 122
147 158
95 117
103 185
106 198
22 143
109 187
82 211
22 190
73 133
100 116
32 142
1 134
49 118
68 161
97 147
21 43
106 148
18 92
58 208
48 101
144 178
19 137
128 178
133 208
169 173
13 70
63 130
159 182
8 29
178 192
90 133
83 99
108 185
70 123
132 189
66 133
26 83
28 131
39 74
58 193
27 128
45 70
132 206
48 91
139 183
72 197
75 80
28 117
110 143
126 153
162 205
37 199
192 202
9 148
17 66
171 174
63 149
35 169
76 120
164 193
39 78
93 205
126 160
5 91
49 135
79 211
55 201
21 177
6 191
124 161
10 80
163 201
89 104
28 180
200 204
63 153
10 185
193 196
22 202
48 50
104 147
135 142
153 161
49 137
134 159
32 210
143 169
109 169
9 147
98 114
151 159
19 205
182 204
47 58
5 51
53 108
12 201
88 162
26 158
96 112
131 211
101 112
159 183
29 115
154 175
14 21
149 206
63 93
98 171
42 182
165 202
13 18
102 120
108 126
153 164
139 211
39 141
48 72
69 109
39 205
160 209
59 152
4 131
187 202
46 137
108 143
128 156
84 198
22 42
19 128
161 183
82 86
94 173
115 140
13 112
106 107
147 196
20 117
28 139
14 141
140 181
79 111
16 46
29 201
99 151
97 122
82 189
13 172
147 205
19 141
153 170
55 149
56 111
44 165
9 209
148 210
112 207
113 142
25 132
86 201
47 89
74 96
153 180
149 198
124 131
11 165
52 189
45 74
109 142
35 186
35 135
12 49
52 117
136 147
111 160
1 201
15 43
67 211
9 95
83 97
23 173
47 164
35 182
83 168
60 166
130 172
6 46
66 162
162 194
64 72
54 164
6 7
62 149
71 112
56 63
59 164
193 208
75 169
20 136
169 182
92 197
4 154
108 135
91 203
25 170
58 130
142 205
10 80
53 193
47 97
37 196
76 201
169 195
141 208
120 183
32 173
56 59
26 177
61 78
179 186
86 167
26 27
40 82
12 125
99 111
97 180
89 188
105 196
