50 50
549358834089146323 8281292981227534763 207444435364729985 15702617371830656254 100065109098336311 1409533462205368777 14544322125373147958 16853378157209662723 18215848495579818687 16241912982134151246 16115985450572466670 11070626587835101926 12129053891100895427 7162884276144990066 17401308127716177980 12230763508088569623 9891632588990826277 14105418164096342266 5395579708721299802 779087944689872960 1151228466092601803 8979155367357154511 8418135350197343673 1280296025028012042 16262642740971905003 17528836270501433707 6542554474642882503 16574201447556612136 6792295076720705294 11981641961500514130 14142857314386606454 1230449365062238745 1581644936156864667 1068593695681287959 12069617185394542958 9253080982273162980 1070787431978328623 15251725962723601497 15798723309516987921 14354774495385397045 12252440131783629586 9291372794460796344 4313241719815470674 12910873903250250700 5254372576068046370 592152962239163070 4909475989127081194 8198723852504445156 13809356718283092489 18238121302688681955 
18 48
5 47
13 48
14 42
18 50
1 36
1 18
23 31
3 43
11 16
11 29
41 50
23 31
9 50
16 44
1 12
17 44
10 41
14 48
10 34
19 44
9 45
26 30
18 37
8 49
22 47
19 43
20 29
13 27
13 25
5 40
44 48
1 37
15 29
13 39
13 37
17 18
6 49
10 24
26 39
44 46
9 21
17 32
32 38
5 14
21 30
15 21
18 46
48 49
16 32
