3
20 59364 4276
2352 6939
2449 3280
1570 5609
28 142
116 1054
481 774
1306 6205
2075 2703
2357 3673
1114 5620
2618 3075
1119 3387
2356 2878
142 1616
65 244
755 4002
605 970
1263 6123
4393 6708
179 2700
20 49317 2138
1048 3305
306 713
1708 2386
929 4507
808 1488
280 3306
150 444
470 4626
410 1981
1221 5121
630 993
3739 5266
706 4961
153 623
709 4723
431 843
282 628
333 1191
62 4513
2127 2912
20 22566 1360
1204 2331
682 1184
1118 1656
1675 4404
996 1550
187 1134
107 1342
86 923
448 946
627 992
16 37
1199 2736
74 863
1902 3718
414 792
2240 2870
120 931
3 258
767 1434
685 2295
