3
1000 4970444 181956
3850 4825
1082 2353
1062 4475
354 588
2295 10000
913 9112
2249 6480
349 543
2229 2661
5507 8895
142 267
2487 7483
1822 10000
5537 5906
1050 1991
7797 10000
1011 8504
1041 5610
176 2863
1179 3603
4072 8028
785 4606
3101 10000
1623 9202
2309 9007
2404 3987
264 3652
2733 6355
62 120
6700 7826
3 4
3468 4791
6753 10000
5284 10000
2200 2633
726 972
759 8854
1390 5016
7513 10000
4720 7232
8224 8338
390 1345
1927 7905
4243 7311
932 4554
2268 5263
3384 4748
123 877
1384 5486
3188 4996
724 5283
4599 8717
4928 5399
2312 6247
778 5223
3628 9738
1624 6370
1474 9746
294 7897
3410 4225
5278 10000
17 621
1802 3679
993 1886
492 2659
438 1627
66 9700
952 1364
115 5909
580 1056
6826 10000
151 4880
7979 10000
2053 3473
277 1662
3632 7074
426 549
6191 8143
81 6873
42 1131
470 3017
119 2222
387 2995
3351 5815
501 2687
1546 6525
128 10000
1916 5776
1452 3966
2564 3865
1421 2604
975 4053
6525 7563
379 2823
7228 8909
2781 8416
5519 6273
140 4972
2894 5220
4070 10000
2431 3223
7639 10000
1840 2862
3780 8558
623 5285
378 1005
1782 3348
648 9026
5759 8667
965 4882
647 1484
2802 5409
7450 10000
1952 10000
5485 9327
7283 10000
562 10000
1719 9923
379 575
76 7055
303 1335
60 919
4188 5114
168 190
7035 9313
932 9468
394 691
384 976
5410 7931
1959 4627
151 545
8318 10000
1573 8888
3276 6081
2364 2988
4707 5723
478 761
1355 1987
2110 3091
1139 10000
40 72
3014 5303
2117 9648
6069 7785
5748 8848
46 117
1403 1914
1196 3437
167 252
583 832
382 8925
6472 10000
2203 3513
1066 2323
1838 2056
1926 3791
7076 10000
2968 4976
200 1957
572 5236
4899 8488
2859 3875
521 4596
667 875
2119 2782
123 827
371 10000
3960 4415
1068 4366
620 5886
662 3009
233 383
1616 2053
254 9044
802 2408
58 4241
837 2864
6318 10000
6757 8802
395 2101
766 2043
833 1705
3290 6530
4374 10000
2260 10000
2850 6585
10 1718
2328 9435
425 1380
1525 10000
914 1324
671 1073
5710 7995
122 1574
4499 6293
280 909
4908 9099
4339 8148
179 10000
1935 5167
830 8915
3061 8553
509 9698
100 1083
4638 9099
5960 7599
276 1726
687 6036
788 1193
4900 6549
2569 4841
68 1527
2536 7796
1684 2213
4026 5048
3461 5606
692 7697
575 1951
5960 8462
33 101
99 5980
3504 5081
1345 1656
495 4354
2205 7105
3674 4316
62 75
6 7498
4035 6260
4 4425
927 4899
720 1526
368 1179
625 4925
4152 5182
145 241
1167 1253
7725 10000
5885 8140
801 10000
1291 10000
1438 2232
3487 5887
4646 7916
4057 6408
2717 4250
1636 10000
3952 5283
2574 10000
4079 10000
4999 5319
681 5133
4010 6106
1422 8671
2728 3466
1207 1613
665 5815
2324 5041
93 155
266 786
4406 10000
9 19
137 2963
231 2282
1421 9891
5439 7892
6152 8246
8415 10000
7476 9756
1066 10000
1453 8971
4339 6071
2967 8725
618 2897
116 237
3226 7742
1176 1591
138 159
1995 4508
9222 10000
42 1736
549 1636
319 366
5218 7076
673 959
4634 6221
1029 2533
2823 9126
1104 5229
1624 8731
2036 3618
906 6923
277 1108
1506 3455
1089 7284
1497 4658
1654 2970
4552 7327
2913 4180
64 76
627 1721
3762 9448
491 2723
5874 8168
3338 8862
3833 5414
3063 4947
2069 2740
306 2043
2640 6258
6751 10000
456 610
2303 7215
1333 1672
2727 3414
91 990
2276 5311
6068 7260
265 3428
382 10000
5456 10000
8765 10000
4322 4756
184 8202
168 230
1864 4560
615 2039
5592 6299
4760 9579
5303 6108
297 4404
6331 9587
1899 5351
4999 10000
216 3749
1026 2726
2178 2822
7087 10000
678 1119
1104 5873
2060 9565
1249 1438
2943 8301
3571 5817
1712 3195
4589 7428
58 6538
7922 10000
1603 4588
8641 9744
1017 10000
1385 5303
56 9659
8184 8856
2008 8509
5625 7799
1307 2247
1062 3061
3709 7052
1370 4584
5708 9165
317 1694
2179 4375
4350 7507
704 6661
1373 7630
1923 7302
3248 4131
1971 10000
3103 5110
554 1110
151 374
1400 2211
1985 3981
111 1479
2593 3645
1 11
1738 6503
5137 6121
2397 3141
7252 9149
1122 4943
291 3701
4840 10000
597 844
556 3002
313 4620
681 2417
1416 3900
52 133
5023 5467
3996 7123
329 1374
5453 6578
4062 8899
1022 9420
1522 6218
3268 10000
2298 7105
359 1131
8796 10000
1754 2379
1524 8587
8587 10000
2341 10000
24 9132
8161 9673
1688 3537
1959 5000
2827 10000
2546 5207
1449 3096
4776 6076
4719 8909
224 851
2056 3834
384 10000
7783 9729
860 1035
3618 8290
208 3652
85 801
2661 6712
6649 7008
7047 9355
630 10000
406 10000
2469 4610
21 179
1057 9025
2548 3741
504 7802
1309 10000
872 1910
2965 6820
196 242
3089 6243
1034 5991
7 7893
870 1803
82 227
4030 10000
1624 10000
170 1712
1021 2572
2550 4928
1722 2003
4256 6759
178 8181
4533 7029
363 3606
146 6678
206 413
111 593
2207 5498
1062 3981
1423 4888
6347 8911
594 750
997 10000
2570 5162
161 10000
1171 2102
1379 1998
4505 6842
648 9838
1463 2431
5752 7103
8598 10000
537 6955
1345 2647
758 3394
7054 10000
4968 7649
7436 8720
435 4629
1085 4767
3275 4970
3437 7340
730 785
555 6551
2212 3634
1441 2855
5448 7790
2369 5976
1451 10000
5566 9533
153 233
6124 8770
1992 2847
852 1037
741 3208
116 148
3828 7234
9006 10000
2308 6948
371 6009
808 7035
830 4674
103 6731
4304 10000
730 885
69 4012
4462 8218
3505 8363
86 401
387 4390
790 3892
3273 4331
5377 9320
1309 2282
1502 2714
3542 7955
910 1395
2130 2529
661 2519
165 683
332 2156
4450 7969
1184 9526
808 7942
19 337
2905 8507
2971 9191
747 2983
730 5034
526 1394
2396 2917
7207 10000
2992 3618
4170 9785
253 10000
2026 4178
7314 7799
193 364
5203 7541
343 1713
6188 9439
1368 1462
129 504
5290 10000
974 5321
761 1520
472 1597
994 2046
197 1338
724 5878
243 949
147 9460
4680 10000
606 1536
1033 1917
725 2877
1650 7197
687 5430
348 2882
210 1586
6697 10000
466 762
3301 6403
1871 10000
5091 5396
4792 8221
1775 4395
992 8720
5922 7606
1867 10000
317 6928
4936 10000
1131 9609
1183 1816
2947 3874
1343 10000
3407 4740
568 2910
447 915
418 1682
1697 3826
4211 7783
2671 3927
4339 7088
262 349
3976 4678
2123 7108
746 2328
1388 2126
1416 1755
524 7580
1252 1652
1081 8890
3435 7160
499 2372
3323 4349
2616 7515
4163 8419
1139 1538
444 801
4488 5684
5635 8799
275 598
1828 3191
8141 8897
4602 10000
4807 10000
3744 6127
270 1956
5046 9944
1106 1243
2801 7516
3236 4918
6135 7586
1155 6638
3094 5767
618 8639
3763 4665
3952 6502
5037 10000
6619 10000
6388 8789
2029 7347
3622 10000
5034 7360
4819 8473
2413 2982
1194 2218
3620 7379
2892 4919
1233 2451
2836 8560
1573 9364
1234 8082
964 3329
1192 2488
8478 10000
2894 3395
1691 4892
1861 3206
5898 10000
157 9503
6971 10000
613 5883
6463 7084
2300 8146
596 1708
5048 10000
140 3639
2541 10000
6292 8054
12 733
1463 3458
2474 3080
3057 3732
2556 4588
8227 10000
321 6784
622 945
1590 4603
5186 9100
159 2562
2300 2978
1548 2019
529 3146
6377 9800
6665 8982
7713 10000
2023 5753
3534 6428
131 226
7932 10000
288 335
41 2923
1555 2136
689 1200
9812 10000
1135 3298
7351 10000
4044 7435
3057 3673
1288 2745
470 3483
7710 10000
568 2512
4089 10000
1199 1664
1268 5407
1401 2121
3735 9228
6303 9054
5956 7792
943 8613
60 3452
1111 1483
46 290
408 4491
3785 10000
139 2081
997 8240
1407 1775
1246 4585
1747 2180
4829 7788
4954 7476
8660 10000
1071 2655
4632 6080
176 2498
6584 8287
1666 2154
5657 6665
61 190
9 2927
743 963
3181 7044
3340 3549
566 2816
612 1893
4638 7045
1003 4970
855 10000
365 968
686 3422
4418 7305
2062 9044
173 324
2677 4946
7631 8782
1 864
707 2906
1242 3637
4492 4951
4394 7435
3356 5309
249 3712
524 874
604 7340
8803 10000
394 1413
1802 9651
1219 10000
1675 6507
8118 10000
434 9044
1282 4258
125 400
732 5619
10 885
33 2240
152 751
96 1821
5864 8297
4059 5680
49 931
5963 7032
3150 5716
944 2785
1422 2131
1635 3004
802 9187
1430 3904
326 906
2505 10000
3435 10000
580 10000
5152 8094
1536 7626
2658 9363
480 7612
1548 2003
1957 4079
2282 8136
2218 8021
927 1137
4403 10000
4772 6129
2818 6167
6840 8972
2180 3398
5357 10000
616 7211
7285 10000
5349 10000
1718 8349
5061 10000
2046 3421
2231 3178
902 7163
3096 3612
6078 6359
6689 8971
74 232
5376 10000
4378 5163
5292 8975
26 33
1511 3754
1146 4402
2883 4025
842 1307
1552 6755
5630 6802
3792 5102
1785 2862
2769 7054
991 3654
5186 7829
971 5108
1267 2637
1065 5878
4524 8399
5014 5910
1105 8970
1798 2289
2697 4163
3195 6477
5050 10000
1798 6231
3018 5221
1975 7226
1644 5390
5026 9050
3026 4424
31 3893
2619 10000
2150 6755
193 5319
2262 3346
2326 10000
1443 3365
3103 6342
4029 7463
5932 10000
72 414
580 8851
4856 7872
7062 10000
2723 7711
2142 7881
4068 10000
2434 8917
308 4796
137 2228
247 2647
256 10000
145 270
4483 8141
1676 4208
2349 9880
3111 5284
120 150
2811 10000
5676 10000
262 9604
2916 3789
4284 7789
1945 8030
2580 5916
3 154
4784 5390
3797 4942
4977 9562
353 1424
54 5122
39 10000
6648 9785
57 216
3894 7846
657 1688
376 8210
831 2543
1384 9833
150 4570
7981 10000
1754 5970
1985 7726
1419 1868
346 434
2372 8512
2565 9347
7166 8262
454 723
396 848
3013 3486
4604 8035
606 3177
4279 4672
8725 9603
4894 6768
5658 10000
7087 8407
1190 8285
5298 7029
4017 5885
1768 6276
2913 4958
3743 5227
4977 6883
8196 10000
6228 10000
1177 7629
4443 5533
1407 2760
542 3478
299 713
2177 7590
2245 2581
4497 8954
2351 7342
3228 10000
6040 7233
3082 4155
459 7525
1889 4242
109 9836
2686 8298
999 9719
6318 8350
1478 2234
1555 2208
3568 8018
187 3988
1336 1964
6495 7773
0 2438
226 3630
18 23
1607 10000
3795 10000
4989 8953
2150 2797
2651 10000
3845 7896
6152 10000
8110 10000
118 1291
254 2773
801 1055
3080 5490
750 6592
7733 10000
5070 8567
754 2975
82 3326
4349 6999
518 1961
158 4274
3492 6505
5013 10000
2237 2716
7393 9273
1390 3806
1320 3364
609 2435
528 7789
8471 10000
1415 3750
1502 8806
2164 7055
241 6041
4006 5970
866 1876
6117 9078
5715 8260
1187 2557
785 6998
901 3347
3440 8041
22 346
1603 10000
311 1635
1215 6194
34 174
631 2239
1314 7383
1562 4200
2421 5086
124 953
4146 7818
2119 3437
827 1582
2384 3802
528 1836
217 7674
24 89
5602 6919
2400 10000
257 2504
4566 7290
8103 10000
1532 2086
2061 2154
732 3001
4547 8022
4140 7739
6314 7509
8788 9220
1648 2383
570 1317
44 2899
769 983
118 1886
1000 3751714 1096889
2429 7721
298 1333
1449 3028
2292 10000
620 4133
385 7651
499 5239
287 584
2115 4760
4635 6004
1028 5989
3211 10000
181 766
1142 2422
884 3737
2734 10000
685 1253
3870 9709
480 4544
1812 2894
36 1493
1310 8159
107 480
4052 6107
1540 2789
2605 6708
1838 3648
871 3236
617 1369
364 1074
165 647
2674 9938
229 2521
405 3987
5386 10000
798 2751
319 10000
3250 7936
1759 7409
176 1561
496 2152
4573 9667
678 3238
2773 10000
755 6620
68 132
3341 8904
632 1706
27 97
3571 10000
3514 9200
5529 8799
54 4562
3785 7134
1148 4748
1080 3404
1850 3530
1954 4662
5352 10000
633 1696
408 4841
2684 5036
117 6480
7201 10000
577 7935
2764 9660
5 6
257 5410
3113 10000
436 10000
523 8881
77 824
2589 10000
40 2630
2220 5097
7405 8527
821 2694
3312 7729
599 1811
5070 10000
2610 10000
2838 5233
436 1360
6835 9883
1856 3616
1093 9149
4106 6904
1646 2065
364 1900
704 4363
328 589
3267 6360
615 1625
82 964
4774 8660
2686 7206
3420 10000
164 2406
5140 7877
1525 3988
199 446
662 5738
572 5065
1582 3322
3 26
4329 10000
119 317
1676 7530
1369 4331
606 6375
4097 10000
5623 10000
247 5575
1231 9817
2454 8451
787 4152
957 3704
4866 8586
296 6872
554 1158
3392 8477
18 36
1661 2320
3643 6071
913 1642
2413 4588
3839 10000
6101 10000
745 3748
4 5748
429 10000
461 4854
77 117
1300 6168
3784 7969
2387 4906
4393 7382
1439 4050
2523 6155
607 1339
3709 10000
194 2965
915 3705
822 1671
1828 2519
1902 4411
471 8261
167 669
92 287
1107 6902
305 708
437 6718
2254 9817
2539 8639
0 317
929 2314
4587 6818
23 8319
2050 7551
5957 10000
1198 2405
703 10000
1178 4838
872 1848
1908 8546
5040 7346
5892 9921
5442 9905
826 8985
1280 5251
790 2197
256 1564
2896 6676
3329 10000
213 3462
52 10000
1138 7737
3184 10000
849 1450
46 95
333 984
504 1436
934 5047
1197 2327
1648 4714
1766 7868
2611 9155
26 106
2609 5870
889 9367
65 1029
2881 8637
1433 6382
5293 9663
693 10000
200 382
2369 4082
293 8972
1811 10000
662 5346
2839 7259
3517 9222
320 511
45 2631
1258 8586
1563 3364
5289 7335
822 3363
2914 6198
50 292
1399 8640
15 222
4313 10000
3302 8801
262 3060
109 4360
3631 8538
277 4573
977 3468
4074 9508
438 2449
2887 6057
5028 10000
2391 4029
1193 1848
962 9284
3585 7158
421 984
633 1301
647 1347
3417 6207
4312 6721
1094 1651
1266 5241
205 4973
4041 10000
156 390
1802 3833
58 8846
2004 8275
5696 7990
906 6863
312 991
1831 10000
1414 6557
36 2318
3713 10000
1122 6645
906 4749
3609 10000
1867 3630
446 8145
647 10000
5615 8892
2777 5661
1587 5699
1026 8855
1226 3313
2594 10000
646 1514
2035 4797
586 3835
1277 2762
2649 6910
30 78
3287 9327
499 1160
62 3955
875 3659
105 596
2558 7101
627 1683
5147 10000
2106 5277
1103 4906
4413 10000
83 1253
3939 9393
2275 5219
1399 10000
1106 10000
128 586
306 6531
2285 5247
1737 4263
261 3593
91 418
2287 3503
1671 3111
4057 9855
1 24
894 1543
248 705
2868 5647
5114 6049
83 1139
471 5121
3145 5672
1061 8006
493 6017
1455 3317
2182 10000
4786 5460
226 614
2484 10000
844 4563
1085 1697
420 557
843 1864
2991 7450
6855 10000
18 1082
502 6304
2149 4430
157 9626
1401 6665
2229 10000
3491 6796
4425 8862
859 4119
60 5036
1850 2599
31 497
420 1510
604 762
599 4558
1131 3034
2738 7041
933 5025
60 5345
190 384
1307 5503
585 6065
2283 4882
3526 8995
262 448
5601 10000
1444 3587
551 2393
286 722
20 1011
3453 8602
2977 4122
2738 4999
1887 8906
4357 10000
4 1777
3779 10000
3277 5835
753 1640
994 2461
6 22
213 2524
1832 5038
2074 4583
110 4863
345 5396
4608 10000
5198 5908
2863 4718
721 6530
1009 5851
5270 10000
1164 5967
3763 8893
932 3157
1189 6518
870 2213
1499 5826
139 1820
1872 5398
261 6696
4555 10000
1631 5156
82 2814
2183 5207
204 557
852 10000
3932 6653
830 9952
405 562
336 4148
1721 5613
1306 6183
1277 8504
672 9525
386 3130
2565 10000
4389 10000
4775 6953
3650 10000
4329 7456
4662 7861
1614 5530
174 880
2456 3784
3775 8972
4658 8472
313 1282
1890 3306
28 124
509 2640
479 5834
3932 7206
599 4250
2998 5340
2373 7508
405 1424
741 2218
239 1740
367 4487
2962 10000
3716 6697
1883 9019
719 1204
46 624
640 1242
3349 10000
1803 9436
243 629
891 6445
1639 2445
2333 7444
1520 7430
4486 6453
1606 2672
440 2432
58 316
2761 3859
2296 3988
773 3982
1766 7759
175 1625
441 2093
1053 6191
245 710
2088 9733
165 2106
615 3866
826 4745
3867 7667
5017 7620
2470 10000
2642 4696
507 2021
5750 10000
1382 7004
3286 10000
417 3785
630 4862
4692 7583
442 679
2557 9118
2895 5299
270 8456
3839 7792
183 607
3431 10000
219 980
1536 2465
1693 2972
13 513
278 1849
0 18
1757 6303
88 10000
80 1148
1627 7268
1787 9826
1005 5954
1921 4829
2339 5189
3562 8447
456 1771
722 7379
1328 6322
2074 4019
6309 10000
59 774
142 7095
250 1557
1586 4229
1511 2139
536 5824
689 6185
7 86
682 2585
1564 3649
1450 6265
128 3199
2758 5814
1244 2570
16 111
4184 9043
1584 4770
2148 10000
192 2922
510 1928
576 4919
2159 8671
4237 7730
3225 4755
1475 2019
2779 7886
243 933
1781 6784
1704 6813
2497 8024
1814 3460
1760 4824
2625 3458
1521 5510
1023 10000
110 1340
4 9
3001 7313
2319 3843
1644 9812
2 1539
1311 7212
2904 9031
3488 6786
993 8102
4342 9095
2286 5268
6142 10000
1109 4868
5915 7088
5803 8470
3545 6919
3793 10000
968 1293
1227 4138
574 3315
3655 4898
1121 3813
5314 10000
481 5676
1858 3927
4841 5707
4098 10000
405 1218
368 2152
1459 2602
792 2351
309 2239
923 10000
1090 10000
1356 8328
480 825
2098 10000
1706 10000
4767 9662
3858 9367
2595 8728
5275 10000
6204 10000
5948 10000
2661 8964
4222 7507
268 3296
2129 3857
189 761
346 2573
1815 6041
1659 10000
339 1197
3807 10000
323 524
3214 10000
1279 10000
1158 4531
1129 7694
1776 5066
3247 7458
1234 2506
4286 7706
268 661
1744 8251
2139 10000
1158 1720
873 1261
367 2623
1750 4477
1423 10000
3725 3774
9 1409
31 2187
294 893
85 731
1717 5482
551 8918
711 6425
491 4855
4284 7232
4021 9601
5377 10000
4693 7252
1085 3555
348 715
338 2563
2984 5593
3531 5539
760 3741
719 4059
22 1612
267 4806
2113 10000
4277 8496
367 1004
242 938
1545 2803
500 10000
79 1126
3910 8248
2210 8267
603 1531
1710 6714
6127 8160
4802 10000
1399 8104
3690 7301
522 707
5130 8151
4229 6693
2330 7700
1048 2642
2354 10000
2192 6890
274 6820
453 9528
2256 8308
2359 7473
206 1046
167 407
44 335
1470 6924
130 5505
1100 6728
3324 6055
3577 6817
5039 10000
1452 3660
1828 5928
2856 10000
2740 5684
891 2499
1509 3448
831 1129
468 3996
91 7378
3324 3931
297 845
3105 10000
276 1743
4394 10000
1835 9360
1272 2670
4038 10000
1056 7994
704 1153
2100 3968
175 4730
61 1515
3393 8347
759 1687
2796 10000
3158 7527
2216 4802
4423 8925
1048 2470
945 3142
604 1661
2242 6669
1147 3491
2081 3169
523 7669
3691 6747
6646 9107
4817 7554
1794 10000
865 3060
841 9408
5242 10000
2421 2904
1161 3063
6391 10000
682 3301
2302 10000
6664 7412
74 616
3871 10000
3542 8495
1355 4732
346 1644
2599 6901
34 2096
6092 10000
452 2927
43 9008
21 4447
39 5109
2389 3771
136 287
3004 10000
65 2609
1388 3129
690 4853
3952 6702
572 927
1971 7363
4893 8599
1859 8221
1868 9374
3354 7226
4401 9706
121 201
608 3734
205 10000
2344 3364
1897 5196
2557 8845
1294 4911
2621 3151
690 2385
52 8711
3344 9573
311 861
266 1292
1347 5684
1698 10000
3580 7271
693 1395
467 6421
349 4203
2559 7490
1892 5146
1741 7732
4301 10000
5254 10000
39 2532
204 3343
1891 4202
3294 10000
1972 9300
1928 4461
1388 5845
3 2220
285 2741
2204 10000
2018 2198
8 191
1622 4376
2511 5158
648 5522
3825 9156
495 2683
3493 7346
922 10000
3898 10000
315 1173
4409 8531
1431 4658
2105 5109
657 1324
552 1296
937 6987
2029 4423
1503 6817
2212 4189
1027 4544
25 364
114 3830
511 948
3175 8225
681 8746
698 4343
1523 7260
309 6107
1359 10000
34 146
46 198
1036 2134
3672 10000
4299 8301
106 1743
4300 5654
21 2958
473 3393
1369 2826
2221 6436
523 1023
863 2493
377 939
2734 6354
1130 7765
2082 4166
4275 10000
252 4796
110 301
1359 10000
1758 5170
622 1326
2666 6653
1443 2330
335 10000
5594 8923
564 1855
218 9943
2414 4170
340 827
2430 4741
3 1188
28 128
1745 6656
152 528
5695 10000
1494 3487
5824 8553
3433 5254
1006 1853
96 915
7261 10000
1086 9248
1477 3579
1471 6693
6279 10000
1350 4446
1188 4044
2689 6371
2490 3082
4744 10000
5 358
4312 7681
72 877
5139 9970
1897 8252
573 2815
221 545
15 2310
1510 1958
780 1636
2450 3137
834 3587
831 1330
1049 4855
5425 8033
3116 10000
6401 10000
2500 10000
1835 3824
731 2470
2627 6975
2909 10000
80 238
1497 4440
992 2177
2238 9249
1466 2485
2590 5618
2673 6119
523 8140
620 3591
2812 8221
1091 1919
534 6806
379 968
704 1194
6275 10000
4851 8149
1499 1647
2493 6306
2429 3669
602 5211
201 340
2484 3669
1146 5082
513 9842
718 10000
297 2476
365 3560
2917 9780
1442 1935
873 8254
458 1326
4052 7099
2241 6698
495 2314
1020 2119
2588 6153
1150 7001
4488 8166
3621 9226
5419 8939
1186 3260
5490 10000
5715 7582
2768 10000
359 1515
9 8483
211 2285
1307 10000
302 1167
169 1692
3418 3574
1936 10000
4707 9276
3554 8646
3225 10000
4121 8036
445 3164
2159 10000
1605 7210
1786 9382
405 4202
5537 10000
3694 6706
679 2091
567 953
3444 10000
1640 4894
871 7005
905 4148
5195 8739
31 3452
397 1679
3911 10000
3454 10000
3058 9017
23 2258
233 2608
188 10000
2732 6165
2078 7337
784 3786
1135 6248
341 2750
1721 3753
5234 10000
24 99
461 677
1464 3868
536 1668
1862 10000
220 3726
57 1049
916 10000
2491 5622
7150 10000
4242 8466
2547 6523
793 5204
2472 4159
3552 6801
1455 6823
1337 4259
3824 9116
774 5780
1691 3339
3047 7491
429 1270
3164 10000
6104 6638
2492 5119
3642 7402
692 6802
2177 6824
781 3418
2083 3084
3699 10000
3035 9102
773 2481
5665 10000
5245 10000
3697 10000
147 403
45 5369
3596 7872
1152 2388
1036 1751
4148 6276
3903 7073
2572 10000
2735 4589
3858 10000
1616 7473
3337 5769
1290 7139
1784 2566
802 3724
3518 5812
1094 2266
3725 5801
6122 7280
70 506
803 2702
2025 4238
2792 4577
1603 1955
1519 2413
1000 2335261 133544
1880 5427
433 1732
2521 2751
523 3570
4418 5740
1372 4018
2507 4228
209 1829
535 3278
5 7034
128 922
1675 3009
1691 7712
16 1312
311 2102
1368 4604
602 3846
239 3292
1067 6483
1554 8921
36 383
11 90
2969 4138
109 5248
600 6584
482 1099
430 644
421 3117
68 157
824 2180
620 1021
5 47
1086 5846
1897 5912
8 4606
286 369
1565 9378
1225 5115
277 3047
2523 8533
3386 6677
3210 5001
621 1285
7 245
2484 3420
88 187
822 1195
8 103
2328 3701
2148 3820
482 4602
78 1084
1839 4052
632 1278
140 1744
2766 7222
650 6807
1554 3058
256 2571
33 169
1230 5932
156 383
285 2146
71 1560
491 868
502 1424
2386 5552
540 4073
263 8290
1219 4005
1288 3287
1316 4419
2919 4813
4156 8108
500 836
1170 1960
1555 4520
458 767
264 858
1866 3197
236 2441
3481 4855
23 1122
36 334
77 817
1407 3024
4 34
727 5304
1066 4769
1975 5630
21 3773
1905 2671
1527 6047
1773 5015
1423 6555
19 29
1487 2154
2182 4118
2090 4253
333 618
301 2875
1112 4832
2568 6581
46 619
1218 4968
0 1
988 4777
929 2707
986 5370
394 688
32 261
413 2777
389 2788
1617 2908
1868 2553
500 2200
1500 2482
4003 4704
699 2619
341 468
1966 2871
3916 7416
598 5431
3428 7102
655 1490
281 3859
1544 5312
116 1956
1147 3196
2841 5002
2077 3178
787 3882
1589 3282
1626 5221
3210 7553
2262 6135
662 1204
676 1525
224 7324
757 5034
1280 5425
209 1804
1341 6336
368 861
429 1654
2519 4429
1459 5163
188 653
46 403
1218 5524
3171 5060
1057 2223
2244 4117
373 1048
2905 3693
46 384
476 2099
250 4510
2235 3563
1258 2504
869 5458
956 6650
1607 5118
435 1606
592 7130
2515 4427
2467 3349
1152 3192
3537 5951
79 233
813 6595
645 5547
1124 2014
2582 4292
715 3324
494 930
3875 8244
2195 3742
20 112
2299 5448
41 2677
80 102
2461 3026
359 973
110 2988
890 3193
1089 4416
3298 6651
194 2649
648 5225
3635 8967
2210 4342
212 5321
1562 2805
438 4786
3298 6339
2288 4123
483 1041
57 3115
900 1834
1407 5364
2017 2560
1150 4257
78 977
8 10
119 285
1253 3559
10 7959
318 3073
461 2080
637 5044
1427 3174
654 6385
745 1857
2 766
1233 2617
1454 6758
756 1505
36 731
359 2452
718 4960
1429 5348
57 2196
1044 2607
947 1340
3724 7028
1027 2364
258 4800
1387 2534
215 1944
913 3257
425 7793
40 136
1045 5782
1596 6039
47 628
257 502
1720 3726
2818 6954
992 5762
1283 2615
1800 5956
637 3819
1206 3654
387 1264
239 452
1914 3410
964 2374
949 4985
715 6936
1837 4813
499 1925
987 2107
1599 7538
1673 3081
11 901
68 5237
3705 5964
473 1230
1244 3168
1566 3482
36 69
641 5853
265 2307
1700 3794
1432 8548
1394 2309
3171 6222
1391 4877
2158 3949
368 2394
101 3257
1896 5602
951 1869
1877 7998
1851 6875
114 7407
180 536
317 5581
1238 2008
1904 5074
1095 4599
651 2972
41 518
3706 4260
1968 7867
1544 5996
1633 4601
924 1909
948 8397
694 3939
148 265
129 647
2981 7620
4138 5438
577 6962
626 4261
56 1205
20 2186
128 749
262 433
4265 7488
547 5052
348 1071
1480 2552
174 1805
76 685
1415 4785
864 1661
2196 4486
1132 1543
165 4393
1535 2688
182 1377
929 2648
126 2564
1765 6750
1064 2630
1972 4511
304 7338
3596 7018
1668 5931
203 527
24 1395
91 2353
1692 6266
1973 5898
706 1986
3283 4922
396 1171
108 722
1394 2440
42 1482
866 1255
3447 4579
1015 1807
392 3264
89 377
1966 2514
2218 2943
106 785
1877 3067
1426 2248
345 5506
2371 6384
399 3400
37 605
1961 2907
995 5368
1032 1685
1069 1356
1147 2152
121 336
2313 5701
2586 4981
3257 4144
73 2361
2316 5000
1181 5274
842 1629
626 6234
93 1110
1407 2586
279 5718
1016 4836
280 1782
1129 4375
4701 6462
1066 5957
2 5
157 399
332 3578
30 391
2601 5863
1107 2201
930 8274
608 2089
1688 3826
2 17
1720 3304
308 1417
437 4091
1917 2111
50 1021
3008 4809
751 6002
2559 5464
447 924
233 1933
1781 4685
1461 2199
224 936
1291 2809
75 4430
831 3519
4049 7513
3395 4484
1298 3571
2 46
613 8146
3223 6596
147 805
955 4688
1390 5129
198 5793
1509 7098
2132 5140
3227 4214
1449 3317
231 498
147 3893
476 3585
856 1230
1671 4474
1426 2237
81 594
1133 3081
102 5510
442 4038
436 3730
561 1592
933 2386
129 1436
87 2116
130 371
281 3357
18 238
571 9223
5 50
1092 4882
187 2589
2108 7828
32 7454
386 3221
2374 3757
699 1954
1985 3954
689 4263
1930 6096
213 348
4430 5433
396 1915
849 2307
631 1075
785 7800
1437 6348
2506 5636
1597 1923
173 1521
4264 6585
637 2564
429 1421
1156 2858
239 282
1606 4242
1761 3036
150 230
1772 3358
1977 6486
160 493
692 1496
127 328
728 3928
1295 1653
3802 6716
2347 3462
1251 3191
1423 1603
852 2092
385 5645
148 1012
1572 3697
503 1452
28 217
182 386
954 1799
2275 4624
230 763
1884 4219
4014 8139
72 4401
2200 7527
246 1173
1429 2160
720 2227
121 2602
3343 4628
1542 3817
216 1216
33 78
2197 3755
3971 7273
152 1692
1210 2645
3434 8988
1646 4173
494 5392
211 636
52 1949
377 424
334 1285
472 1177
600 2336
124 5020
2385 6186
900 7846
2353 4095
4086 5695
2966 7909
3 4334
3872 6934
274 497
3606 7532
2905 6856
926 5194
141 767
868 6648
729 1639
985 4081
1047 5033
1105 2515
1565 5678
237 464
1754 3793
1 1816
2768 8661
4132 4310
1975 4286
114 266
3037 5309
215 535
295 7137
694 1202
866 2473
1102 2519
1558 4034
12 43
2527 4012
1987 3378
3523 5825
180 1499
954 1851
3055 4672
2093 2685
386 603
284 1473
528 6585
626 1228
16 153
1308 4087
652 1496
1680 7195
365 1288
278 681
152 632
58 153
1511 4861
252 4799
505 944
599 4573
1031 3431
1833 3412
813 7456
2213 7085
929 1800
422 1693
504 2695
214 4488
1845 2990
637 1439
2085 8118
155 715
2515 3923
401 854
108 791
4085 7395
1205 4517
1841 4282
109 210
475 1197
2998 6764
312 502
117 2344
2526 3100
496 4400
239 921
639 1337
1023 1786
2417 4491
3793 4565
64 212
168 776
2060 5794
749 2707
633 1118
103 9166
536 3035
9 2697
1212 5801
344 2715
315 505
886 1710
1077 5593
361 559
143 3808
56 945
11 432
2744 7107
3258 4477
651 3611
2704 4099
55 864
2256 5737
796 1251
1094 2003
813 4684
33 405
1631 5500
798 2027
62 670
101 1843
752 3479
3086 4438
2736 4873
257 3582
15 743
1563 2203
47 279
3479 8113
254 2424
1635 3986
230 887
2023 4177
814 4537
748 4819
432 1079
1389 4888
2314 3978
1055 4329
3889 8111
110 537
1621 6053
2117 4927
2673 3276
937 1760
1631 5959
2181 4860
2839 3926
907 5496
139 298
4395 5491
40 1982
26 708
2825 4834
348 1721
1038 1777
1599 2659
153 5261
970 5206
1212 1847
562 2801
754 2434
837 7086
881 2761
2753 7109
1003 2937
1742 4923
1203 2909
2833 8935
1584 3798
1963 6189
6 645
61 868
377 4156
1919 4335
661 1502
2313 5260
2188 3722
4209 5628
172 935
3465 7032
61 382
213 1984
1188 2258
271 4114
1000 2103
1096 1144
78 1124
307 4591
2269 4623
661 2235
1323 4018
1497 3443
1938 5037
179 3185
426 1654
1420 3372
3758 5730
511 2201
1317 4851
1127 3553
3023 6562
838 2103
95 154
362 1393
32 840
80 5053
2757 6205
1809 3459
989 8215
559 2795
1937 7302
449 3252
2346 5710
143 1336
1118 2412
87 2651
1016 1167
1652 3392
1813 6103
1389 2712
928 2261
27 236
320 1154
542 5669
1252 2822
3007 7430
923 8180
1494 2905
1494 6550
552 622
17 47
11 782
1057 3545
1193 3156
2628 7459
1409 6288
727 2412
532 5471
3767 8061
910 4135
4415 5230
407 3961
183 305
588 2993
507 1957
2594 7180
2532 5513
231 867
190 3567
162 1375
4368 5814
2407 2534
167 1094
515 2078
610 1138
697 1961
2613 5175
448 1429
157 6066
3432 6797
2405 3529
74 4946
1194 4058
2491 3638
2061 7860
579 3187
456 3188
1530 3278
853 1994
81 242
1493 5821
559 2632
43 1194
1069 4579
458 950
292 352
359 6356
2498 2898
560 1093
224 537
98 4957
1560 3421
2743 3822
2719 8583
525 2007
322 5981
623 1360
354 1742
788 5930
55 431
1745 3408
675 3825
4161 5209
486 1122
18 7749
1066 3324
18 97
874 4798
1573 8021
217 729
875 3476
61 2193
30 5560
1138 5295
183 5803
636 1979
1143 4730
1040 1704
1682 3490
333 985
6 28
3113 5975
1170 1428
824 1000
1338 6804
1867 4364
922 1295
2640 5094
787 3563
855 987
329 351
897 5884
2480 4790
2100 4197
170 554
781 1344
423 2076
19 49
617 3534
1497 4004
1189 1648
3134 8072
171 2537
1018 1784
2016 5110
1808 5626
117 5270
143 3055
70 2624
3382 7575
199 4437
58 111
2307 6013
159 912
455 863
2679 3235
453 1609
1162 1387
97 377
1150 4694
748 2247
328 2190
481 3020
856 3396
1352 2009
174 2186
31 204
922 2543
103 184
2292 5496
479 1728
195 318
1199 3607
2100 3682
858 2490
33 83
728 1730
291 2020
151 1008
1534 5656
75 337
827 9089
515 1180
1175 5383
1095 4586
119 201
346 942
699 1266
735 3827
1303 2940
151 1546
713 4795
988 1842
1095 6764
965 2973
378 1243
2743 4667
95 838
1846 7594
1790 3178
1784 2686
264 2066
585 3296
2877 5283
179 1275
683 3469
2475 7314
2704 5534
1054 2895
4115 4899
256 6312
621 1791
53 834
293 2758
1149 7373
2146 8670
2081 4364
1038 2847
2154 3898
878 1171
1812 3367
1429 3727
158 215
975 6732
568 1270
2443 6056
463 8468
2801 8101
1367 3756
2172 4682
647 3101
921 3870
393 1161
2170 3168
238 452
2436 7115
302 747
415 1801
47 109
795 1288
1278 3960
91 683
741 4230
22 392
269 927
1089 4910
2 34
3982 4796
1720 8508
651 4643
168 6560
772 7787
3733 7256
494 5258
1907 4166
70 3081
2749 4226
1258 5056
473 4045
3335 6363
460 1378
738 7723
467 974
1320 2890
1884 2902
1649 5707
304 539
3116 5479
2426 2991
405 2961
932 4644
853 3219
1702 3918
1419 3113
1865 4822
2568 6948
2975 4549
290 2107
1577 5458
409 905
477 4225
3698 8049
1070 7111
1321 6883
4212 8813
282 1447
2949 4680
2916 3680
1414 2593
1010 1886
2932 5404
230 798
4353 9064
978 5053
625 859
3713 5634
3768 6425
1221 6589
409 2026
2359 7032
481 3073
2297 7087
1101 3645
365 4032
3706 6103
788 3251
892 1856
162 902
880 4049
