5
189
215 767 801 258 161 983 146 49 709 905 475 797 663 674 765 942 63 596 277 335 523 103 156 789 239 779 53 737 740 757 739 586 828 599 723 541 687 684 581 822 197 201 646 431 924 462 139 684 21 884 910 103 699 596 111 283 770 743 185 723 708 277 314 452 357 807 276 936 187 755 721 940 742 661 777 602 658 541 739 409 369 407 893 585 480 856 459 217 688 815 613 699 655 779 949 341 267 36 66 753 611 391 71 433 550 996 861 232 701 222 333 520 951 675 776 947 116 801 518 161 733 995 128 966 855 566 513 92 247 166 953 891 328 501 25 27 231 95 424 808 332 133 811 961 827 419 749 123 779 998 285 76 839 773 690 373 731 157 80 453 465 496 144 71 558 890 443 982 200 827 845 177 159 947 291 550 703 124 657 993 941 632 100 759 442 911 647 942 345 
199
-652 -640 -326 -136 -255 -751 -43 -687 -400 -648 -796 -353 -478 -100 -582 -544 -350 -537 -190 -504 -881 -275 -635 -236 -875 -481 -875 -535 -770 -928 -890 -503 -964 -982 -893 -228 -827 -603 -634 -926 -732 -182 -145 -592 -746 -448 -223 -63 -78 -831 -912 -597 -941 -699 -689 -548 -771 -520 -134 -231 -34 -635 -387 -491 -960 -454 -591 -892 -267 -962 -315 -470 -217 -428 -770 -80 -820 -523 -310 -685 -268 -809 -908 -111 -670 -875 -164 -17 -898 -573 -398 -349 -58 -297 -430 -346 -38 -825 -757 -938 -755 -80 -772 -974 -778 -80 -4 -856 -470 -774 -672 -812 -250 -6 -328 -918 -502 -810 -600 -373 -372 -376 -75 -138 -265 -10 -2 -888 -547 -270 -857 -814 -131 -677 -740 -914 -57 -783 -327 -956 -720 -326 -756 -576 -133 -868 -650 -756 -958 -274 -786 -300 -584 -825 -756 -936 -376 -196 -380 -890 -352 -723 -498 -542 -518 -14 -13 -207 -864 -984 -982 -155 -355 -854 -267 -383 -35 -383 -734 -332 -179 -339 -344 -911 -444 -509 -492 -633 -620 -392 -474 -363 -255 -962 -399 -494 -699 -390 -207 
1
780
192
-338 750 335 -246 -748 -858 -178 -613 -422 131 -720 648 740 891 -472 -719 478 29 706 430 919 856 894 124 -356 428 374 227 -724 137 265 -629 38 -424 -574 -717 -222 -396 -642 440 -452 18 600 199 -366 353 453 -760 -189 698 414 276 893 674 194 -873 -768 566 -986 -742 -597 407 6 14 374 352 943 211 887 178 -763 -61 682 648 -306 -849 -163 -236 -746 -309 -689 325 555 623 -217 -752 -885 -359 -727 513 865 -219 -563 -514 338 -7 -296 760 -122 -364 -583 -246 -874 285 -28 956 -278 -626 269 -231 -748 971 -215 -736 981 -812 -186 808 -908 -95 161 -676 -435 -294 384 56 980 -917 -475 -652 200 210 604 -694 -358 449 -849 -72 956 985 242 -123 766 987 329 276 114 -453 -567 -147 -653 -845 438 361 26 779 638 -840 693 -489 560 -772 4 172 812 -772 -506 578 630 -130 -38 -859 526 689 -339 867 843 143 -44 -262 370 262 50 -99 839 -108 -568 115 -372 707 -341 -129 
183
-319 -8 -227 689 361 525 -418 202 -101 -344 -144 -70 -20 -830 684 -55 -850 -431 463 491 -933 752 -42 105 921 -276 -830 920 683 444 618 984 235 900 789 20 568 596 563 212 242 540 651 -148 -812 -530 -933 -902 626 872 -233 441 360 -16 -277 801 -388 544 -207 -243 -791 -385 834 -756 974 -590 502 959 527 -121 404 636 273 -263 279 -637 -901 -934 505 702 723 176 807 -512 157 -24 684 889 666 776 -462 377 -949 944 35 -406 331 726 -941 798 93 -774 620 528 -126 -344 771 573 -276 -902 24 880 -32 -404 92 293 824 610 902 839 970 962 122 -375 -169 833 -98 -761 -611 176 493 738 -651 -881 -385 -75 -709 -888 -957 -190 -609 174 709 -266 -959 485 -223 -322 43 29 -423 -436 847 -603 974 966 940 856 -52 -739 -173 948 -256 -372 -400 -879 73 -415 -324 431 746 20 112 -647 -579 809 68 500 961 -78 696 -280 648 
