5
197
516 496 515 962 621 277 393 244 421 563 54 751 117 912 69 301 503 271 101 915 858 925 540 157 137 965 775 497 790 113 316 919 935 718 487 140 59 488 418 106 269 113 457 174 274 99 364 453 524 625 760 188 27 477 416 411 984 380 225 266 121 322 646 332 217 595 70 431 577 414 184 768 249 521 621 721 751 356 627 535 751 664 381 939 765 332 488 886 162 208 602 504 517 827 811 112 472 886 893 775 869 991 889 25 955 696 585 329 477 448 26 72 500 802 390 778 111 505 740 613 747 224 756 850 367 837 930 720 891 804 292 153 844 1 863 434 96 984 955 809 509 421 496 401 638 23 177 816 131 748 740 381 470 160 761 623 564 269 691 829 305 210 931 555 441 959 394 695 619 453 433 982 223 242 18 349 358 53 239 861 338 291 196 66 705 130 72 214 437 576 557 824 141 390 613 483 787 
195
-296 -754 -980 -38 -673 -98 -763 -246 -883 -396 -527 -647 -674 -534 -240 -225 -609 -718 -662 -442 -548 -724 -289 -496 -746 -41 -396 -318 -905 -798 -335 -464 -706 -587 -727 -316 -170 -992 -504 -958 -869 -416 -363 -498 -752 -132 -103 -451 -941 -968 -975 -508 -554 -166 -103 -90 -140 -625 -293 -221 -180 -702 -296 -44 -302 -139 -610 -434 -164 -400 -92 -584 -824 -626 -140 -928 -428 -27 -266 -128 -757 -627 -503 -492 -168 -810 -540 -917 -409 -510 -12 -790 -84 -461 -658 -352 -585 -942 -639 -901 -611 -755 -243 -834 -980 -462 -52 -692 -184 -29 -177 -982 -811 -195 -45 -312 -61 -983 -946 -562 -30 -373 -313 -591 -260 -724 -907 -706 -854 -620 -162 -753 -542 -393 -18 -379 -936 -124 -482 -831 -214 -352 -193 -150 -225 -478 -356 -294 -229 -527 -84 -696 -804 -488 -692 -570 -804 -575 -12 -122 -560 -696 -293 -205 -515 -700 -531 -739 -904 -172 -264 -950 -110 -732 -944 -271 -845 -344 -990 -383 -626 -166 -81 -388 -341 -788 -952 -18 -92 -958 -361 -925 -928 -220 -890 
1
-379
196
888 -625 -227 842 -453 435 -928 -241 138 189 -474 -314 -717 701 821 -922 740 -73 -538 -112 291 953 118 182 -69 900 229 68 -936 -145 476 17 -892 -416 565 964 -214 9 -435 605 442 -719 -450 213 329 338 35 810 629 -745 902 -909 880 -823 484 727 -24 703 -678 -9 -167 -7 -409 257 579 -190 -18 728 -42 -101 20 -283 -394 -344 575 -316 -74 864 -39 792 -825 -256 -425 -792 72 298 -582 -34 -999 831 -397 -18 -975 -712 -85 859 551 -400 -775 678 -939 512 -574 880 -824 787 -570 222 690 346 162 -902 305 -820 294 -237 -351 -721 500 25 -97 731 -841 728 -665 649 -660 245 -942 291 -202 -568 787 741 514 -544 839 818 885 -173 -298 -628 -753 267 68 -275 434 819 530 707 -533 847 -361 875 931 -518 -45 -550 560 -179 509 -749 167 -730 249 -739 -1000 -216 662 -269 -492 -346 -863 952 508 -95 918 -283 -28 515 -131 708 -406 -504 -304 579 806 -535 -273 151 -463 -581 555 967 -581 -137 
197
-952 -705 -523 14 330 140 74 -492 57 -796 296 -421 -944 -458 -651 732 369 -972 -571 178 923 -425 -682 -739 -247 870 730 69 407 923 -113 -327 777 736 350 821 538 672 -457 556 123 910 240 200 279 -716 754 -109 -457 -395 -919 866 588 479 873 -917 -776 -916 -385 -869 -884 -799 339 142 409 -948 739 779 -424 750 -409 -431 477 559 -31 432 658 516 -295 -331 -490 488 392 -437 -657 -127 59 -620 -779 -485 -604 -704 642 174 -577 -355 672 -784 515 -472 241 429 469 303 -908 -400 -586 477 840 -446 -307 -989 -384 -668 94 190 524 -297 854 -692 380 52 -896 -808 -737 -514 -953 484 -137 -403 23 -661 849 618 -117 -259 -112 -829 -677 69 -659 -24 -178 2 -893 238 188 86 39 959 -715 501 320 544 872 -4 -812 207 -683 971 764 -562 460 -331 727 680 10 698 99 963 -193 268 110 -493 362 547 -709 -934 -319 624 704 644 -985 -761 -933 282 131 36 544 -502 202 -498 -188 674 -719 -621 -244 
