514
1100101101100001110111110010001000110001111010110011111110101011110010000011101111010000011001101110000100101101111011000000111010001010001000001001111001011100100010110101111111000111011101101000011101111000100001100000000010010010100110100101011110101011010110100100000101111100011111111010110111100001010100111111011001000111001110011110010110111010001111001010010011000011011100110101011110000010001111110000100111010011101111011111110001101011010101100101101010101100110111010100001000111000011011110111111010
846
358
485
454
305
366
449
508
411
466
322
388
345
476
457
512
486
108
163
434
326
449
400
437
458
256
459
215
394
402
472
231
377
497
462
293
336
473
480
176
433
404
489
87
502
296
454
306
139
290
390
326
243
481
496
379
444
501
312
432
481
507
316
390
460
248
355
319
301
356
363
255
134
454
458
505
238
452
505
426
462
323
496
478
306
271
143
480
504
414
426
455
455
441
462
306
386
107
409
502
477
495
248
323
350
161
441
244
284
479
500
406
412
481
471
329
369
346
378
421
227
413
498
436
404
504
502
511
448
480
408
466
461
405
247
486
500
207
299
378
266
263
390
504
390
418
229
236
365
204
336
492
476
409
399
391
380
340
304
507
409
343
410
484
325
149
493
376
467
315
395
354
467
385
481
452
234
217
423
288
205
340
178
427
377
492
484
207
505
465
231
497
396
497
463
487
451
359
198
336
455
277
234
505
249
392
506
475
438
505
435
455
428
488
419
459
172
368
455
278
419
471
423
270
453
481
398
491
469
223
473
408
230
120
307
480
287
405
492
430
459
412
450
473
315
405
342
393
360
470
356
384
513
508
324
393
303
219
336
131
420
403
481
393
369
329
308
424
355
449
158
295
482
461
481
177
253
478
99
131
471
205
462
484
443
435
494
317
451
403
358
356
434
442
383
317
366
472
490
421
354
496
464
391
361
301
472
332
412
474
483
304
264
459
407
336
492
471
438
370
502
435
458
479
363
424
330
504
179
460
469
373
327
504
447
432
377
391
419
404
351
474
358
419
420
234
408
304
145
460
499
443
341
364
507
347
90
456
470
255
345
114
506
271
224
409
404
463
496
345
330
463
356
489
356
471
423
341
475
376
391
433
506
470
439
270
379
437
130
472
392
387
356
511
236
321
409
200
506
433
388
429
158
408
304
512
458
322
470
489
242
346
458
513
423
509
387
503
174
498
500
504
327
250
429
455
455
334
460
504
460
453
413
149
499
472
475
337
464
420
244
389
394
285
298
323
347
485
245
327
312
387
473
506
471
294
432
404
367
165
476
382
502
454
381
355
484
201
414
383
374
430
506
365
461
471
494
508
380
347
485
402
461
405
485
439
371
435
461
363
203
465
367
478
280
255
278
508
186
460
354
443
355
458
479
500
510
333
439
444
444
194
281
313
459
258
270
309
451
342
441
492
466
207
412
500
466
452
353
427
216
210
415
481
357
333
324
509
420
276
424
246
380
174
352
481
311
506
493
451
199
250
442
466
495
444
206
460
506
266
217
461
435
492
383
462
435
440
404
355
504
292
401
254
503
495
447
484
423
207
488
295
391
454
431
389
495
473
283
429
372
390
475
396
413
312
449
486
502
481
431
293
457
191
444
388
262
215
237
433
466
309
471
345
498
278
287
403
149
487
498
427
443
375
357
511
432
429
387
489
207
268
273
257
335
417
331
466
288
281
409
169
432
442
396
430
298
306
404
459
234
217
344
479
335
286
461
241
388
357
376
275
502
348
285
406
440
502
305
417
135
413
505
425
493
452
312
453
376
487
508
407
370
355
446
390
349
266
434
366
463
502
69
400
508
488
294
470
492
479
321
392
487
489
473
476
349
459
359
336
424
493
245
428
478
202
234
268
510
164
448
446
440
392
401
374
377
370
426
284
358
510
294
290
420
444
184
430
447
379
471
458
269
343
445
240
395
279
275
411
166
512
325
186
449
344
138
286
359
461
362
322
417
467
394
421
474
494
404
254
407
193
504
452
510
399
504
314
499
441
191
332
471
504
393
424
445
415
230
434
445
403
407
355
271
434
508
438
432
501
311
343
454
477
479
470
479
454
501
500
323
487
508
353
437
312
316
463
222
493
509
351
260
503
395
143
436
430
463
387
502
298
426
298
409
443
425
350
494
252
183
329
404
353
450
255
327
