5000 4990
2459 3821
3980 2691
3010 1503
344 1156
2459 1934
2997 67
3990 2253
4319 1495
1580 1721
4059 4857
812 159
2051 4121
4047 2733
1658 997
1815 1687
3967 902
2753 4114
1587 1991
3378 3061
4748 913
2600 40
3203 3270
3923 3622
542 3208
2984 924
4 2484
2982 1758
4353 4959
2043 4574
4998 1618
688 4418
3828 3013
782 2481
2640 152
1249 2897
3322 3674
420 2050
3196 4069
3849 388
2327 4441
886 3673
4462 126
338 1352
2559 1492
1 136
1249 623
128 4477
1454 4732
1801 1915
3424 4852
835 2769
1375 1597
4779 1693
4 1166
671 4978
785 639
1471 725
651 3314
3013 3829
2113 4180
1697 4285
539 91
91 886
594 3962
2851 762
590 996
2297 2708
2437 555
886 873
1261 337
1634 1774
4086 688
388 2236
4861 2327
957 1148
1835 4139
2173 2058
4181 1273
3322 3366
2307 2367
1774 1676
1774 3513
4141 3522
324 3087
4862 3400
1114 4661
1180 539
1975 694
951 2894
1124 4504
3107 2397
1713 886
2430 2880
1721 1258
3332 4181
481 4906
2464 3892
2397 3414
3927 3609
1658 586
2294 2904
1249 668
3226 1240
4390 1758
3833 3715
1506 1117
3444 1836
2327 662
388 2961
2767 3577
3990 4786
1000 559
1807 4305
3416 470
4693 4896
3842 2337
2883 667
1758 263
3749 4998
3950 4045
598 4166
3986 2397
1836 1963
507 3953
4455 2737
2636 4703
1147 3625
3125 1711
4093 3622
2962 542
4378 2327
1611 1439
546 1117
108 1237
150 299
4851 133
4433 539
709 4455
1285 517
3446 4048
1463 236
992 3729
3308 1848
200 3894
3266 3378
2544 3839
3940 1807
1173 2367
2284 4766
4204 1485
1640 2769
3468 2958
800 906
2593 3127
2083 3006
2285 230
4208 4978
359 2538
4436 4285
2301 200
4684 337
1632 1116
3712 3123
1913 2788
1336 4857
2437 251
3832 4892
4096 3318
3467 3200
1695 3950
483 2551
2847 4190
1088 4326
3807 674
3986 2762
1329 4094
4033 2713
3827 4851
849 2397
1216 2464
3137 4069
4707 3681
4847 4166
3109 4335
4709 4892
1352 2383
4377 3048
902 1850
3524 4851
4799 401
1920 4938
2708 3992
3374 4558
3664 697
3076 359
2792 256
4121 1791
872 432
3699 3200
422 4487
4207 3888
1319 1495
4119 2176
3374 190
3190 1676
2320 1299
3365 4473
3720 4671
1329 98
1683 1824
1654 4131
4478 1774
2015 4264
3378 2046
4397 3159
2113 1135
71 4050
3400 3626
3491 2163
978 615
2059 3050
4285 3075
1632 2690
3870 3810
543 4407
1780 3087
1026 2636
1682 4998
3760 3730
4750 3769
51 445
2043 2924
3406 1249
2636 4496
688 2049
4181 2867
3153 4875
1975 3854
1309 2321
4139 4052
3555 1000
4289 401
4446 2044
1675 2098
3864 4047
4160 4629
2113 1701
4160 821
3127 4999
4633 2412
423 1695
4696 2554
4064 2185
1887 1941
3609 4782
1116 1476
3425 4064
3721 2904
647 688
1599 315
4475 1892
3332 128
3796 543
861 4232
4211 1658
1831 2320
1298 3091
873 861
3604 2052
612 4050
1836 3444
3814 1117
867 3764
3378 268
4540 328
427 1398
2851 3400
2502 3223
2661 1387
4892 1505
355 2769
4360 2020
730 4661
2793 2006
995 1889
3421 4718
2041 2290
633 3952
3583 131
4735 3901
3862 633
3569 3622
4154 3010
2265 861
633 1607
1197 1068
481 1123
4410 1941
3709 3990
1531 3501
211 1916
488 3009
3821 1304
4766 690
2437 4151
4455 2889
4019 4353
660 1815
3153 1797
4354 1439
651 2353
2327 4282
2306 3949
3254 40
198 4657
2129 401
4144 1914
3127 4250
1462 1412
1006 3754
483 1493
4598 2367
642 1226
995 1221
4903 3453
4413 1285
3674 4190
1675 865
4426 2562
3054 3421
4398 4681
211 1670
4377 2542
1676 200
543 3795
210 1907
581 1815
1728 230
4487 219
4164 2636
2267 1306
471 4455
2797 470
359 2637
1914 620
236 320
3990 892
4807 2769
1900 112
4766 4965
11 2459
2347 3009
3378 898
3270 2249
1991 3152
1117 4292
4592 1916
3647 1329
2111 1913
40 1210
800 2755
4558 1502
359 3581
2660 4401
337 4639
2367 4970
3911 3091
3933 2685
4643 2723
1169 2718
2253 1907
4077 3720
2894 3048
3009 691
4917 4681
3764 619
3200 4195
2044 1169
2904 4452
4004 1492
1362 1654
560 3824
299 2028
2320 4296
3764 1749
4 563
3009 4301
4278 2661
3365 3762
4539 2468
3583 243
445 3281
4228 481
84 3577
1457 2769
1733 4851
1780 3425
4129 3365
318 4657
3456 3524
4233 129
1663 1249
886 4915
126 781
3796 1991
2753 811
1531 4907
2853 2723
1204 323
3764 3518
3343 1804
4750 565
1895 1249
194 2662
2665 2723
2904 4338
427 3979
28 3378
1557 3870
4657 1946
3468 4386
4095 3223
4249 4787
4064 130
412 3190
2865 1911
3226 4
3639 1574
1329 2966
3980 1227
1907 1596
1107 806
4295 945
2176 1320
3324 1526
1581 2640
1185 4085
3578 2769
4385 3318
425 3378
1198 349
4830 1375
1721 143
4085 355
983 230
3567 1427
4611 4892
4000 3153
3414 470
3153 2144
2811 1006
1198 3229
3568 2371
4735 764
4028 3630
2745 433
481 502
149 4152
598 3050
1113 401
3362 2041
393 3421
4503 4085
4896 3890
1991 3166
3949 4206
651 709
3006 3751
1711 3651
4249 2187
398 472
2327 2115
1710 1102
4578 4160
1230 1312
2708 1009
1071 674
1107 1668
3456 2340
3584 3604
1333 4085
470 1875
427 1384
3172 3677
1658 1730
2321 873
4242 4657
2524 1117
647 1774
4696 1274
4333 3622
1644 3728
3075 4938
1463 4822
3009 2665
1991 1708
1840 1551
3005 3977
2276 284
105 4181
4339 1362
4779 1115
324 4228
489 3006
697 1197
427 4461
4791 2043
990 2563
1658 4552
1198 137
1711 4830
4401 4004
713 3760
1085 3013
3583 2619
2077 3009
3977 1087
3882 2176
3906 4326
4844 1249
4751 4426
4505 3400
1977 3223
1389 2616
72 2847
2481 3543
471 1642
4412 1824
1238 3200
1836 4802
2512 4681
1478 4696
98 3760
1944 3760
2464 1629
4947 2762
4504 4776
3318 1960
2041 4839
675 1710
3159 1061
4381 2984
762 3114
1726 337
3006 1680
3983 1502
3289 3709
1698 299
1198 2273
3933 645
634 1386
1255 2041
230 3894
2748 507
1758 2224
2317 762
1040 3019
15 560
3592 2904
4707 3527
1032 3446
1107 187
2164 4852
1780 2689
1907 274
2555 634
3921 2984
337 3690
4896 3795
3343 826
3980 2542
3294 2481
3102 1758
1387 3677
3134 401
2118 2396
4045 1903
2335 651
2165 4978
3050 125
2043 2246
4892 4206
1632 2911
4857 4117
4681 4680
2482 1175
1175 851
2745 2108
4285 1977
1947 3123
2010 401
1333 3077
3315 388
2157 3456
2444 3282
2643 2020
1710 610
3116 4994
1476 1555
1492 2374
3808 762
2206 3933
3030 4045
1824 822
4162 3295
1040 4266
4499 401
3776 1246
348 2044
136 606
1794 1711
1824 4396
352 1109
174 4139
4426 179
3153 308
812 4257
4873 2865
542 3979
109 543
2190 200
4204 2929
2481 683
3282 2181
1479 4233
1780 2962
3506 1156
913 1309
4388 433
4822 4911
427 3348
3006 924
2965 3870
2322 4978
2790 3190
4443 3050
2894 178
598 1986
4069 1312
2141 3776
4139 79
4896 80
1205 590
1040 93
3681 3050
4 2222
886 4456
3973 4033
3124 1454
2123 4064
2736 4735
4094 1197
4699 1836
886 1251
1439 466
1375 1789
1412 3706
2565 3760
3009 1184
2900 2894
4696 4070
2321 1265
2430 2945
2171 2511
1975 1280
490 3173
4152 3023
4691 102
948 1907
3090 3842
4598 1439
350 2847
2894 377
2829 4852
3583 4037
2367 841
4994 3782
3346 46
3091 2138
3400 4737
1213 2320
2020 3079
1540 3842
1645 3456
26 3842
424 2113
168 3050
2762 2157
1385 3050
3934 4025
3800 812
3491 1374
4502 128
4297 2894
2015 1763
993 2636
1445 3167
1710 4375
3731 4353
812 4345
4822 2526
634 2223
4910 1780
4678 2753
1469 3577
1801 928
1439 4372
3729 2258
3459 4857
1342 4504
185 886
3062 3745
4892 131
4749 3378
2321 2051
3468 492
2113 3352
4833 2912
2258 1198
4047 2679
53 2398
854 1642
2678 4626
2127 4207
470 558
1975 3893
4707 1056
2490 4139
3313 2367
3161 959
4073 2020
1711 3254
1115 1588
337 3689
3980 1725
2397 2158
2964 3318
4855 2997
390 4851
716 2511
2605 560
3719 2997
1913 1868
4178 2718
3258 3453
1588 1406
1134 1285
1495 1909
3101 3421
2015 860
929 4938
542 3624
1006 1947
337 728
1329 4410
1711 2005
1384 1780
3091 3387
1484 913
1946 4326
1198 4068
1450 2412
1354 3736
3630 1839
3366 4435
4069 4229
3039 2237
4588 4377
1907 1443
4131 3337
4948 4857
590 4926
3318 901
1642 1672
2309 4141
3175 1892
2970 4033
2215 2984
711 230
131 4353
3109 4838
1588 2161
3289 2415
1806 3977
4852 1295
4416 995
1143 126
1389 874
1197 1267
4113 861
2187 1285
4052 1230
1866 1824
1154 674
2093 4892
2089 4766
3962 1422
1083 1389
1230 2534
3962 3929
59 2041
4375 1675
4043 4233
2823 3870
516 1991
95 4766
3870 822
3062 4330
3167 722
4173 3870
2267 525
2426 4696
836 560
3446 2553
2865 1066
4822 572
1523 4657
3434 3282
1909 4592
2236 2718
3994 359
2312 3764
3997 4766
639 62
887 4696
2053 4121
4696 2493
3328 1780
4141 1113
4404 1249
1375 2981
1109 1827
2783 1329
3760 3850
1588 1524
1941 3660
3609 2042
4495 560
1197 3130
4624 3980
3446 3459
2491 1362
1642 3248
3518 3769
1373 1658
1711 4828
800 2621
2660 1439
1675 3922
1551 4320
3631 4162
2176 3393
4592 4716
1312 1975
4998 2465
2964 1040
3760 2795
236 3791
978 1156
3934 617
2468 3283
1900 2184
2614 1502
3474 3630
1778 427
3923 3729
2744 230
2459 2059
4797 633
3421 1522
3200 4778
345 4069
359 4510
1600 1695
4377 2487
762 4423
383 3045
759 1471
4436 3568
4050 2195
445 3827
1675 2343
4401 4099
126 4298
1482 4152
2050 4330
1815 32
2277 4326
2321 4157
4596 800
1563 4401
158 1000
4141 3394
4859 1907
2745 1166
3729 2898
2072 4851
1514 1710
3346 4778
762 1881
688 2982
3651 4998
1706 3091
3358 902
3355 3040
882 3040
3674 2764
3343 4184
2299 4285
3940 284
4341 2718
634 2401
3560 4121
1642 1332
2412 3663
3000 2511
4892 3470
3577 3815
1973 4978
3733 4833
4329 902
3674 586
2663 3729
3622 477
512 4426
4607 2267
2365 2303
2474 4640
4034 1824
3016 1986
4313 4033
4326 4985
2655 3720
3729 350
2847 552
4250 812
74 359
4696 1365
3940 1495
4207 2938
359 694
173 3200
4152 4280
1375 3658
2225 1632
4218 4779
4572 1147
167 4779
136 51
4465 40
2635 3962
1230 4535
4047 1179
4077 1502
4892 2220
3400 872
1658 1837
1197 4298
2176 1608
1198 3024
4822 655
1042 4540
4485 3039
1807 530
1354 4114
1120 4735
3949 1740
3464 902
1040 3105
2062 1352
3062 2393
4851 2140
1294 3346
3718 1842
2176 1414
2883 3857
1529 3091
4419 1991
4833 862
1439 1514
688 3741
3039 3874
1498 861
4889 4152
4707 2350
710 615
2753 2198
3677 3240
4307 4779
1924 1175
1678 1156
2220 1941
1471 3360
2954 2745
1354 2072
172 1675
2050 2707
590 1363
2437 81
3630 663
3696 2718
2951 1378
2769 4618
2327 3877
2636 3865
1354 750
4994 4155
2327 4597
3343 3193
2264 4640
3567 1905
1108 323
3050 2213
4434 3760
560 4206
2327 192
3473 2745
2437 934
3309 4998
1241 4085
324 4491
3127 2248
1913 4247
3933 3713
1156 814
3639 2614
1460 1531
3949 256
2895 2044
1979 2327
1147 3704
4540 624
1927 2678
771 3776
4696 830
933 1476
2418 3207
3321 2984
3970 2398
288 542
3062 4449
4171 2544
4406 1892
526 4657
4504 4988
4817 1492
2251 3729
4592 2874
445 1061
1614 398
4511 1329
1632 3640
4329 4696
1734 4131
1843 1836
1691 1117
289 1240
543 1981
1240 613
1337 3604
4708 3764
3343 3654
3745 2430
2398 896
4696 4888
3077 4967
682 136
4121 1959
565 3797
3385 3729
1356 4504
3642 1801
2043 2572
2977 639
2682 2459
4927 4426
4782 1412
3765 633
2020 2482
1081 2544
2753 954
4696 2036
4988 2459
812 2729
3456 1161
3189 3933
3153 4638
1543 4857
4082 3062
4160 2091
2132 4295
3674 125
766 4857
990 3941
4054 2745
298 2041
3343 797
858 3062
4696 1392
3200 1487
2847 783
3687 1492
4859 4233
1048 3933
1842 3485
481 1357
286 4377
2948 3010
4426 206
4994 2324
574 651
3693 1675
3026 4401
503 4249
3159 1479
1375 3370
3536 427
1583 565
1892 2551
674 4018
3776 1448
4134 507
4204 2038
164 4455
1526 1738
2347 194
2718 2131
2840 3109
1439 212
688 2225
1620 2847
2025 2894
1067 4857
2678 3909
682 4401
1454 4752
3009 1984
1124 3040
4735 4273
582 1711
1449 3207
1602 4766
807 4978
2272 633
1597 3207
2327 143
2267 1720
1941 4576
3567 3906
318 1834
560 729
3759 886
57 236
6 3270
4870 1834
633 1346
337 4812
1911 1354
3485 3161
4377 1866
3625 4249
1574 2769
1175 3361
4549 1526
4050 3199
2769 3916
3417 1658
4033 1475
3693 507
1718 432
2430 3017
3728 4659
4857 1906
2703 3343
4640 697
4121 2278
445 33
3556 3374
3157 3677
3421 4740
560 540
3792 1424
4285 1227
2327 1272
1975 2706
1107 3666
1198 4815
1813 2745
1526 3326
4693 2221
4254 3842
4010 1304
1383 126
2171 2437
1454 1938
3173 2598
4033 67
2894 2357
746 284
2777 3639
1913 130
2538 4152
3158 108
565 3036
4455 4079
4974 4592
880 3365
1148 2312
3643 1471
1000 564
639 876
2146 470
2006 2554
639 4461
4401 4092
28 2636
1040 1964
1033 324
128 4907
1000 1488
652 284
2769 4023
1695 2817
507 158
128 984
4659 4139
1891 4131
4847 4938
1786 1502
3201 2396
2654 3630
4892 3882
3491 1777
1439 3021
2113 4125
4295 4071
1236 324
2791 634
4569 590
826 4326
1943 4377
3009 287
2865 4278
1892 1207
4204 271
1177 3123
36 3308
4592 2038
3421 1135
3318 3059
847 2951
4540 2581
631 4540
3769 2475
1362 1271
579 688
2492 315
4496 3833
3990 509
2981 3010
1457 2044
3809 3062
733 3050
126 85
1471 1467
4942 3223
470 4261
1471 3037
1109 2562
3228 4426
3583 2989
432 1271
3728 2227
2067 3567
2770 3980
2217 2459
3621 2327
201 3062
2678 1425
2180 1285
2171 401
1815 4315
1040 1213
2041 192
2883 885
902 1666
1758 1053
2718 4054
773 2221
4736 2396
3949 574
3776 4474
895 1632
2769 3019
539 1827
1002 4455
1370 4
1807 4128
4480 539
1198 4488
2481 2720
4892 1681
1824 1390
1285 735
835 398
812 3450
3040 3695
4 841
1226 126
2236 126
3586 3040
3200 79
1389 867
4152 2581
2129 126
3167 934
2320 3888
2741 1197
2208 3077
3780 1006
3962 1103
2041 4367
884 4426
3696 3400
3843 3977
366 1551
1354 3429
2201 2396
4892 2712
4994 210
2109 4131
1824 2381
829 2320
700 4131
4334 2459
317 483
1843 3123
4264 4640
232 1632
3583 1440
3374 2384
4204 4567
4487 4399
3159 750
1531 3477
334 211
688 2333
1516 861
1801 4148
1016 3446
622 1329
2792 415
445 4018
3755 299
1032 3977
4540 1908
3242 3308
1109 1149
3010 4629
2114 2678
2615 1710
2901 4640
4446 4540
3009 3651
3822 3207
800 4259
2058 2806
470 1627
3091 414
1892 17
1375 1248
328 2894
1993 1412
580 1975
2412 1875
4232 4779
2396 2214
1240 3194
4965 2412
750 2058
3086 4295
1526 3265
2934 913
427 4187
3622 2242
861 1345
846 3270
2657 2397
2886 800
4848 337
4779 1120
337 3029
4042 1329
4194 126
1476 1795
2769 4122
823 2397
549 1824
1148 4665
395 4050
3977 2667
2943 590
2456 2883
3769 2025
1894 4504
4851 2826
445 1590
3365 3528
1780 3801
4285 604
1815 605
4064 2933
4865 4938
539 2518
4922 1107
1239 481
1654 1658
1411 539
651 326
4664 2753
1647 3374
3006 1992
3833 4159
1774 3208
4661 2798
449 470
1780 3345
1159 3446
3568 3423
3976 4152
1412 3488
1907 1745
1624 2398
542 3715
1354 4981
2762 3497
2745 451
2661 2185
4707 4662
3197 4822
3077 2649
4131 1489
1915 2769
3640 4069
4345 4504
1801 3354
4453 1941
1107 281
641 902
2561 2997
995 2231
4796 3764
4950 2481
574 1710
1198 4683
1518 401
2847 1287
565 4396
3042 2113
292 1148
2113 4682
1269 2367
3040 199
2718 2603
3769 717
2352 324
645 4766
3925 1711
4592 2322
2349 4681
3378 226
3009 3334
2144 4681
1721 4058
874 4181
4210 4207
4211 3173
4992 4064
1198 306
4162 274
2464 1460
4018 1695
3334 3456
2951 4173
2044 723
1941 4828
3446 4881
470 3277
1197 2689
995 3251
1240 2435
3180 4822
3802 1354
2598 3062
3609 1504
4657 2282
3421 4520
2505 1304
3444 2718
4459 1675
4735 2685
4758 108
1311 2894
3864 2661
1648 3468
1117 3738
2718 1195
126 2307
821 4166
1981 1109
1308 2792
3133 3491
1034 3127
863 565
2718 4854
3546 4719
651 4786
40 1598
2865 4860
2367 1260
3066 543
1632 1466
3318 4704
4121 143
4978 4477
3461 4696
636 1913
1435 2437
430 4204
886 3394
3159 4898
1791 1695
3771 4069
1891 1197
4033 2573
990 4610
2535 2396
1129 3776
1596 2459
4162 2565
888 2904
264 1471
2412 1195
1268 2221
2849 762
4907 2058
1695 4647
4507 1502
4121 4178
4350 102
2433 2792
155 651
4003 1695
3050 1529
4815 3842
3674 143
3764 4428
4207 4878
2078 4766
894 2321
445 2486
2548 1249
1695 3080
1000 630
1390 211
990 4111
4545 126
611 1147
1975 2837
1887 3050
150 1285
359 3216
4695 230
2204 2267
2279 1975
60 4707
3833 444
4487 2909
1300 4994
2181 3127
3418 1107
812 4871
2575 483
3780 1824
4651 2321
4851 4683
1355 2320
4473 4779
3066 2058
2176 2403
2213 2894
1006 4192
470 3165
1148 3860
1807 4821
126 2617
4857 2507
1526 3137
1913 2185
4669 1842
483 326
4199 4504
1658 3279
632 1836
3759 3050
2760 642
2303 3781
3453 1189
2176 410
3362 688
3770 2769
39 2481
3252 1892
3833 3405
401 1121
3070 2044
1467 3609
3752 2792
3538 2367
2193 1329
155 383
639 4897
1758 365
4592 4145
2074 4069
2523 4139
1462 3764
616 560
2754 3346
4775 2267
1492 790
2050 4093
225 1240
2511 2861
543 1479
59 4033
4233 181
2123 1711
1770 4249
2984 1488
2320 3955
3870 1403
4121 418
4326 4496
4141 2478
4697 4
4633 3934
1354 4322
3944 3050
3308 151
40 3755
289 1389
4902 2792
2013 1109
2723 2660
4166 183
881 1807
4326 3589
1861 315
1502 2350
712 3990
539 3028
3161 184
383 4747
4166 3515
3091 1638
1177 1424
3870 1119
4681 601
3342 995
2984 3884
2183 902
3318 3506
2043 3080
3670 4681
4388 1206
1175 1210
1037 1913
2760 1354
2544 3953
2481 570
1156 4430
1362 1767
1975 4861
265 902
191 2847
4078 1375
2073 1304
4994 167
1647 1175
1515 4766
2581 470
3639 3712
4657 3634
359 2669
2267 4637
152 2437
3055 4249
1658 129
1629 2058
2206 2678
4647 2303
3173 4427
3967 3453
4983 359
4036 2221
2204 324
4152 1261
1824 1501
1214 633
1774 1323
3859 4160
4868 2303
1529 2321
2503 1197
1913 4452
3006 3489
1531 852
1695 1366
3928 2951
4342 1531
4766 742
1193 4166
1883 1807
2162 1914
1740 3769
108 3860
1655 398
1969 3456
2396 4454
3769 577
1873 3109
542 4717
4353 3086
1005 3577
22 4326
2904 3182
4397 4131
1903 1801
3491 3559
2220 1588
2085 3729
4944 427
4455 3608
504 1249
2973 1454
1147 3290
200 1366
856 1824
2126 4592
3087 1632
136 4054
3414 861
1710 3897
3263 565
1575 3006
4978 4316
1148 76
3590 2894
2152 2397
4935 3200
615 3177
81 3223
4455 1723
3282 3369
2718 1015
2782 3456
3453 1843
696 2640
2950 2367
4476 1471
3010 4061
1854 1941
3685 2267
2624 236
2327 2988
4100 507
3630 1585
2044 2600
2476 3934
1747 4166
1603 1824
2894 1636
2075 913
481 2848
2067 2020
1708 3977
3990 338
1468 4160
1094 3491
2557 2043
4138 2769
3127 1930
3821 3446
3062 3424
4455 900
4030 4994
3487 3282
509 1526
568 812
2044 2917
4735 4996
4516 1801
3541 1304
988 126
3837 2718
1502 3735
3125 507
1329 1528
361 136
3511 4978
1593 1632
2629 1721
3123 4439
2385 642
3079 3446
955 3674
2847 1318
3002 3729
2445 3308
340 590
1914 1545
954 1352
4978 1643
1734 542
4040 1907
1774 1877
2043 354
3318 1582
315 3385
3604 2837
507 694
3400 287
4295 1997
3567 2335
2951 1719
2544 3635
41 1109
2412 4608
2028 4978
2187 674
2266 1147
1758 275
3013 4320
1807 446
3343 1858
3446 3187
4487 185
2852 3760
3734 4681
2371 4207
1092 4
2130 1495
1471 1034
4326 151
1642 2294
1529 507
4142 3583
268 1774
441 2303
2093 3318
4455 3960
4455 135
3770 542
2398 4274
2735 4295
2324 3190
4487 3811
3127 906
2885 3677
250 1695
3419 800
4540 686
4455 3861
4769 3400
1064 1801
4159 1304
200 1917
2750 4295
4336 4160
902 3254
539 2963
507 3048
1928 2636
3502 4047
1156 2101
4166 1938
4559 4139
3810 4069
3505 2367
3885 3173
4982 2396
128 2925
932 2459
245 3612
1486 3200
2661 4850
3190 793
4896 312
579 1354
3351 3769
3962 2684
542 3867
4998 644
4681 4488
1941 1355
1000 1889
1040 1631
3159 2399
1441 1175
1565 590
1721 1360
3062 3787
2358 1907
2678 47
1883 1495
1887 4487
3207 3944
251 2327
1921 3421
4512 3365
2850 3664
4045 466
2792 1745
3443 4938
4249 3390
2459 489
236 2248
299 1348
3962 2140
2382 633
1852 1721
4766 2322
2481 4189
2640 3187
4735 604
2507 4064
1721 4958
1285 2269
1112 4204
2254 3062
3067 3040
507 3882
531 3013
2298 4852
3123 1897
4980 3378
4376 2718
398 1899
1721 2969
1148 3056
2155 1006
225 4994
3451 3677
1102 633
4537 1991
1389 2912
886 843
3760 440
2466 3609
2169 913
1325 1197
3151 4426
3720 3452
1095 4326
1197 2991
1433 3009
1345 1526
596 401
69 236
401 1032
2176 3915
1775 886
3378 1343
1568 4204
3196 3374
2718 4759
321 2951
2303 638
1900 1282
65 1109
3392 470
4657 3628
4994 1925
2221 30
4124 674
3028 2464
4253 1986
3654 4857
394 4833
1195 3677
1845 1632
634 3679
1587 4938
1642 2355
519 2430
3346 3966
1207 4833
2327 1327
1156 4807
376 3630
616 3039
4131 888
923 3378
2880 126
1739 3583
3394 4857
3092 2437
4766 2667
1267 324
4938 4771
169 1632
1304 3914
3318 1276
4937 2511
1526 3139
3604 999
3830 2006
1334 4852
3153 1732
2025 2044
3022 4504
194 820
1588 1410
2094 3446
939 902
234 812
2171 1801
2886 3270
1776 1824
4469 2984
4233 2248
3190 928
3393 128
1642 1136
3639 4197
751 3604
1737 543
483 395
4348 3609
2358 3962
3977 3098
2507 886
2708 4165
2084 3207
19 1502
1209 1526
3167 2709
4696 1988
4455 2109
4395 2718
1316 1352
102 327
1502 4105
669 2367
3050 3483
4377 502
651 2581
239 4896
211 4847
4779 4722
3039 366
3077 4286
4224 1454
1675 884
4571 2006
2117 2396
40 4788
2076 4181
1230 3427
324 3898
3085 539
2378 1459
2205 1240
2745 4137
4378 1842
2425 102
1907 1103
3634 1148
3406 990
274 388
3754 4426
4579 2894
3949 1310
1815 327
4291 3468
3609 1448
2847 3490
4162 1361
3190 3124
3190 4026
4341 1900
2034 4833
2950 4640
2489 4735
1516 1907
128 987
552 3013
2904 3928
3686 2044
1758 1123
4994 2941
2020 2202
419 3308
4353 3647
699 2430
4170 2745
1765 4045
222 1040
2848 1006
3289 3855
3698 3013
3515 2661
3567 500
1941 1469
4175 2044
3013 2280
181 1815
2481 4871
3949 1114
861 454
1828 1040
401 683
3609 2408
233 102
3609 4808
1907 2712
741 1721
1710 3821
2670 4388
4251 1471
299 3336
2820 126
1531 4376
3568 3128
1074 800
2633 3077
2437 1343
1588 2362
634 872
2762 3786
3127 678
902 430
3729 3326
359 353
4385 1107
3674 2263
3187 1439
99 812
3282 1462
4998 162
1147 1845
4707 1648
3453 1667
4779 3865
4795 4377
337 3371
2222 4285
473 1147
4681 2606
4896 1841
4293 2468
1526 2587
2640 451
3378 1904
1029 3200
4455 2630
3894 1040
874 3933
539 2781
2412 584
667 4681
2710 3153
1307 2468
3079 2367
1721 3661
4052 3769
2658 762
2678 2833
1493 3050
816 1658
984 2397
2044 4893
990 1813
3639 2819
3173 3913
3740 1495
1410 1354
176 3609
2718 3745
1178 211
1913 4964
3668 3674
1856 4455
3378 2914
3181 427
300 3577
547 4735
3677 336
3343 3881
2511 3079
3571 4833
4152 3601
1127 4707
1021 4326
2767 4166
1632 4029
3977 3033
398 1315
1907 314
4681 4673
1700 4326
4082 230
3006 2987
642 4856
1824 274
1533 3006
2787 3421
726 2762
1102 1914
3996 2762
4774 2321
507 3660
744 2113
1495 650
4401 3249
651 4899
3582 3013
3565 2412
4326 63
3091 2051
388 3767
3418 688
1147 42
405 4455
2267 1386
1275 3728
2006 4603
4050 2012
2793 651
3446 676
4315 3400
4707 3880
3470 3050
1502 1922
1196 3109
2464 1928
3343 2307
2951 1015
234 2544
3677 4965
3374 3412
3546 744
3949 1790
54 194
4504 4108
4540 1386
1807 164
3091 6
2058 2373
762 2224
382 470
1240 716
1358 1329
3986 1198
2753 1936
4350 1389
2396 1674
905 323
4938 1001
4350 1892
2182 995
3577 1011
3715 1240
4141 2066
1941 2850
565 3618
2367 2643
4160 2725
2429 3720
3152 507
1917 102
3919 4707
427 3860
40 2214
2678 100
2904 3507
3962 1146
3289 815
901 3842
315 2971
3857 688
4442 2050
427 1306
48 4047
4851 1718
3039 3467
123 4121
3583 4411
1914 4399
398 4107
211 2811
285 688
738 1774
4862 3366
3577 1716
1531 3403
3225 4050
4854 337
4384 1412
2951 3804
4255 3091
1914 173
1526 3740
1424 2125
1910 688
3619 4998
2566 3567
3303 3153
3432 1914
17 3343
674 4171
157 615
848 3123
2429 3568
128 563
3391 1502
1986 864
463 1439
2020 669
2321 1005
362 651
3491 3809
4072 4896
3733 4285
3833 1210
1642 240
4401 2926
1040 4567
1824 4567
4645 2006
642 4333
4189 4822
3624 1304
4540 3216
3446 635
2861 4640
1760 1230
4 1583
3674 971
1175 394
1782 337
2398 2839
1439 3557
3077 3871
4998 3811
4064 2983
4657 4836
601 4181
1794 3039
1030 324
3568 2095
3720 3000
2016 4779
220 1230
720 3200
1304 1039
3769 2536
4285 3965
1695 1447
4689 4045
3498 401
2285 3567
3977 416
2903 1454
4851 2597
3343 1820
1152 2006
3040 233
980 2050
762 4004
3006 458
4010 3977
2990 3769
2466 913
3880 1900
4218 2511
951 1991
445 4429
3670 1040
3039 1936
4235 4938
639 776
2932 2636
1199 3123
1156 1912
2113 1431
4696 4337
762 4911
4496 1941
470 4349
1892 971
2161 4822
1233 2378
861 1180
2097 1824
4141 3679
4994 2391
1375 1084
1198 2647
504 812
4121 3610
1907 3517
2634 2865
2043 1805
3990 1823
3593 4657
4892 4520
1551 2227
2817 3282
1117 3829
3776 2740
4139 4061
4299 1758
1907 4801
2227 2058
2328 3050
2084 1492
1439 883
1581 1352
2657 432
1798 3622
2378 2435
4088 2378
3208 3577
2584 4426
2718 3410
1734 4207
980 2464
3411 565
4085 4329
4766 1783
2367 2733
1774 935
2661 2308
4096 4085
3933 3910
2367 657
3568 1390
4332 1389
2894 1858
3223 2033
3914 3282
565 2720
1693 3207
1588 2719
4776 3127
1476 1143
354 284
481 1755
1283 1801
1830 230
2043 3912
776 4285
4455 660
3421 1505
4134 539
1211 886
2041 3142
3538 1412
4115 211
861 3617
2084 3577
3274 3006
4204 3804
3050 2655
1834 4601
3469 2320
3582 886
3215 3223
4851 1120
3567 4969
2865 4911
2044 1299
2214 3604
3934 1239
3365 1961
2396 2519
3010 2649
1370 3468
59 3308
1721 2080
4059 3456
4455 4399
4657 2602
1412 1924
874 2904
128 2299
2481 2765
396 2904
3378 991
2367 2783
4487 2871
2951 2361
3977 1770
1392 1109
4160 4203
3190 1513
4074 3123
1132 886
2561 2398
3567 3548
1156 3371
483 2639
1354 1540
3039 2482
3962 1587
642 4775
649 4661
4045 2972
2464 322
2668 2769
2504 3728
4233 764
1237 1117
4353 345
3810 1711
902 840
1787 1375
4822 760
4413 1900
2117 299
1914 380
4377 1100
4998 4691
3347 1040
1422 2378
2163 1148
4249 465
812 4716
3879 1986
3470 615
904 4326
3630 4718
4382 4160
2468 907
560 4265
4779 988
1095 359
507 888
3006 3081
2113 4907
4639 3006
4938 2440
1240 1575
460 1329
4166 1208
2847 1784
2477 1526
1109 4441
977 4166
2032 3491
356 102
343 3159
1310 1502
383 3406
236 2950
254 2412
445 2093
543 1518
3421 3035
1197 3765
1387 470
2862 4455
2327 4631
62 3282
3029 194
3336 3622
539 417
2367 1538
4545 913
1672 211
295 4766
1389 322
3153 2026
1082 4766
3483 2041
3453 811
1658 3768
1233 2367
3060 4139
3289 2062
445 4804
542 980
135 3308
3690 3546
3833 4966
695 3842
1137 507
2723 3536
3421 4089
2043 309
370 3934
2708 2608
1329 2062
2967 211
4735 3952
2467 1148
2460 2303
2023 3980
2367 2742
4131 3487
2640 163
1000 3065
3343 1514
4214 590
2020 2612
1990 2006
2703 4207
1834 3067
517 398
1428 1304
1531 1372
4892 2514
3674 22
3777 3346
4353 2713
1530 1362
1774 4341
3971 4766
1504 2058
250 1492
1006 670
1716 3270
1279 565
1824 4903
4377 515
1587 3010
3729 188
2713 1721
2969 3977
3729 3403
1439 1356
615 2663
1197 4272
1232 1900
2775 4851
1941 3204
4520 4050
4455 1727
4640 3524
2320 156
913 788
1851 3282
4152 4416
3153 576
4381 4181
1285 1319
1658 737
2904 4616
3711 800
2544 3762
1986 1660
3581 3366
2769 3606
1240 1328
4425 800
4185 1642
2657 470
642 461
1806 1834
1000 434
2516 1495
861 2857
4707 1047
4896 3462
633 2233
3091 4427
1856 3039
4285 1136
1920 4295
1801 4624
4249 4302
861 3566
1780 535
3768 1175
3574 2176
4207 3557
1834 3913
2327 4399
2464 3379
4222 337
51 2043
1588 3956
2131 4181
1221 2397
2762 3727
4141 2988
2176 4428
1994 3842
2323 2321
4152 2816
4859 1352
1801 1546
4401 1023
3468 2933
3829 470
4240 3009
3568 1308
1721 3613
3674 3672
1148 1349
1000 2814
4765 2951
729 1492
4998 3501
4752 432
2131 4735
1986 1442
2397 4561
4688 1842
1963 4064
4583 1758
543 746
2997 3920
3006 894
2835 4426
156 3223
3156 4696
1112 3962
1240 1268
3270 3553
4101 3567
4141 3642
284 4244
2825 4857
1776 3870
3301 3374
1907 2773
2062 3153
1084 2984
3091 2137
2812 2396
4682 284
2815 1892
3167 4006
2481 1124
3909 427
4987 565
3159 418
2827 3453
2499 4249
1269 4487
4285 1773
2479 1439
4139 4872
1054 2303
2082 4852
902 4617
1738 1230
4857 2241
3063 1975
1789 3728
696 4426
4326 1940
1689 2412
4033 2674
2321 562
4861 388
813 3769
3273 4181
4134 3289
4 1150
1249 2897
1253 1526
2321 153
1649 1492
1240 2227
200 3236
1834 2219
3518 2792
3007 194
525 2984
43 1424
4718 4978
913 4088
4657 4111
4853 1354
160 1801
4284 1495
4280 3346
674 3815
4041 3365
4311 470
3933 116
3634 1900
1117 1770
2970 3167
2997 3129
1695 1504
2657 3040
4592 3195
4069 3066
3183 1721
3308 2417
1824 4871
2058 873
4358 1710
2378 3883
2522 4766
677 2708
3302 507
3077 1229
1109 80
4599 1175
3500 1117
1642 3815
417 3173
2396 1434
2707 2221
3109 3269
2530 3190
565 2647
102 1336
1197 3216
2636 1165
4160 4118
1842 3850
4487 3537
590 1386
148 401
523 4707
4592 1878
2846 2718
1531 2598
1991 1088
4388 2222
4982 1117
3933 656
1118 4
2724 4540
3161 3340
2395 3446
3173 751
1551 1376
4772 1175
1947 1801
949 1986
2243 3123
2363 4233
4994 4770
4395 1285
3180 4285
705 4
3088 1471
3842 4694
651 2919
1117 1095
2415 1695
568 3567
2561 1658
4295 3439
2187 3282
4304 3568
2359 3009
1478 3630
2050 935
2824 3870
263 1815
3032 3962
3200 4235
4978 3243
2039 2459
2303 137
1074 2718
4141 3816
3980 3277
3063 2769
4223 639
3800 4085
4062 4540
107 1907
2950 674
1040 3695
2396 4970
47 2050
811 3109
2090 2459
3040 3512
1646 4033
4466 3077
388 602
2450 230
642 2359
1802 615
4203 128
3091 3524
2904 187
2303 3217
1640 990
4377 3837
628 2378
2398 2115
2430 4538
639 1619
3331 642
1329 448
1356 4
1710 552
2833 2511
3295 4152
3334 2397
1010 2951
1758 1530
698 284
1658 4167
2811 3365
2368 1375
4452 3400
687 3546
4401 381
2544 80
923 3491
1906 633
337 927
599 2378
3609 314
964 4851
4681 3684
250 3567
4607 4353
3507 3365
4711 1040
3842 1515
4990 432
4388 3138
398 1488
1143 4285
1389 4581
2430 1193
4978 4334
1040 806
535 1780
351 3040
4583 4285
1329 3306
536 3980
4224 2640
4353 4579
4532 4141
4592 3707
4504 2386
4085 3423
284 2594
433 1175
1240 4921
3619 2984
2320 4211
4064 552
2398 822
4584 1824
3289 890
656 4139
4540 584
3622 4980
4892 4750
3491 1948
4783 4152
210 2997
3583 2675
4207 1321
812 67
3330 3109
1366 359
2931 4681
3499 913
3667 1834
1364 3366
401 1121
359 1699
979 194
4211 3009
932 1914
3313 1439
4101 3491
1560 995
2262 1117
1063 3720
337 3344
1411 3127
582 565
3695 1836
1386 3270
2746 1900
4160 1555
3039 2503
3009 1090
2956 2997
4851 3183
365 3374
1675 3290
291 3604
1642 4266
3394 2762
2745 4743
1461 324
3669 4121
2678 3913
4033 1021
3677 570
2997 3460
3270 3457
4978 2434
3006 1918
2725 3270
4455 1144
1941 3852
2306 1892
517 1329
1502 1120
648 1389
995 3304
805 3010
3040 4495
2172 4892
3190 4625
2699 1758
3720 4627
4504 2063
4998 1371
4766 2463
1824 2328
4640 1988
2305 4998
1526 4823
926 3040
3752 4085
235 2396
1900 4555
3318 2785
4353 4743
3979 4696
4460 211
1994 2043
3664 1519
2464 3900
8 639
135 3630
4023 126
1297 4857
699 3127
1836 1563
1117 3996
200 3296
465 565
117 1329
3609 4035
3361 323
3247 4681
1256 1815
3365 3260
4657 720
2219 1991
1987 3009
93 4141
3289 1087
590 2143
3880 633
3400 132
1090 3609
276 1907
3270 3197
2997 1446
359 232
2544 2103
2374 1197
1048 1986
831 3207
1867 3223
3161 2192
1807 1479
1362 4878
2556 1914
4364 1991
4683 3400
4260 1249
3833 773
1728 1285
432 4179
4353 2732
1711 3682
931 3728
3318 1705
2456 4033
1156 4597
4737 1412
4141 4566
1965 3934
3365 3676
3308 3974
762 4417
2723 2876
4487 4263
470 1662
4187 1632
2700 2951
1978 3050
4191 2459
2859 560
4047 4112
902 2275
2800 4938
2006 1129
2481 2424
4696 1342
3129 2544
136 4571
432 4710
2847 2870
581 2997
3962 3828
2303 3032
4285 3076
1551 1159
1469 4851
3047 886
3134 3282
2221 16
2015 3474
60 1495
1492 2156
2020 4448
507 3257
2847 3968
1833 1352
2327 3447
88 3343
102 2665
1240 150
3568 2434
3310 3421
1986 4019
4857 2082
4822 2093
2221 2490
643 4160
267 642
2852 136
383 858
688 885
2043 3521
4100 4779
383 1766
3694 2015
3769 3023
1492 4537
1797 3010
245 639
1941 1214
1220 1914
1663 383
3612 3618
1356 4852
415 4166
112 3609
2771 2367
413 1156
674 2414
4121 3412
2620 2459
921 507
284 2211
483 1127
3101 3577
1391 3200
4681 2999
4069 1596
3760 2846
800 1086
3109 3982
1666 3980
499 1632
4401 656
1628 639
4822 435
32 812
1029 4295
615 4355
2947 1642
3456 950
2398 2585
398 1587
1608 4640
560 4635
2689 432
633 2470
432 2191
3159 4454
722 2769
388 3198
3291 1439
1483 990
4766 577
325 4487
3639 4183
401 3377
990 4924
621 3159
3546 1840
1197 4547
62 4592
642 1245
481 303
4727 1495
3207 3939
481 720
4756 3870
2973 4139
1827 3764
4284 800
1000 2618
1632 1943
1233 4064
4520 3013
1526 2582
3318 2288
3378 2785
3123 335
542 3232
902 3168
4776 2437
2544 2089
1526 4127
3488 2883
868 1495
4233 4622
3842 628
639 1682
3010 1557
284 1530
2109 2327
4729 1642
3116 4487
2398 3194
4204 2429
3720 4067
337 4771
1829 102
200 4247
4822 3339
3760 2652
2723 1497
4388 3636
2653 3567
4141 4763
940 3190
3322 507
3604 2644
631 3630
1376 4166
4047 397
2492 2041
4038 108
3266 211
1857 4707
1708 543
3571 2904
236 2
1861 2221
3086 2303
4574 4892
3933 4867
4661 2456
1466 4822
1907 4221
236 3364
1613 2176
1051 3446
3318 4386
4540 1806
4048 3612
2883 3942
1163 432
796 4857
4062 2481
383 1141
2951 2558
2049 481
2758 3190
3949 2680
1510 995
4731 1834
2437 3782
4438 1842
3980 588
3264 3870
3453 4243
147 1006
2769 46
529 633
4592 4849
2710 4892
2531 2396
3482 4204
2725 2397
3989 2636
454 1914
560 4668
4572 1502
3113 2058
3127 1934
4035 543
1807 3545
1412 183
3481 1836
108 969
1892 3815
1375 649
2662 2997
2327 1707
128 3852
2412 49
398 2692
1258 3870
426 3006
454 3446
2385 3190
2258 2904
438 4
3161 4905
2616 3612
870 2792
3583 28
324 4395
438 102
1819 194
543 3145
4592 1351
3502 2378
4121 2803
1695 722
1782 1801
2903 1375
3421 4469
4703 1941
4047 1193
1412 704
2544 4913
4353 4603
1701 3109
29 1148
886 3355
134 315
3870 2284
1072 2221
3523 1476
4239 2321
200 2888
4166 3397
4199 1471
886 373
3622 4280
211 243
635 3546
4045 4196
226 1304
633 1213
3035 565
4249 753
3728 3145
539 2486
2745 2504
3103 3764
4051 3468
4958 4326
2233 359
3223 1678
3270 4680
126 3479
1360 2412
4156 1362
2974 1834
1710 3625
791 1526
578 1526
1675 4578
3674 4977
870 1285
3200 2118
2221 1624
2855 1913
140 1362
4045 1327
3173 4070
1188 2221
4204 3090
3378 993
4958 481
1492 364
800 2031
1721 2761
4980 4735
3990 1550
3720 2914
3875 2464
3782 388
124 4766
1040 2300
3026 2769
4748 4121
3949 4440
913 1228
3862 2468
4686 4045
2975 4249
4499 2904
4064 2952
2156 3949
3083 3764
1154 1807
2803 4640
389 4892
1142 2058
374 565
4896 4987
537 236
1454 1433
1040 2578
2080 427
4540 2057
2678 251
211 316
2468 4622
4045 2472
4401 830
4195 2723
2476 1148
886 648
4035 3153
1169 4162
3302 4064
1892 776
4990 2044
2966 315
287 3343
4540 2082
1070 2412
4451 4696
3604 2757
2699 3990
2043 514
3839 1148
1054 4249
383 246
4612 4892
789 4131
3612 1576
2034 3167
3414 236
1695 1045
3497 2397
643 3764
990 4573
726 3374
3639 4725
4181 3178
4186 1000
326 1975
148 4050
1362 457
1546 3343
2831 3677
3161 4254
4426 3470
965 3933
642 1474
3378 957
4085 1276
1309 324
4295 3951
1467 2762
4325 4326
3405 427
2167 2984
3153 4447
4822 3541
1813 1492
2375 2544
323 3978
1495 3951
1240 411
1476 1544
334 324
4766 2304
3365 3539
3675 2904
984 315
2777 1352
850 4139
2221 2461
1912 3374
3374 977
4166 4834
3350 2437
1711 4876
3977 3380
4504 95
4954 1476
2437 2959
2285 4141
2088 1148
1439 2092
1588 693
436 4592
4162 4084
2718 238
2640 635
4637 2640
2840 4069
4285 1460
757 2020
4589 383
4166 1374
3374 729
265 4162
4269 324
2744 1824
3734 3006
2437 3737
4048 4592
2397 4070
1952 800
3207 4782
751 2481
1854 590
3196 3622
194 4884
450 2397
3652 3491
3491 3426
2304 299
4822 1662
1260 2511
2839 427
3977 254
4646 3949
4069 3892
2836 4160
3153 4163
388 2117
1375 666
4207 4222
781 542
3764 731
687 2221
3566 4166
2381 4851
4487 17
1642 369
2113 1967
4690 1588
3960 445
616 4295
479 2378
4640 4319
2106 1986
3275 3366
2329 3346
3140 4681
4160 2053
4510 2723
1153 3123
337 3785
4369 4
2050 2275
4050 2028
353 2041
1552 2303
1725 762
2015 2277
1214 481
4390 2769
3966 3980
4462 2481
1803 1526
3006 4613
1148 2692
401 4727
542 2234
1864 1526
2326 2792
2689 1801
1774 3483
3123 3288
1807 4261
3010 4345
2883 924
2303 3835
432 978
1914 1624
3032 324
1982 2481
4998 4891
3899 3630
4657 3636
3770 3609
3664 4427
4657 3723
2430 3557
2071 3776
1614 136
3368 1526
4552 3639
3127 2815
674 121
4661 156
4166 336
4131 3442
3933 4553
4619 1040
3245 2043
4426 1248
1285 2380
2544 739
2050 103
3990 2247
1711 3653
2187 2398
323 369
1148 3267
2327 2609
534 4657
3939 4207
1165 236
2430 4985
102 45
2856 2303
4662 2459
2847 933
1528 3400
1109 4474
911 1914
581 4160
4143 1531
3456 1366
3006 4746
3157 1588
4455 4580
2511 2284
4257 2636
1600 4181
3933 476
4153 4152
4181 3510
1592 323
3311 3374
4139 413
1351 359
1774 3380
2113 3494
1339 4696
2640 4805
1524 812
398 1052
2194 432
2397 473
445 4442
1264 4249
3471 4657
4079 3109
2137 2176
3622 4655
3245 2511
1695 3081
1531 4757
2058 1897
3534 3343
3282 4868
1348 1836
4980 762
685 3190
4833 2387
2145 2792
4141 2697
1914 3485
270 200
4681 1288
1014 2904
102 4082
1424 1374
1731 1531
3297 2678
4162 178
4245 2544
4377 2798
1862 1900
3297 1907
445 4471
1170 3949
928 3934
4248 4166
2963 2050
407 1249
1176 4045
2862 3870
4045 727
1975 2167
939 2511
4711 1304
3173 3105
2396 1741
913 3988
4064 362
4592 919
2058 4634
762 1501
2267 4468
1304 159
1893 3190
615 2485
108 1235
4069 3492
3870 4397
230 70
2951 175
4033 663
1175 1499
3158 3006
1198 2115
1914 4398
2961 1476
3050 3475
4213 3400
4036 1148
4326 4409
1454 3380
3833 1466
913 2192
4295 2408
4865 3173
324 1979
2883 1873
268 2883
4249 3201
1365 4455
4181 899
3320 3764
3289 3325
1344 4978
4839 1362
4237 4131
415 539
2288 102
2336 3009
3729 3947
4334 3091
315 4515
4297 1329
3625 2464
459 1914
3685 2745
667 3446
4640 4543
3977 4319
4407 2904
2579 2769
1197 658
200 2630
744 3962
3674 4738
3674 2524
1551 2757
886 22
4141 3666
4260 3077
4517 3040
4892 1737
3343 768
2805 2176
4998 3042
2904 1789
3223 3628
3282 2854
3066 3040
3173 1475
846 543
2847 2798
40 4975
1448 128
913 4639
3308 2959
871 40
1109 612
2886 1695
3303 108
1125 1526
1484 1914
964 1175
3421 1921
3833 603
4872 3006
4455 2082
3764 1829
3153 2665
324 4871
4779 4358
3365 1620
1281 3062
3880 1230
2718 2354
3091 367
579 4426
2847 2046
1551 2260
388 524
4661 3452
2151 1175
1937 688
4181 2566
3468 94
4398 2769
4121 1506
2745 1643
3257 40
2569 4779
33 642
2668 4152
1495 4989
2062 3990
4482 1329
2118 1658
3764 2602
3583 1146
383 3830
4753 543
3980 2600
2232 2041
762 2140
1375 3066
1109 2862
3577 2165
1798 674
433 4131
3842 655
1928 3013
2511 3708
3604 3458
2327 395
230 282
1389 3404
1941 1835
4496 2437
2372 3842
247 3760
2228 3153
1198 4176
4455 2901
4902 3289
4 2204
284 3138
2950 4504
590 2914
1285 604
3400 522
2145 236
4994 2301
1801 3752
3351 2904
4453 2367
4675 1249
1900 1518
2761 126
3925 3077
2414 3949
2522 1362
4629 1000
2847 1505
3861 1632
1889 1892
2847 3181
3346 3321
126 1690
1549 324
695 4938
1285 1089
2430 4819
2403 323
1648 1412
199 3446
937 1914
2378 923
3628 2640
2723 3149
2645 1815
568 560
3050 2560
3336 1471
3050 791
1471 4011
2422 1914
835 3062
2246 299
4683 194
86 3010
1534 2397
2055 1914
3123 3548
1836 1388
1542 136
1838 2006
202 4295
3630 4429
674 3089
3659 1240
4324 4681
4543 4852
3980 1985
2993 4657
3949 2824
3127 2862
1375 4751
1492 4473
1040 2970
230 2915
4765 299
1531 1280
3200 229
1900 1749
2718 2557
334 1710
624 3010
3760 4764
2276 1721
483 4171
743 2320
565 1287
3360 639
1900 4150
639 2818
1842 214
2058 1345
2398 4865
3977 3136
2904 962
299 1461
2321 2376
1740 2636
3729 4542
1684 4426
2180 236
4566 3639
1766 3123
1198 4318
1928 990
3564 4285
2883 4992
427 4103
2450 3933
2951 4320
1913 3654
3760 3189
4394 2997
4649 4487
1205 2113
3667 3583
1359 102
3013 4293
3095 1175
2473 299
3546 100
3819 4121
383 2854
1128 324
1304 19
546 194
3270 3061
3374 4670
1156 793
3990 2571
4166 1279
1907 253
1804 3318
1872 4540
545 3677
3072 2678
4307 3769
3094 4064
2325 4388
4799 284
2563 1197
1004 1389
1726 1471
510 2636
2943 4139
4204 1372
3611 1476
136 3900
4405 4661
172 2320
755 4033
1216 2176
898 3630
108 3955
936 1156
886 2252
4833 663
1747 3612
1710 2616
4037 3491
3575 1834
3604 1793
4166 465
2733 128
902 476
1632 2011
3049 4207
563 4069
1824 3928
3398 211
2704 1642
563 4353
2234 3346
4085 4579
1997 2464
3577 790
2856 3604
2484 2303
1658 966
2606 1352
2511 644
801 2113
1941 2244
3010 4219
2745 1885
539 2866
2015 1320
2080 4152
1771 3870
4735 1934
4401 264
3568 3415
2951 2220
4361 4766
3159 505
2176 3409
2284 2883
4621 1000
317 3769
3373 4640
3013 1438
3215 3308
1951 3577
982 1834
3189 3639
1107 2758
128 2128
3977 3003
1410 3980
3152 3009
4064 428
2769 1284
2468 2623
3776 946
2041 2316
3933 2702
40 894
673 615
3270 2684
4958 3153
4449 401
3346 43
2518 1148
2988 4139
1805 1454
2006 929
1780 804
1880 1329
783 3453
1329 1371
4532 2320
3050 2395
1718 4892
1790 3077
385 1900
429 4
2070 4085
1237 1842
4133 3365
2826 639
191 3421
3729 1393
2398 3785
2601 4822
2708 2199
1588 1401
301 1107
108 4094
1500 3050
1695 960
812 2642
3612 114
4157 1329
2041 2687
2541 3491
3674 2575
4033 2832
3207 2797
2397 981
543 3540
4047 2462
1848 1774
507 3902
4504 743
2753 3555
4735 3995
3767 102
3296 1240
1156 1264
3370 1900
3878 2640
4249 2183
3582 4426
2151 507
401 1808
1208 1588
4815 651
1375 504
1412 3148
3342 1815
4859 2041
3980 399
3109 281
324 3189
2567 2412
2927 1658
3375 2397
4166 2487
2327 4617
3353 2481
3343 1838
2683 2511
4818 1147
3123 1924
2891 4045
4069 4094
1913 202
3736 4401
1858 861
3980 3708
2408 3622
3904 2723
1900 3852
4033 2276
4752 4401
4050 2482
3223 2184
1519 3630
822 3720
3610 1000
3374 4754
2601 2321
19 3346
856 4388
4013 3400
3776 1627
827 3223
1485 2176
861 964
762 3063
3365 4690
4812 1412
1807 3254
4791 2745
214 2020
4534 427
4661 4508
4833 878
1118 3456
1230 4231
1024 40
633 2534
1107 1630
2490 1352
3109 909
2755 1588
1230 4919
4158 388
4162 4966
1275 3609
4540 2153
4741 762
3195 2437
1285 5000
3984 230
2832 812
4576 1774
4984 2020
4130 40
4820 4978
1148 2250
4504 2393
398 2092
4503 2723
3989 4139
4487 4973
1107 2232
2708 212
2138 3933
1842 892
36 445
3267 1424
4287 3421
1824 1433
2836 3190
4349 483
1941 4727
3618 3622
2327 4734
846 3009
539 1226
4720 2113
376 4152
990 2658
1107 4922
4150 194
3249 2792
4044 383
4069 746
231 1914
1273 3040
2673 337
3857 3674
1354 2173
4069 2023
1542 3446
1087 4779
391 2327
1502 4608
1658 1255
1489 388
2864 3842
3406 1495
1007 4892
3980 3188
602 4455
2855 1526
1080 4766
4231 2904
634 3152
3728 111
4873 4487
194 2579
1776 128
436 4455
2828 1502
4896 227
236 4245
728 642
3787 4896
1284 2762
34 902
467 2640
4232 4540
1780 915
298 2769
3718 539
4696 4593
427 794
1831 3039
2640 2629
2128 4162
1734 4069
398 2458
1941 4659
4556 211
3568 1564
3284 3453
4851 1066
2158 2058
4742 4249
3322 3491
1000 3243
4978 921
496 1774
3686 323
3949 1159
191 4735
1840 3378
3912 539
3904 3091
3818 1304
316 2544
2799 2176
1198 272
3977 3819
2367 404
2303 1274
1551 997
1433 3842
3420 3453
4326 4718
4857 4445
1991 610
3656 1711
554 762
4640 1668
93 4233
1502 1167
2050 4865
3951 2050
4764 3123
14 1900
2776 2367
3456 3932
1842 1316
398 3964
945 3200
4621 2904
674 2330
2537 1375
4162 1026
4961 1198
4969 2544
2303 3465
1459 3400
4779 1980
1011 2511
2822 2321
1401 4994
224 1642
1241 2894
4867 3962
990 4391
1658 1705
4441 4978
2649 108
3760 766
3764 1372
2842 3990
3747 383
4132 4696
1520 2904
1991 3781
1253 2397
4540 2981
3374 69
2839 4085
2961 1109
4833 3241
3453 1131
1375 3747
2865 4433
4939 3639
2894 382
247 3006
3040 1140
4304 1148
3091 3749
320 3468
2532 3173
1941 2927
4852 4300
2685 3289
2511 1508
2710 4141
383 1823
383 415
4285 1067
3646 1454
1375 2784
3760 3296
267 2718
1700 4085
2041 2555
2511 4688
4351 1148
1355 3010
4661 3394
2680 3050
1711 2798
2303 3100
1372 1642
2430 2193
4575 3604
2221 3853
879 1439
3779 4377
2847 2613
289 136
470 4523
3882 2792
812 1646
3567 2972
2640 3042
108 778
2729 615
1900 1324
3013 4338
1599 4326
1818 1175
4207 3522
688 1553
2379 2113
2636 2182
4592 3120
3833 2208
3674 256
812 2232
3508 800
4121 2707
131 2640
3468 2750
1810 1362
4029 2303
420 995
1214 194
483 4144
323 4466
3769 1440
3943 3167
135 315
902 2759
1439 3138
464 1454
4249 2471
432 1629
2450 3289
481 3258
315 4273
3318 4420
4455 4366
2015 1585
2822 1040
543 4996
4285 2118
3343 475
401 4067
1000 4351
2842 4938
1969 1285
4162 4575
1008 1230
4766 4281
3764 214
3764 1452
1558 2221
501 2459
2050 736
1815 459
4775 3378
2327 4614
2897 1588
639 2577
4532 445
1450 1156
4224 4426
4085 994
2267 17
3728 2541
2506 1588
560 2849
2646 3674
1564 3934
4304 688
420 2437
762 4228
2341 3374
194 782
3567 682
4749 4047
3849 1471
3792 128
634 2336
510 3980
1834 20
3833 392
4162 730
2654 812
4540 780
1012 3127
4141 544
2638 1249
359 1102
3421 1875
388 4909
3421 1467
1758 4225
165 1824
2883 1477
315 3802
2553 615
4233 3189
615 2950
2003 3842
3322 4696
3814 3468
1815 479
3568 2801
449 4851
2402 1531
2002 2176
1931 1285
4131 4854
1048 1642
1369 3421
4884 651
4146 3453
2847 187
4704 2481
1796 2640
2252 1454
3776 3175
1148 3457
2437 1116
1502 1451
618 3980
1695 4385
1476 1299
1892 1307
2033 4852
3085 1642
2434 4892
380 200
2064 3604
2327 4274
810 3491
3289 2495
640 1354
762 4853
2653 1632
3208 3776
3915 3318
3777 543
126 3566
1167 4994
2397 4103
3568 3765
4540 1652
3630 3414
3587 4249
816 2718
1147 966
2385 2762
888 3842
2893 3289
35 4085
432 1607
84 4295
3009 3320
331 2041
703 651
2616 1526
1588 23
3109 4219
2296 4377
470 3682
129 4388
3123 1707
3374 4022
3788 3468
4857 3736
3631 2006
3411 886
4783 3366
1230 3816
4648 3127
3622 2373
4665 639
2511 3322
4152 57
2865 4539
4866 2044
678 2678
448 2397
3190 4185
3729 3238
3657 4857
2504 445
1362 3868
3282 4951
4131 1868
4820 4233
3357 3109
1907 694
3451 2753
2874 4152
2978 194
2303 4186
4319 3453
1375 568
4487 2771
3122 2865
288 2058
886 3796
3534 4295
1711 381
3872 4064
1570 4285
4318 3365
3664 1248
4224 3729
4009 3167
4670 4377
3310 3318
1362 2602
1646 3833
2636 3391
494 3153
4906 3123
398 2493
4938 2114
4735 4478
3847 4735
1249 3361
139 1815
2481 3352
2412 647
4994 346
4644 359
2880 688
4841 3050
2936 211
189 2367
3446 1974
2274 990
2055 4045
1526 4412
126 4756
128 1392
642 4648
3934 404
4131 4585
1249 1859
4515 2015
2303 4714
2321 4785
2904 2891
4741 1471
4166 4957
2753 2568
3346 1613
3200 4380
4285 1856
4285 2813
2043 4776
1961 1454
3468 2347
3583 4211
1329 36
2661 3452
445 141
221 2043
4918 1107
2753 3113
3646 4852
4370 2640
2957 3760
4407 211
2126 1109
4553 3366
2221 748
4487 3762
3257 3200
2211 4131
3365 3917
3946 3289
3062 3738
3639 4261
1652 3933
1362 1817
194 4188
3308 4770
1758 4310
4085 307
149 4998
77 565
590 2130
4461 324
1801 274
4438 1632
3622 3701
2544 462
3568 2752
3286 3567
4967 4388
1202 4181
4306 1900
1588 3300
421 1907
4852 289
4326 389
1375 2570
1502 503
108 4784
2378 1064
2432 3677
1333 3674
4426 2830
2468 2600
4006 1197
2378 1730
2485 1913
44 2544
465 1439
4708 688
1801 2582
3285 1454
1227 3664
2782 565
3583 1046
2421 3567
1154 337
4657 3681
1000 1525
1006 863
861 2400
2197 3009
1198 1832
1354 2416
1935 4162
2224 1375
3569 3223
1608 324
2853 3962
3728 4903
2922 3421
1710 4510
4397 1842
4854 1986
1588 382
479 4033
542 1173
1249 3048
2762 3690
2481 2316
2468 1237
1156 4728
3973 1991
4666 2468
674 2518
2555 3468
1070 136
1156 4201
615 485
2006 782
3173 2833
1264 108
194 1979
1068 1156
557 2847
1249 1886
679 3040
3980 4858
539 4456
3622 3761
1117 2794
3639 4868
3828 1941
4538 688
3091 2933
3453 463
3453 1799
1502 366
4141 2614
80 1721
1329 4365
456 3577
870 2636
3217 3308
1375 2662
1109 2011
1590 812
1454 4672
1991 3425
2678 4702
4298 1801
2343 1502
3497 1156
690 3760
1758 2908
2498 4657
427 2620
1494 337
2015 699
2782 1389
4885 4353
3681 4249
1562 565
3468 4365
1117 2477
2769 2677
4504 3589
2919 4540
1292 3453
1082 3674
2191 108
3629 284
1895 639
3453 3963
2321 4253
4938 288
3013 3509
2006 2687
4399 633
4254 3400
4940 1198
4055 812
3091 2785
4285 50
1304 907
3190 4959
3729 2744
2044 2898
3660 1362
4447 3050
100 2511
2792 2177
3820 481
762 1790
3583 790
2708 1111
3423 1175
3207 2260
1438 543
2419 3400
2991 427
1007 2640
2408 3769
577 3622
2096 4833
2058 3529
1428 1476
3813 126
762 2471
1808 4504
4050 4462
2526 4657
3346 4481
861 422
2814 1658
1031 236
1306 3010
2264 230
1900 1211
3421 3979
3424 2303
3891 4998
1096 4822
1154 230
745 1454
1475 1780
1763 3677
3446 1942
2997 610
395 2043
4822 1052
1304 3735
1642 2296
3568 4552
1579 2792
4166 3253
316 1304
211 4158
2661 4309
2459 120
437 4696
4900 3776
1733 3568
4152 690
193 4938
4510 3282
2020 348
3040 3813
3833 467
21 2762
1000 4423
2762 2272
2762 1813
4661 1519
1198 713
3161 2143
3400 4012
4911 398
2952 4388
1815 2014
2661 1296
3049 4640
299 2886
3303 1352
3077 2163
4938 3946
4743 4181
2769 4143
913 2698
3972 1471
4571 4426
566 3173
542 3881
2270 2043
1476 731
4435 4998
401 338
401 3375
4719 2367
136 1460
315 1901
4857 1851
3728 4288
2752 4640
575 324
2221 820
1824 4660
1851 2378
1849 2997
1739 543
3870 2040
1208 194
3468 138
3117 3962
1355 4121
3463 2396
1986 1129
543 2276
4139 575
2113 4904
2769 834
2303 3666
4624 1900
4818 3764
1717 3173
812 3363
222 1362
3604 3521
323 490
3990 2542
1991 4500
3062 801
886 4382
1117 3017
1526 4574
444 3456
1599 299
3977 3104
4353 1297
1914 3082
4345 2367
1127 3622
1213 4326
2058 2081
3223 2679
4804 3173
3729 4902
2020 3383
3602 2006
2039 812
2675 401
236 2932
4780 4852
674 2018
3343 3533
4388 3227
299 803
3612 312
1773 398
4182 2745
3888 4657
337 4494
1780 2290
3980 3224
1551 3371
4540 779
949 3453
3039 3372
284 2781
3760 3634
3914 1329
1389 2080
4336 1156
948 4540
683 3123
1451 3190
3664 4526
2890 337
1566 3153
4978 2070
2123 1986
269 1780
845 3207
1913 1182
1362 468
