3388 3379
2702 2099
820 1039
3225 25
1831 1526
734 2204
3108 237
814 2971
200 1263
2325 2222
1720 23
1847 95
2196 537
2077 2633
151 2201
3052 2288
1555 1056
2258 204
944 2896
1476 1541
2359 1007
1000 357
2322 1010
621 1874
921 608
2384 2908
2601 2636
498 2802
1496 2293
1329 859
2459 738
1362 1870
51 1504
1504 928
2398 1375
1699 3189
1318 1419
1363 1837
3234 2342
1386 1940
132 1208
2985 1868
1379 287
2888 1646
1945 2534
357 1678
196 3212
1347 1300
727 1551
3124 1344
3109 1755
2802 9
2458 63
76 1270
935 1312
2585 1462
698 2051
2708 3015
288 2789
1843 3166
697 3088
1868 2878
1735 1362
1203 1475
608 674
1533 3097
122 1606
2965 1780
2801 810
2990 2549
985 1241
1815 1606
2244 2325
728 2530
2506 357
3124 3106
1551 63
1462 938
1194 43
384 3011
1397 798
405 978
3004 657
1341 3276
1430 2654
3352 116
1272 2388
323 490
901 2958
2523 2068
955 1831
3007 670
2160 2239
2533 1406
661 2651
631 1900
953 3314
1270 1130
171 406
1973 2919
3340 2884
3092 2189
701 1182
2334 938
1582 2347
2965 3131
2422 311
1153 1915
2887 1111
1486 745
2239 2329
1270 554
3096 2848
1880 1855
1461 1868
2820 30
108 1119
969 1550
841 3301
2338 1183
1470 366
1216 1614
1855 2689
1263 1292
1276 1573
1312 298
2391 1167
813 3335
589 866
2184 1443
3371 3212
1756 969
1925 1140
265 1153
1379 149
1290 211
324 1772
375 2157
800 1964
830 2499
280 2385
618 1133
3285 2042
2049 601
2432 1957
1119 2568
1643 1868
2482 1828
398 2931
2465 378
538 646
1578 2226
3197 2601
2431 3060
1973 1103
2925 3167
1424 2516
2908 1447
915 1310
3097 432
844 738
1547 28
2 1166
298 2522
1290 902
960 2981
105 2516
549 2072
2402 1101
882 2184
1560 2504
2208 3050
3152 2747
454 510
226 953
1244 2935
3289 2316
2988 2208
90 2422
2531 2138
5 551
1477 551
2702 2149
2848 13
206 1863
294 2023
1651 495
2601 1612
1287 537
1874 1966
1164 952
2385 1093
176 699
2808 2789
2238 1731
3031 3351
3116 700
2377 427
43 197
738 1722
2208 2311
170 383
2593 815
2554 713
1430 3004
862 2399
1185 1391
2483 479
2377 1969
956 1227
2385 2460
2086 2352
78 1392
103 2742
952 833
1206 1358
2129 2751
1322 34
2343 1533
2044 112
2307 978
432 3343
2629 125
2927 1007
2963 1362
1727 159
1064 2530
1632 2
538 2893
1903 3301
2399 1690
2293 3046
3356 2440
1076 1025
2344 713
1895 2917
2851 1943
2023 2453
2184 448
2256 2620
1175 1182
601 2217
727 1909
1351 2801
191 2965
1573 183
2720 181
2367 2764
1430 1767
3321 1850
834 1301
2780 2077
507 2359
2385 3226
386 3300
608 725
2601 2782
2960 2171
1312 312
1366 2314
1422 952
1823 2186
2079 1105
1923 953
813 847
1504 2770
2305 530
3073 2344
2817 2478
1105 1006
2385 2645
313 1863
1214 659
1957 1120
2135 2226
681 3141
2867 589
2546 2519
3108 26
422 960
3336 28
1187 2409
54 1831
3052 536
2380 3119
3036 355
1874 836
2505 532
1409 3355
2593 468
2530 1305
1638 926
1812 1949
1017 836
2 2729
2549 1324
1582 2610
2856 914
1849 1261
28 2576
3301 2091
3376 1831
988 330
985 149
1273 2747
402 2316
2638 2293
1579 661
2468 2187
3052 206
1615 1182
656 1606
343 2966
2654 1574
1567 216
585 1555
2380 49
1720 1508
1104 355
1755 1585
2364 105
168 813
2448 1592
25 2849
710 63
2383 1863
395 2482
1863 1268
1582 104
1522 151
1936 1326
1033 1362
1372 44
2114 687
1704 1781
139 324
1510 2393
2923 2453
1372 2944
1896 399
43 2619
2892 1895
1548 2999
324 3287
151 584
3264 1552
1319 699
355 158
950 2508
596 1936
324 2600
1216 1485
3312 897
2203 402
1472 3352
976 744
1111 2151
2364 751
473 1107
2844 2519
876 3362
2925 1975
2296 2139
3090 1765
157 1622
914 824
2742 110
2927 1789
1038 2617
2555 1940
1163 1481
2965 2907
281 3031
1538 386
2858 1318
227 3171
1544 908
2667 2789
2119 798
2707 1406
327 1710
2530 2037
2529 2812
1664 1964
1036 608
1708 225
526 713
2711 2380
521 1110
1520 2077
1447 2598
2267 2549
2671 355
1261 403
1038 2045
653 1981
2837 2558
430 1863
969 1116
601 744
3310 888
402 883
1200 1170
3070 1664
2593 818
2490 79
3380 2006
2487 1406
290 3209
2898 2431
2704 591
2187 1226
820 1574
2342 329
2192 2398
3301 3284
873 960
1737 1149
1823 801
35 2810
2281 1510
1310 2116
3272 911
670 2396
473 2990
1414 268
334 1863
1146 764
632 2483
1907 1638
3340 1224
2317 426
3173 521
1065 399
2593 2098
1312 2264
2958 1932
2898 3053
3365 2217
1187 3110
1785 34
902 2068
2938 1347
3078 357
2868 1720
764 2906
1200 2765
1777 3171
1119 394
2742 1188
259 654
2802 2840
3264 2669
2713 3240
3369 1622
3159 355
2002 1981
1833 1544
2453 2120
3090 735
1357 454
1470 2146
2658 1755
3272 1669
240 426
1114 1257
34 996
2936 1874
1339 1823
1687 2577
2256 1620
2522 298
1187 2461
244 2827
3323 618
3272 2969
692 2264
1216 947
639 1341
20 1510
1626 2516
1517 543
2235 3301
2003 262
2191 1544
1038 1403
1793 3278
526 2704
936 1270
2325 1632
834 1668
2042 394
2334 2770
853 812
2402 2634
61 3363
1183 71
3340 3176
357 1844
3380 883
346 30
2226 404
1957 2094
1208 2257
886 2157
1758 2522
2501 379
3380 423
1153 1051
1312 1420
819 554
2322 1851
1113 2077
2297 532
2482 1248
2538 2208
1810 2978
2431 776
1664 1805
1874 988
403 2602
2404 1476
355 3138
532 2669
2462 953
1730 2187
3360 432
29 1185
418 618
3116 2692
681 2850
3347 1153
434 661
2483 799
1533 2353
1053 28
1772 601
524 2807
1409 3242
2536 1272
2813 3278
18 386
834 1286
3275 1244
343 613
489 2453
1606 2188
2071 880
1579 378
2051 2152
2764 1533
3098 2728
2523 2478
3124 467
1516 538
2806 820
3352 1466
1823 2670
2720 3247
3336 3217
2226 860
2391 1214
355 3333
2660 3092
3310 2297
952 1649
2076 1185
1938 1470
2391 715
1560 393
916 2004
830 2365
2275 324
2845 1293
2157 527
2331 2720
1257 123
692 254
1815 1329
2944 1324
834 1819
1153 1828
1935 1422
2787 1414
63 689
1310 1095
78 805
103 3312
199 63
2944 3304
985 1060
2198 1900
3318 976
3292 44
952 2730
355 2132
3352 840
2072 2241
2296 2875
10 1534
151 2069
2594 343
912 1486
2051 1350
135 320
2580 1755
351 1203
1182 2829
2456 1671
2263 1717
152 2504
1034 3357
2983 2009
1185 2971
2347 135
3171 243
1166 10
1582 107
2233 10
2720 1008
271 3088
1097 1510
2102 2
2296 2642
3278 3063
2937 814
1328 2334
1028 985
1941 2391
1781 302
1515 1318
3292 3211
3301 1671
853 3114
2549 539
1047 2385
2729 1272
2364 505
2734 3042
3014 764
299 2483
2004 37
2475 3090
2577 2468
3077 2802
1187 2481
2004 3252
2 1687
3159 1263
1038 2894
2255 32
997 2157
1835 2137
1290 139
28 1808
1406 3323
335 963
1409 3199
1349 2531
3004 2797
1510 2056
727 117
3108 1648
2866 2184
2837 365
659 2277
2641 1925
1764 2577
526 1638
2478 1348
2708 783
538 3170
920 3052
925 1810
3116 593
595 1409
953 936
500 1105
2719 819
1742 2529
1479 2391
575 1247
1900 2624
288 1895
913 426
78 1166
2549 807
680 233
95 3270
3096 2402
978 2346
667 2238
1899 1084
170 2985
1835 2991
1533 2140
1594 2654
2498 1936
3373 1418
1950 1379
3272 1193
2208 767
2577 2473
1950 1957
2516 335
1183 872
176 1447
2456 238
2653 738
2619 2531
1312 2449
2068 1482
681 2463
915 2845
1863 3241
1810 941
2484 171
3305 800
2520 521
454 1030
1418 1357
1050 2598
839 976
1606 2892
742 764
819 1992
2238 2709
2305 2923
1755 1907
2845 183
2042 1210
313 1409
241 1504
2888 2090
2077 295
1895 1029
287 3365
2843 3264
2750 800
1182 1659
1828 1379
1900 1049
399 3370
2851 2672
1781 1980
233 498
1363 592
1135 2352
2359 2109
3219 3380
3273 532
1534 1134
2507 1182
2279 1797
1031 1699
1656 681
1208 1599
2164 2845
960 1507
225 1230
3124 778
1601 119
692 2681
187 135
1576 2965
3206 810
2679 1156
400 327
522 2490
830 3360
399 2977
1295 2106
1940 1245
1082 1257
2659 225
2255 1863
2951 3272
164 2296
2961 2965
2226 1745
969 1103
1270 1110
2106 3264
764 1930
330 3319
186 1807
1737 816
1510 674
2492 1567
2061 1262
853 2779
1422 2577
323 1817
2885 2342
393 3305
320 3166
2385 2199
821 1295
559 976
1855 3126
2208 845
1720 163
459 384
3069 683
135 731
331 159
1187 460
2456 1254
2251 2747
2888 1081
2041 1781
3036 1362
1835 579
401 25
1720 406
1173 2747
2161 601
2965 279
2752 830
2836 3380
538 1322
1876 2504
20 2478
3007 978
2218 2931
1406 1844
2944 1976
2266 1606
3116 2984
3053 1142
985 869
44 1600
1601 1171
688 2296
2751 1658
2208 1580
1835 2763
1810 674
2594 399
1868 3326
2639 1863
1533 2532
681 3306
1035 3116
1098 343
842 61
3217 904
1183 752
2708 2039
2616 34
824 2918
255 1017
2293 3368
819 138
2965 3150
1476 370
330 1075
3218 2522
426 723
1670 1017
3250 1406
1497 3356
606 2239
2528 384
1208 2685
734 1639
221 3031
1575 2549
1183 1642
1835 2500
3052 1530
1210 1895
3090 2688
2119 1341
442 2848
476 135
2743 32
2529 2161
2947 1622
1260 1755
3204 1651
673 3073
1282 1573
1185 774
670 1958
1270 1154
1456 819
719 2810
2202 575
727 558
734 108
2009 2744
330 315
2385 1903
1475 969
1801 1548
2821 2529
1212 985
2398 1604
426 1424
1270 59
2908 2281
3011 2352
927 2364
2925 1761
1347 1075
1800 2827
414 1810
2009 1475
152 112
3125 432
1478 2399
2751 922
2202 3108
1863 994
3362 2236
61 2188
361 521
1720 1029
1484 1895
2708 2706
1720 3337
1622 272
575 2923
1548 3198
933 1685
853 2243
1027 3171
2842 473
1348 830
1411 2708
1717 572
30 481
775 2482
1310 3162
1156 638
594 860
692 856
2077 1016
641 1567
267 2068
2328 963
3279 2660
2927 2951
1953 738
3339 10
3347 399
1319 68
3209 964
3312 1956
1651 1610
386 3003
2851 2721
2377 3146
1262 478
3352 315
1990 2888
1981 2098
874 2042
2398 165
2960 1066
1837 2238
1952 1831
3278 1170
2009 515
1093 1406
996 1544
3179 2529
2279 1102
1750 1874
1899 2736
2801 735
2499 432
2453 550
2888 115
420 1034
3335 1717
2328 327
681 2396
1049 1119
44 1761
3352 2722
2071 599
2531 2337
2399 29
3064 3340
1075 1208
2452 176
1200 174
2751 3316
3116 714
1973 1745
1797 2702
365 2547
1964 3206
1341 3178
1622 2744
1408 386
1092 386
1236 3090
343 2722
1250 2305
1555 1803
2417 454
687 2350
1567 439
908 2
1617 1601
2944 2019
600 2794
3166 1440
504 963
2660 160
641 2558
798 2166
1200 1098
658 1247
1534 2931
2022 853
1340 2042
1440 432
1900 2814
2722 1945
953 1094
325 1622
3296 1080
1770 1119
3116 560
2119 819
2867 1017
402 3334
2692 2380
1109 1200
994 1290
498 3052
1533 1937
233 1245
1267 1622
1319 3334
10 2498
16 1863
3347 1418
3079 426
2206 727
2293 1569
1605 2771
28 655
3155 3090
659 2022
618 3118
2215 2848
2965 3110
3124 3130
2054 853
772 3356
618 3376
2960 1801
701 2256
1907 933
501 1187
166 2801
617 658
2344 2377
2739 853
524 200
1601 2625
2215 1318
2168 1850
1203 427
2742 1100
2620 1156
978 2413
3251 294
944 2500
3362 3254
3031 2415
1756 386
524 107
1813 2549
776 1567
3105 3289
1409 1709
681 975
2081 2482
607 950
538 2207
226 2798
17 213
3088 890
1342 2024
1185 3358
324 3098
982 2385
830 2875
233 31
1443 3217
600 1230
2 364
1227 3093
44 2662
1580 1981
1899 2642
1315 357
1310 3099
1567 2105
859 683
959 2593
1924 402
2275 3278
2677 2742
524 945
2391 2089
1632 159
2296 1451
2238 2044
1981 828
2504 887
2698 2422
2478 236
1529 2530
1470 1154
1279 2
1202 3108
602 1017
2226 444
924 1664
1889 176
3090 762
1153 490
2756 186
2682 1262
556 2771
2711 1504
855 3166
1476 2198
1348 2660
1319 893
1364 798
1895 860
1732 830
2342 2839
541 34
2346 321
2281 1900
1998 2531
2566 2801
491 1363
364 1227
316 186
1244 3165
2042 677
1216 1069
167 1476
1298 399
738 141
3264 1943
3206 1420
1026 2925
1510 669
2077 1162
2750 323
2398 322
2084 2654
575 948
399 347
2279 536
2934 3206
1963 618
1030 2483
1180 538
953 213
2716 2380
633 3209
2485 2728
3212 1424
931 1076
1567 825
1109 800
1943 834
2456 545
2018 3166
2 796
2320 953
1030 738
203 262
1592 3309
2318 2927
3289 610
1164 2322
2085 2184
3059 2531
1203 2178
692 2880
674 2802
618 1787
2279 2143
1221 681
250 176
1460 2482
2322 1683
3166 3191
359 365
2504 2058
1639 798
2143 538
2613 3380
1720 2730
960 1552
1272 2328
1876 1533
2952 2660
2517 2747
365 129
1592 701
3281 151
681 1201
1622 2251
2077 1516
400 135
2998 1720
2184 3197
1342 2321
2771 3195
1290 3129
1404 953
3083 2385
1307 2296
3134 176
146 1272
135 1137
2601 1240
801 3124
1699 1733
1374 294
2260 670
355 2436
2305 2356
1082 950
939 1423
186 410
1955 2483
1770 378
3310 2134
43 2913
190 2944
1493 818
1367 2208
2263 2238
1434 2385
1297 3211
976 227
2720 2075
176 2143
1734 2827
2279 2861
2601 1161
1738 830
188 976
2702 2127
1870 814
2918 1483
200 1533
473 651
2398 2614
3193 2798
2296 2565
90 1555
2385 1618
2908 3186
1347 1330
30 459
537 496
378 3045
437 1418
2388 2577
814 1370
1940 2821
399 667
2859 1867
1362 2243
2722 3166
3073 2855
1816 1347
1533 1019
786 1717
2453 2112
829 1935
661 223
978 2705
1582 2972
865 1717
2973 2801
532 2603
2431 85
2342 825
2238 191
3073 3112
341 112
713 1799
1717 986
365 1057
524 2538
2927 703
2297 78
1406 2273
3166 1851
1548 2213
1456 1601
2148 2483
2245 2293
933 2443
639 176
1200 3198
976 396
2033 2009
1097 1868
2418 1295
1936 2860
357 3236
2483 2768
2702 2769
1180 820
2943 2004
1319 1043
551 3215
18 2529
3183 3356
2859 1197
532 3101
66 2908
1945 1732
2742 2649
2345 969
658 3338
2026 830
3334 1548
2204 2529
1436 1227
145 2704
2944 741
1823 748
659 1733
2717 151
405 1470
914 2574
2802 1729
687 314
2620 1206
2519 134
2817 2068
35 2789
3209 1490
2810 2142
16 1200
1016 575
1119 2970
2220 2072
653 3264
288 952
1584 379
1541 1555
3320 170
1244 435
1318 336
3358 2925
110 2654
3272 455
1156 2935
2820 1622
1361 1810
871 2859
976 3215
2479 976
339 661
2660 1709
2593 2440
1244 2811
1940 718
233 1365
2270 1900
856 2431
502 2490
1418 2583
2930 1486
634 1244
1102 3264
2946 798
1229 2720
1667 2238
1318 103
1493 1893
978 1003
2501 1034
1038 1029
269 2068
1462 400
2645 384
2650 521
2994 963
2099 2598
1383 2334
734 2408
2077 2049
1709 2296
3090 611
1272 1568
601 1625
1957 278
2447 1244
262 1684
3124 1727
2322 119
2811 1203
528 1203
2427 3278
1204 589
2982 330
1560 2380
878 2925
2660 2106
1272 3290
2469 1493
594 638
1182 2301
2931 1492
1408 1227
451 2925
1582 216
1252 1153
3031 387
1582 3044
3378 1899
1402 473
1290 1987
1718 601
585 10
3340 203
186 1186
1325 2352
2918 1254
841 262
2018 2239
2623 1017
186 2626
482 2927
2364 13
2516 1237
526 1470
3144 1362
1796 1863
1767 2575
659 2545
573 1341
1206 1890
3031 269
1949 1194
2821 2004
524 1628
2199 2391
1699 2357
3251 1486
607 2802
2859 2270
1272 1977
2197 1318
1994 1206
3264 3320
1413 1409
740 2208
795 1622
2931 2430
808 1720
2898 225
2332 343
1738 78
242 34
526 225
1592 1667
1912 432
1428 1592
212 2456
2314 180
299 658
1958 378
2474 454
3376 1134
1100 2490
1034 1051
8 738
354 3301
2981 323
1140 355
2456 858
1462 1833
3340 2100
1486 2358
1197 601
3380 2780
293 343
373 2189
2682 1767
343 1364
2049 2004
2995 3052
3213 324
818 1017
1406 3287
135 2978
2202 538
1664 1229
1838 63
935 3004
2758 384
59 1606
1510 1609
970 393
1895 771
2504 2694
2925 2824
2713 3189
1312 2514
2181 2051
218 176
3059 1017
1373 2238
232 2072
1319 1776
259 1659
1434 950
2751 880
1720 304
3267 1187
1858 399
2293 2828
521 62
821 2888
2528 608
1445 1664
3376 3312
2749 3111
2187 2889
170 2211
933 1591
1186 426
2452 1493
1257 2486
54 171
1688 2751
1755 1738
1783 1895
559 914
2602 3088
2817 1329
3161 454
2406 379
1329 684
1573 2048
1925 3237
403 1593
2746 2918
1479 219
1179 2322
446 687
336 2453
960 1919
157 681
327 982
1657 3278
2305 598
256 3278
2993 2848
2750 2279
3365 691
2157 143
2264 608
2769 1470
1539 1781
2142 2009
950 2500
3272 1787
1272 2571
2352 1777
2845 2016
623 952
1534 1664
3350 1874
1889 2747
190 1925
2192 1849
824 1925
1196 1981
1429 3362
2960 76
330 3105
3124 2781
1830 2720
2 647
297 1835
953 2013
836 2208
2209 2558
1681 1272
2004 216
1839 225
3090 691
448 661
2238 632
1502 969
1188 3116
278 2238
826 1347
43 2653
2364 1500
798 3221
1476 2393
1645 2859
3031 493
2184 1123
2685 1601
2828 2385
2482 2177
1868 1466
30 217
219 1048
86 2314
840 2482
1493 1715
2877 1925
2456 197
3239 2402
2910 1076
379 832
1949 1256
1097 2431
3278 3123
2255 1831
3191 1119
1362 1872
1455 608
2747 1729
2965 1524
1567 3083
2187 1110
2859 669
755 589
1904 432
1518 1544
589 1016
1638 616
2848 647
3352 2416
2549 1443
2905 1363
135 576
2768 1208
2253 2293
1052 2312
2908 235
370 1341
3211 1485
1507 2888
1900 3023
1151 1699
1321 355
1584 659
2302 321
575 2829
1699 64
2120 1362
2609 1582
1470 544
1849 1841
1318 2244
1303 3052
1138 171
473 1435
2239 481
1823 2361
259 211
1347 2372
2009 474
1145 2208
2720 1332
26 3272
2747 2002
2739 1720
738 369
2674 1203
758 608
1486 2257
2325 2678
532 1584
1722 1318
798 585
2184 1629
2150 2305
544 3166
681 1884
1206 2772
2293 1211
2334 1754
1263 2570
2055 1052
2239 935
222 1017
81 1111
1419 1203
3264 2185
3038 1638
567 43
2851 675
2861 933
3209 3163
1510 1192
892 1347
2979 63
1105 280
2256 554
1863 287
225 3232
2236 3108
1462 2298
1544 289
2367 1073
1363 1557
1205 1290
3124 2172
1119 179
3300 1244
2558 2647
117 1573
1568 3166
1895 2089
2372 608
2367 1357
819 3127
1263 1197
2208 736
2546 1567
1725 589
952 496
10 2073
1756 820
2157 1637
135 1921
2042 261
170 2506
1642 608
297 259
3042 688
2398 3308
794 61
3365 2100
3006 713
2374 1290
197 985
2334 882
3166 1087
3053 2715
2380 2328
415 820
538 3058
2364 571
2845 2822
1548 3329
963 1292
1899 2642
1153 1802
3124 776
473 2818
2485 2888
1664 1708
2077 3203
2707 1855
215 1347
2851 1291
952 943
2403 2654
2827 1668
1544 2901
2112 1592
1344 1310
1601 935
3211 1747
2812 1262
1236 521
57 2516
607 2208
1409 2658
3206 849
2049 44
2088 25
65 2801
2179 1573
883 2239
3362 1370
2561 2367
1759 2077
139 960
2042 344
279 713
2258 2307
432 1370
870 2848
2 2627
1973 1796
949 2742
1103 426
1163 892
3219 1517
2621 1925
3297 2720
2401 2747
795 933
2751 1862
694 2208
1402 939
1076 1670
722 963
618 168
3187 727
745 537
649 1720
32 885
426 2466
645 1900
426 2210
2794 1601
2258 364
1954 538
985 573
661 2703
294 3122
743 2549
2577 1706
2377 2829
340 426
2174 1038
1849 1513
628 976
1555 3214
1652 1651
225 1676
1153 3019
1533 2996
3224 3124
2093 3217
2371 1206
1134 3198
95 2511
178 1544
343 1764
879 2184
2411 294
2068 1961
1105 1807
808 384
1823 572
494 1111
1302 1664
2378 1038
670 3047
375 1935
2385 1357
3294 2751
2666 3124
889 2798
2704 1104
1263 2542
1531 3272
1925 847
269 2071
1045 34
1134 1433
3191 2453
2742 2190
600 3372
2530 3067
3171 2406
743 3211
3108 1350
2504 2095
533 2531
1290 1902
236 1949
1447 1533
1586 2226
51 820
2296 2836
1034 784
764 1245
1978 294
551 2737
1823 2634
670 476
3248 2279
2399 2930
2004 105
734 3234
1573 984
3340 1557
2453 1302
2525 3090
1505 1208
152 2
2478 2489
1342 753
2113 3090
2126 1312
393 3257
2070 3004
3241 1183
432 1067
1079 2077
2740 976
1465 1567
1220 1187
670 87
725 330
510 2208
676 2004
1767 519
1678 1105
1065 2958
1270 264
2478 158
2054 2965
1873 454
3189 294
3182 681
1925 1873
1614 2367
538 2620
281 1899
1590 1076
937 2077
99 1720
2552 1272
2767 3031
1935 438
3217 2590
1383 1295
2654 1188
752 1208
345 1601
1527 1835
210 3272
365 1975
1180 61
1874 2046
2402 1747
1705 2189
3385 1601
1141 1462
3352 2870
2529 3045
1275 1517
2446 2888
1592 336
1768 713
2208 1253
2504 1155
2128 1973
1720 1248
1831 2044
25 3165
2547 1899
3298 2798
1796 3108
2771 582
2749 1624
1439 2749
532 1399
1910 1153
262 1157
399 283
1162 151
2509 61
554 1034
1023 1038
1172 2453
2393 3124
2026 402
2601 3348
3330 1504
2993 3206
618 1646
1668 600
2593 2980
2646 1270
2404 853
3075 1945
1282 950
3052 458
2289 1767
933 3145
25 1967
3155 1409
3380 3384
2898 834
2233 1601
262 1805
335 3380
3004 2947
1091 2072
728 2399
1895 258
116 2713
600 1894
1143 2516
3031 1930
2704 1821
127 1493
2305 584
3301 335
2189 1669
1679 3272
1129 1414
976 1335
2293 966
3289 2355
1312 2669
2113 3365
609 2713
2477 171
233 264
512 738
2944 1816
1155 393
1485 2960
2233 2314
2788 1548
2491 25
2557 1981
2850 2352
2308 321
164 1119
3206 916
2771 2805
1185 3288
57 1664
283 521
2364 1236
78 2169
1956 3312
2293 3063
1 2258
1606 2862
3335 384
63 7
1567 1793
2507 2845
3292 1874
691 170
618 268
2371 575
2490 645
746 2704
532 2409
125 1010
2238 2480
902 1510
532 647
1555 2929
1345 2296
3074 2279
378 1240
1699 1424
2461 950
1658 2296
978 3179
335 2
2798 1975
2106 1510
1544 549
1551 2925
233 799
3263 2482
512 713
3090 288
2802 1369
323 2283
2713 3225
727 767
2878 1185
2515 1868
433 551
1688 1319
1767 433
43 1460
3108 1181
2878 171
1060 323
1076 361
1716 170
2482 2017
1338 2789
3386 960
1550 1319
1166 2801
1156 1800
2918 1339
1142 2256
1116 2601
639 2593
2036 1767
945 63
1163 2778
687 922
1655 2258
2787 2189
63 308
1018 28
547 43
1190 1418
190 2208
1606 1994
378 1987
1017 570
2195 1203
2504 706
538 1314
146 551
1090 1699
939 2653
2927 2018
1297 2187
1925 1043
1622 282
2531 514
2490 1197
2028 1874
594 513
2941 1699
3088 1325
3381 727
2593 720
3055 944
2119 2453
1981 3241
952 1951
1021 820
1949 3022
2531 1027
1111 353
112 1859
2314 1959
2009 2797
389 1900
564 262
3288 1850
692 3360
2048 798
323 491
321 2500
960 2883
1363 2518
2909 914
3278 1061
2983 2334
1606 2416
2380 1742
648 1163
2334 2223
3031 1097
450 1462
2223 3312
2935 2960
2477 1318
1187 1530
3124 3078
2234 2708
2927 2563
1606 852
3364 2380
3211 2923
2837 32
2913 1227
2912 1270
2723 2845
2613 1119
933 2537
1855 1444
1156 1451
224 2422
1476 1906
1329 3326
1807 1406
402 2637
1644 1052
624 176
260 357
575 472
2595 2771
483 3212
1342 1046
3217 2724
939 2271
1227 2777
2095 1895
34 2206
1582 1235
2258 328
3243 125
521 282
159 2953
180 2009
135 1743
234 658
2965 1492
2367 690
2146 1699
1376 2810
840 692
2858 330
2827 265
1126 969
683 1082
2309 1263
1361 2422
1183 3067
2882 3365
1791 1206
2422 189
416 1555
1899 2284
2110 727
1362 1484
3212 1880
1927 355
1582 1373
2908 1234
1949 3200
258 1080
969 1328
321 360
1187 77
1586 1200
3228 1119
2699 3217
1703 2398
2928 2456
176 806
614 1272
1260 1567
1326 219
1582 3177
2057 3289
1822 2702
1785 914
3301 130
1185 1393
2239 675
1379 1721
10 444
2455 3211
2807 2380
2208 2976
2402 385
2346 3301
2739 2810
285 1973
1462 1992
2261 1899
2071 2035
78 2542
308 2042
1016 176
1362 3026
976 3137
2539 1310
2480 1200
2751 766
524 970
3082 950
979 3108
3135 399
2088 2314
1263 748
592 1936
2786 2189
3206 1282
2782 159
32 2905
1906 2519
2742 3298
960 770
3370 95
1945 1590
1963 3042
3217 2523
2301 1936
2531 1731
2314 481
151 2166
2529 1469
3108 1735
3073 2288
831 608
2581 820
357 1678
473 2874
3380 2211
2728 49
2796 2728
1481 1227
2385 2548
1002 2399
1341 2052
3339 813
882 454
3052 3165
2504 2311
2715 608
1329 1389
3124 489
30 2206
2051 211
2226 3386
734 3213
976 2330
813 695
2040 1606
1271 2918
34 2406
681 223
1342 3387
2080 2593
323 2513
2625 1409
2166 687
2963 378
2980 2305
2108 32
1310 1250
1477 1476
612 1257
303 125
798 3307
1295 1987
1895 1980
2118 1244
2504 2448
1810 1110
2497 393
2431 2589
2925 3149
883 379
1560 2859
57 3356
402 884
1290 1579
1874 1292
743 1183
1243 1153
2888 2496
1406 398
1017 519
1171 2157
351 608
948 3217
2958 660
2751 1858
273 3073
981 171
966 2187
1820 670
2508 1187
2573 324
1318 576
24 378
2676 219
1935 2719
873 537
2021 3264
1203 2025
366 551
2549 349
63 1588
1113 1156
330 3026
2630 2859
1109 1949
1720 2890
3330 538
1823 3185
2901 1347
2958 2793
3109 2789
1362 3159
3171 2999
835 1329
2436 262
886 727
2593 2135
880 1899
365 2812
1593 2848
1855 3243
2068 1093
1056 1936
1059 3206
11 403
1185 31
113 2314
557 1592
2771 979
529 3352
2184 715
326 2380
78 2199
1758 1899
1111 2937
727 3386
2391 2387
950 2316
2715 294
2051 1393
1182 1487
2424 834
3004 1784
2453 1565
12 820
1626 2771
1630 1038
798 1084
1887 1874
1973 3194
623 2654
2918 2109
402 520
260 1319
137 2051
2414 3053
968 1470
673 538
2796 176
2388 1134
1040 1899
2779 2009
2189 1303
978 486
1601 2206
2458 3365
1163 3136
2519 82
3031 2542
1747 3108
2680 1592
853 1926
1379 3163
1632 1111
1249 2305
3211 435
1244 1014
107 853
2918 1907
2691 2577
2342 990
3310 2231
909 1810
2516 850
530 1034
259 997
2531 58
1185 1845
1182 797
892 125
2456 283
44 2615
1850 3047
2963 1227
3204 1318
2931 441
678 3340
1947 2296
2708 1214
2504 1789
1486 199
78 390
2482 1049
1119 3156
2577 2921
1561 3217
605 601
170 536
1105 178
2918 1184
1622 514
2431 3111
2537 1720
1470 2668
1855 2069
212 1105
3340 3111
766 44
62 1767
1244 2432
1973 2755
1330 589
2249 2549
2325 1188
2050 2925
2364 1921
34 2879
457 2713
2965 1243
1080 930
692 831
680 3289
874 1717
659 2696
2810 1078
2601 694
3090 2787
2713 2678
853 2675
2431 65
3352 2658
2180 944
1924 1868
809 963
432 1519
2682 2239
2661 1076
1272 567
644 1899
3341 30
1925 2700
2307 1548
1569 1755
2764 1105
2504 1427
1204 2342
1129 25
1717 2057
985 2460
1096 532
3302 2851
2379 2322
276 1981
2950 2296
2483 2235
2845 2670
2146 2529
1971 1548
1312 2815
3380 1431
3090 2524
2097 2359
1153 1132
3053 1292
25 587
2061 1134
2060 1863
289 2965
2971 186
1295 676
1080 2959
2129 1270
2771 1585
1868 861
1329 679
854 1981
2770 1504
1470 2632
378 697
1209 2522
1928 2256
633 3272
1900 492
225 1343
1846 1080
1938 10
2977 321
2260 2385
2574 538
1900 1141
2918 2343
1342 569
2184 1307
3187 1835
1899 234
2362 323
1592 2989
379 1848
135 617
953 1035
798 1042
3006 1651
225 1953
1038 824
655 1227
2051 2616
1462 3103
1831 237
2377 2378
3031 2972
1797 2071
956 393
2851 2586
355 193
1752 2918
1967 2771
385 3312
95 629
2742 227
1900 453
1660 324
2832 3042
1900 1500
1017 1199
1032 764
1828 2305
1790 2377
884 834
1605 225
2157 2843
2170 2859
1949 2242
2314 1951
1740 1183
1185 113
707 813
1686 1363
3292 1295
2230 813
426 3227
2824 1899
2514 1664
1486 1690
894 1272
1829 1504
551 1236
1940 185
1046 2516
1555 717
1470 3201
601 903
2603 1949
2749 2021
551 2987
1622 2147
2184 3225
332 1486
473 1457
1470 2566
1181 1874
527 1544
2483 2520
2568 330
1973 2457
83 1470
1338 357
1632 1418
479 2708
2870 2530
1203 754
911 2
2789 201
2009 627
483 2931
1710 1651
2352 1367
2456 74
3375 1414
550 2334
2548 2801
327 412
41 1849
2526 171
2385 251
219 3002
1737 1440
2688 1119
1295 2499
2728 2939
3362 3305
2979 670
3339 1874
2053 2593
1882 2359
1899 26
3190 1362
2189 1561
1835 2081
1868 2016
1300 2077
3206 88
2071 110
1294 171
1697 1414
670 1241
1225 1900
1855 322
1034 331
63 1680
2798 2860
1493 1463
3013 1034
934 727
2844 670
294 2011
1810 2248
1329 1242
1341 3186
890 2009
2531 3007
429 944
3077 2483
960 2463
175 343
804 1329
1366 2490
3293 2478
727 857
2399 1523
393 1840
2845 2784
951 2314
1244 2928
3075 2728
1860 1935
2515 764
1909 34
1227 2083
710 960
589 2002
939 2145
683 1386
727 1392
876 2801
608 64
3153 1290
135 429
2591 1544
2019 1973
2522 136
734 1224
3264 1882
1087 1052
3310 1189
44 3339
1835 3082
1105 3363
1140 1187
163 2279
158 30
2166 1868
1856 402
3362 673
1823 1029
2592 2958
1569 386
386 2144
262 2995
1940 3309
2708 2562
1208 520
1428 3340
1375 618
1400 3217
3272 2743
1167 1664
432 314
2549 295
550 379
2908 2471
849 600
1850 3240
518 1638
2140 1034
2367 688
1290 1300
944 1361
275 1257
1036 1363
987 1981
1038 2977
1555 2373
1755 2791
1244 1344
2530 2218
2367 2993
1831 1026
1322 2848
720 1263
2659 3365
1699 412
323 2245
225 2741
68 2398
1835 3314
2535 2352
402 1897
611 2483
1593 30
1310 1914
1012 3211
1257 624
1363 1162
378 1519
548 17
941 2258
1224 2888
644 1134
2305 2952
402 693
531 2398
3293 933
1406 3371
819 1644
642 969
2456 2885
400 2549
2623 1379
1319 3324
982 2391
1686 3171
1166 713
3387 2187
1973 19
2086 661
976 1145
2749 1506
2400 2004
913 321
94 3212
398 2908
355 3060
2786 1863
87 294
768 1755
1347 2303
2352 304
2728 522
1831 2582
123 1737
1462 1443
1739 2077
2540 357
261 2531
2958 1337
3366 713
432 1777
1186 953
2541 3380
2848 3155
1698 219
2111 159
2480 1227
3217 672
1769 1493
355 693
813 1746
30 751
1486 1782
1402 2810
2082 1052
323 1745
3095 2184
3056 1823
1637 1810
147 1119
681 1697
2931 1635
1392 2208
302 2702
3361 454
1555 855
83 2258
1246 551
1895 1395
3252 1925
1582 3050
659 2470
57 608
1530 1263
1290 1294
952 3363
3341 2226
719 403
402 2539
327 285
2797 2516
1422 125
3161 524
262 2780
521 2721
3046 219
1227 2201
1295 2607
1957 1151
401 2380
2385 356
2108 125
2541 800
1957 768
112 2222
2756 538
2774 1363
494 3042
819 2142
2756 939
2629 2965
1315 1257
2827 787
2875 713
1849 2425
595 1119
1491 1418
2644 3362
2455 3206
1674 2749
1169 814
575 2653
3196 1076
1622 2590
1767 982
726 2296
1260 2771
2486 2713
1522 1227
2324 233
3088 565
1216 2015
1677 43
2918 1201
2208 2831
1603 2598
491 3264
2422 179
982 2367
2219 1295
1800 403
3353 2238
2042 2628
2702 2809
2549 1660
729 2483
790 343
2367 665
1229 1163
3090 1519
1486 83
1473 1486
1573 1696
816 2490
130 939
2004 751
507 764
3327 1493
3327 914
2856 1737
1670 727
589 895
2777 2798
1270 1635
1388 2004
2478 2080
396 30
1406 9
3171 3034
758 379
2202 2720
3360 1504
2391 2288
3068 933
2858 1717
386 3260
1272 2341
2276 1949
1025 2077
2293 679
3264 506
998 2
1470 2892
262 2928
3146 1582
1618 34
989 738
2908 865
1533 542
192 3053
1973 2814
3060 969
1835 3256
1767 45
2958 1860
2516 2020
1869 3289
40 44
575 2820
858 2364
804 1290
626 2845
197 2359
1546 800
1810 1121
61 566
3080 2187
1062 1592
2601 377
3264 3118
171 2102
3 2810
3292 1318
1592 1775
2666 1664
2398 3223
1439 2908
978 351
408 1835
1004 1555
2949 2431
738 2693
1636 1347
2456 606
2305 1061
1998 1183
43 1579
2010 978
1548 1222
2239 717
95 1305
2736 2157
393 1087
2377 2219
2979 2704
1497 1622
2742 790
1545 1737
1936 420
1555 1690
746 3052
417 259
3003 43
1936 2426
327 571
1893 2367
2798 3129
1850 1473
1557 1329
549 1895
1011 2293
2490 342
1497 853
2728 1313
3235 386
1684 2888
1831 2089
2375 2187
1376 1462
1193 3124
729 800
1884 3004
1008 1342
3362 2847
1185 3022
432 979
2811 538
2189 297
2504 1525
963 3199
1643 3278
600 1168
359 365
3368 17
78 1680
2293 3361
1648 952
2925 1988
1182 2615
606 2702
1554 600
417 939
1638 1065
2527 2238
2071 2086
2179 1973
454 1129
2713 497
1068 2504
2657 618
1357 61
2106 1664
3042 2381
2925 906
2958 1438
1810 2446
3203 3362
500 1945
771 1319
738 860
379 3315
1562 2279
2525 953
843 1900
349 1940
2325 2089
2781 2293
3360 1544
1901 1080
752 3211
2308 1153
3188 2751
1083 2431
384 1589
2771 195
3050 2519
1698 1699
2154 1945
3013 2398
1628 953
2780 1935
1517 1036
3167 1835
1289 2325
2214 820
94 2888
1793 1263
1925 1964
1735 2749
2516 333
1076 514
976 3128
1023 2208
2351 670
1981 2018
2490 24
3264 1311
1466 813
1940 1528
1508 813
2917 2720
2407 3004
707 2422
969 1697
2208 392
813 1431
1651 617
159 1221
3312 1666
2130 95
1957 2560
1240 259
43 2935
1319 974
170 348
2515 3301
2397 800
1831 1122
819 1590
2617 819
498 985
3356 1983
1406 2183
1041 324
2598 1229
1576 1606
2187 650
3172 537
2810 611
255 95
2175 2184
997 670
426 2459
1295 673
2909 1486
2226 3190
2545 1119
473 1539
3244 3217
1203 1147
1801 1052
1185 1215
341 538
2654 2644
2664 3171
460 1810
2256 1525
2709 3090
2802 873
1222 2296
2496 3088
2885 1767
2380 1515
2129 1295
2264 1200
2646 978
361 2965
1419 2184
2004 2169
1863 241
2307 135
3042 352
1544 991
2009 1327
1857 1510
2184 833
1262 1412
1573 2092
78 1301
262 1175
513 661
2522 1239
186 1676
2009 1769
135 556
513 262
2133 10
3042 3005
997 1163
2486 1899
2554 1153
729 432
1925 1528
2453 816
355 1955
2431 1869
2187 610
670 1708
330 2198
2619 1163
2685 17
1667 687
574 1206
2431 2571
2742 2563
1544 2156
2013 1767
2927 2934
713 1071
2183 1076
593 658
455 1262
853 3240
862 262
231 30
939 3019
2745 692
2340 78
1206 2192
379 534
1486 1539
753 2483
1844 969
914 2417
1931 112
508 2482
378 1346
197 1270
538 2943
2580 1052
2226 827
2504 2289
2477 538
2530 83
3152 3272
853 3223
276 2004
2757 1895
214 1362
1451 95
1802 43
1108 1208
21 764
454 518
424 1720
1869 343
3166 3084
1529 2482
2771 234
219 1089
129 2713
1625 2238
1850 2803
594 412
95 1488
2338 2728
390 2728
2295 2802
1776 2322
978 2897
1029 3031
537 2333
25 1944
472 473
1017 631
1137 3171
1849 1752
2422 1859
3272 1864
2720 1658
614 1414
773 1717
2208 1400
231 2925
125 1108
1894 1592
1606 2796
2210 379
2359 2617
1752 159
834 1800
1699 2396
30 1983
2431 1098
2820 1418
2908 372
225 2430
2750 978
2504 2502
1105 1428
2937 1533
1141 1153
2729 2334
2673 219
112 1112
1899 1566
1212 670
463 2187
17 3190
43 407
464 1414
2104 1038
3272 3367
1361 1835
1119 2282
323 2881
2766 1185
3356 1380
716 25
1101 713
622 2157
2483 1571
3360 1216
170 1565
3034 2654
181 2531
2832 294
727 1813
1957 1570
1272 405
1667 3365
2402 2746
1462 1663
600 1240
1522 798
683 1862
1409 150
72 2601
1329 632
2549 2862
2789 2407
1849 930
2380 1228
3050 2004
600 3114
311 2004
185 1470
738 917
919 960
541 3052
30 736
1612 2238
2184 2271
3122 798
3274 1582
2719 1638
2287 2208
2749 1529
2129 3310
2859 253
1319 204
233 1327
1887 225
1831 841
151 1585
616 78
