3584 3579
589 3315
3377 3175
792 2064
690 1155
2311 2444
1437 2068
3529 1717
1009 1390
2384 579
1052 3528
620 1781
3413 66
3413 1261
317 620
3272 2452
1316 2630
3474 1888
179 2620
1255 254
208 220
513 3366
1155 1778
2155 517
642 2104
3334 2495
2008 2242
1618 1770
187 2652
1712 995
2664 2250
1161 1318
243 2512
1030 3529
2154 1489
3219 2335
2354 2255
3529 1263
1501 704
1961 517
2660 1862
1059 2790
731 269
1351 821
3060 1591
2266 2878
3435 2242
1059 283
3060 324
2136 2276
3450 3334
1378 3180
792 1427
1489 2413
3175 1425
792 439
1677 179
893 1618
2966 132
3157 603
1112 2404
1703 2231
642 2227
908 1397
724 442
902 103
436 498
513 1812
89 2348
149 513
2303 2882
690 437
915 724
3491 1652
2161 1143
2078 1059
1155 2013
1878 827
3313 436
200 2266
3194 739
2061 1703
2187 3157
3157 2247
1873 739
1948 2266
2976 2471
1793 3114
254 503
2840 2335
286 712
208 141
390 2637
1285 1397
1161 2356
2471 3495
3020 2637
513 3565
1237 1802
1166 2384
3405 3528
2693 3558
1397 1942
3367 2303
3363 2303
792 1225
2947 3039
2381 1988
1936 1215
940 826
2094 2113
3 3060
1762 1801
1061 436
3578 1474
1759 1888
187 370
257 3157
191 724
2080 826
3559 1523
857 187
1314 2637
1066 3062
1932 3529
2676 2664
3334 1991
2163 2335
2653 2433
2488 2034
2209 3090
826 615
513 200
2354 1788
230 2637
1390 3104
995 1371
1378 1246
3315 2838
2737 3491
1333 604
2481 2384
274 3272
3234 2653
1899 3334
208 299
164 902
159 787
3293 2474
2203 1983
1283 1390
828 2898
517 1541
1507 2317
138 1802
1437 2502
3413 1241
1368 513
1365 1161
1161 1098
2913 1378
2335 3160
2036 3470
604 1755
517 2981
62 208
1750 187
998 3214
2963 2637
3060 3138
956 437
697 1024
1493 1802
3157 3557
187 775
247 3272
2642 2847
3315 1004
827 3150
2328 2335
1437 2090
2703 1789
826 510
2993 3529
2036 2701
2354 245
1489 3043
1703 3093
3386 3315
278 826
1433 1523
2250 3315
2791 918
642 2140
89 1898
1919 1143
458 3156
3474 3528
1523 3059
2939 2791
2767 1489
517 2349
2660 1559
594 1351
2593 395
286 1096
1982 2311
716 1155
179 748
2791 2865
495 1059
2653 3580
88 2733
2210 2630
2276 898
3578 2951
2266 2853
2184 2637
1762 649
2399 1171
157 1351
1644 1628
221 1703
2384 2550
3494 2166
866 2471
1397 51
2311 3255
2408 3334
2622 1762
682 1059
2584 826
1437 3069
1680 208
875 1789
2367 1437
2592 3006
2931 1024
1340 3491
1925 3491
3090 2461
2340 1397
2242 1758
208 3322
2700 2488
3175 3438
187 1086
89 1516
1397 3256
1630 2031
724 3087
856 2094
1840 604
254 2906
3075 1789
497 1976
691 995
1378 241
2168 208
118 3156
502 620
1437 1153
2675 2664
2871 1618
3090 3392
327 2471
2036 3288
2448 2203
373 3272
2354 1414
2627 1066
2844 1143
88 359
1608 3175
21 1703
88 2552
3433 2036
201 437
2166 67
1513 2303
436 2902
2094 439
1876 2311
1601 731
2137 558
1066 3196
3131 3175
102 731
1351 1144
437 2599
497 3293
826 1263
2471 1899
724 580
1810 827
3157 2559
446 1024
2560 2266
2208 513
2910 1565
2311 245
3175 818
1306 2630
2921 2036
1936 3248
2399 2526
1066 1743
902 2385
876 2664
1066 2577
89 976
167 1762
1709 1066
2836 1143
85 1059
2625 1075
1139 437
2311 1450
3529 3494
953 827
3039 1326
1437 2811
208 625
857 3006
507 1414
1977 254
1296 739
739 2864
2036 512
1937 2303
88 962
1988 2595
3157 2199
1788 3175
3057 1397
2276 1027
2671 3293
2333 2512
3039 2530
3060 1286
2147 3413
2145 562
449 2488
1963 3529
1143 3509
2484 3529
3529 967
1854 517
3039 320
234 1112
1606 3157
988 3090
3060 1362
2613 2630
1788 3578
517 3394
2279 826
2384 243
2251 437
2109 3491
731 2392
469 1630
2637 136
1998 3175
2276 3566
3272 2292
1628 2598
998 2080
373 1161
3315 682
1193 3272
1326 2354
2304 3157
2203 1017
3156 1688
88 47
363 2276
2395 2166
3022 1703
2498 2335
826 1021
2826 3090
1863 2642
1925 2488
2145 2660
1024 3301
3461 739
2694 826
826 3019
2420 1703
3090 832
704 1011
3583 2094
1261 2266
3102 827
2653 1729
2424 513
471 3334
382 2664
839 2399
732 827
513 741
1059 3091
1628 1217
2488 3296
2298 3060
213 724
1570 1565
1437 3047
1024 3118
1976 2385
995 320
2311 246
562 1167
1630 2717
3175 162
56 2266
1123 3157
995 2814
676 2664
517 1710
3577 2642
787 789
704 803
739 1180
2943 1143
1675 2637
3253 2354
30 1793
1630 1482
89 349
2311 820
89 576
2242 16
787 146
3183 2593
3387 739
1565 2080
2471 2461
3039 2665
187 589
3528 3084
2354 3247
2243 792
1489 240
3491 700
2637 1023
1095 1793
1950 2488
581 1888
2094 2473
1437 2496
3409 3529
898 2354
731 493
3569 3413
2593 2287
2419 2166
848 2593
3067 562
2512 2314
2094 3089
1706 132
3334 2300
513 1096
524 2303
2324 2625
1762 3243
512 1143
3529 579
2589 1378
2202 2276
132 2033
1824 2094
3175 3508
1390 657
2062 3528
787 2306
50 1059
2693 1282
692 704
1378 2888
1437 2918
2506 3529
1014 1437
1879 1397
2871 1390
1523 2709
2806 3039
1437 2172
187 860
3272 2881
1418 3578
1523 2066
1672 2266
3055 562
1698 1628
792 1316
2762 1437
2094 1041
1888 459
1105 724
507 3397
3555 620
1066 1563
132 1515
3054 3529
74 286
704 847
3106 1143
2399 2298
1827 1161
1047 89
1762 2143
298 2166
924 731
2481 1565
2850 2094
1725 1936
2751 2653
2740 2036
2166 183
2593 1715
2269 2311
2916 187
2625 3453
902 3043
1489 1433
3528 3388
2660 1093
998 1182
513 3008
558 1711
2512 878
3460 2664
1888 2336
3156 1387
2653 1013
2203 1799
2653 3471
1802 125
739 481
2642 1704
2977 89
2242 3463
3528 2983
1581 787
3334 2021
1771 724
3330 1489
1789 679
3491 446
3175 118
2242 880
2637 2167
3258 604
2625 2905
2791 1017
3016 507
2036 3292
516 1155
254 2872
2743 2094
1789 1366
2386 620
1973 724
2567 3060
3037 3060
678 2399
3514 2898
3060 508
151 1565
1762 3456
1513 1378
2944 902
3501 1112
3184 1112
2483 1390
787 3184
787 3430
1111 3334
2968 1618
2593 666
3578 2295
210 1988
3529 1673
1378 1865
604 2452
3491 1218
2664 3432
795 2166
51 2664
1762 2313
792 1904
2452 88
1762 2188
642 1182
3090 2050
3039 1359
1756 998
998 3476
3008 1066
88 1282
1397 1847
524 1630
1565 3542
1565 1753
889 1155
2166 1599
488 3413
2651 179
424 2036
1448 436
1464 1143
3090 1485
1802 506
2881 3090
3156 953
254 2459
998 176
132 537
437 1175
998 1386
2857 2630
716 2630
902 180
3090 1109
688 513
1888 2644
604 879
1378 2240
254 750
2484 2242
3326 3090
1523 6
558 1698
2415 1630
1437 2837
1630 2802
2718 1988
906 1628
1232 179
2297 3491
642 2841
2027 179
3369 3060
1833 998
562 1148
1988 3019
2311 719
2395 1976
2303 3221
2469 739
2354 343
1489 214
1630 2462
562 1296
1530 89
414 2036
3413 1525
1551 517
1143 2551
513 1608
558 2249
517 1190
2593 3162
507 3125
5 1628
3338 1630
3415 3157
3082 3315
1378 3095
1988 2970
667 1628
1397 801
642 2738
750 1390
1793 2839
2399 2249
3006 2632
1933 3528
2203 3357
998 964
3516 3006
811 995
650 3272
2791 397
3430 2642
78 179
1070 436
177 3334
3009 1789
1988 3468
28 2036
1720 562
1390 2589
2630 3281
1143 2779
2380 3039
1326 995
1703 1592
1936 1852
2602 1507
2095 1143
595 2653
2273 1630
1112 2726
3330 2637
187 2340
1986 179
2322 3175
2593 3319
1486 2266
704 2616
2354 3506
288 1066
3145 513
1760 208
137 2898
2072 3528
1366 1789
2123 1888
2384 442
286 3257
464 3293
2597 1161
864 1793
187 2258
2036 116
1244 3156
3170 2242
1089 3334
507 749
2237 2335
1976 1124
1024 1412
132 3210
2664 423
517 3368
731 211
1502 724
2512 404
3293 3397
2512 991
3006 3477
98 3039
2814 1024
1066 1615
1975 2630
1112 1000
3085 254
2036 1249
3309 3060
2354 2115
187 2049
1630 2282
1161 2389
436 2685
3156 1299
3006 3357
517 258
179 707
2340 507
2036 2919
806 1143
1015 3334
261 3578
1476 1351
2354 638
2296 2637
631 1507
3529 2563
1059 1799
3394 1066
3528 1182
3272 17
3006 3220
2662 179
2665 739
2053 2593
1652 3175
1445 2471
2384 2522
1194 1143
2825 1397
1703 1046
666 731
2094 2976
576 1489
89 395
588 1059
1155 1506
132 2476
286 1177
208 2949
2898 2793
827 3564
637 562
611 2399
427 88
551 3039
745 208
1488 731
1724 2660
1326 1024
3429 1976
921 1351
420 2791
1898 2266
1864 2266
2653 770
612 792
1793 752
324 3272
3198 3090
2618 562
3016 3175
1372 2276
517 2542
804 998
2303 1724
1618 735
1667 436
513 1981
253 1630
605 787
1628 1258
3529 609
1838 179
3039 3464
2488 582
3018 2036
38 1793
1936 275
2702 3315
2521 2384
2002 1888
2396 2898
1390 1921
3111 995
604 1704
3317 513
103 2276
3529 229
2106 2266
2512 2366
1291 2471
1507 2704
3006 3076
1618 2157
562 978
3006 3387
1484 2276
2401 2660
1066 1761
2637 2603
1143 1609
3006 334
1140 1630
1351 817
902 1297
3304 998
2054 3491
3492 436
2412 620
1988 3507
2379 2488
735 2512
429 787
475 2335
2637 3289
2653 1308
995 2119
3453 998
368 89
2471 1689
558 1529
3578 1209
2660 2359
2625 2745
792 285
642 1714
1685 704
3578 470
549 562
3300 1628
3529 2728
878 2512
1217 2311
1780 1565
3090 1910
902 3511
2573 3039
2956 2637
3060 1968
2450 2203
2471 298
756 2637
3394 826
2705 562
2606 558
3270 3156
1511 1618
2781 2242
2962 1378
672 562
2266 3424
995 319
2629 1988
998 892
3491 244
414 995
3413 2095
806 2653
1112 2267
1565 1295
1630 1052
1106 132
187 422
355 792
286 1120
132 2729
1378 2264
2036 2851
1437 1199
2471 1346
111 1703
995 796
208 2616
3039 1835
995 1960
2784 620
605 1437
1059 1033
3206 1565
1092 1437
254 2459
1022 1936
2785 1888
1161 183
1921 254
3303 187
2276 1217
1378 563
551 179
1883 89
187 1871
3293 2558
2266 3425
1142 2354
2194 1378
3484 2664
1378 817
995 1871
1281 2399
787 174
720 507
2192 724
3156 3101
565 179
1888 99
1378 3064
416 1437
2722 208
1789 778
573 1161
3442 286
2660 3261
1161 1004
1221 558
436 1606
3315 618
746 1507
1581 3157
98 3529
2303 1137
1341 517
2947 2630
1742 1489
1058 2166
2512 383
3166 2203
2272 1888
1155 2101
562 336
1378 1865
1934 437
2471 1464
2157 2399
2540 3175
1514 2276
1523 164
792 1352
2607 1565
604 3557
2503 2471
724 1847
731 2497
1623 2630
2653 25
2798 2036
513 2877
3073 132
1066 3033
1830 2303
2653 2456
1261 3060
3558 3491
1793 2345
2871 1351
2546 3491
740 3293
204 517
1730 3578
2245 2471
3272 3045
1112 585
187 2823
2707 3529
3043 1378
2664 2778
1024 3031
827 3285
2760 1112
792 1091
2586 995
3200 507
3195 1936
1489 2855
1873 3039
166 3157
2642 3434
2549 187
1618 2161
3115 2311
2625 964
113 792
2091 2642
3578 1296
826 2068
922 513
275 2593
1791 1378
88 3200
2902 2399
1939 3272
3482 995
3506 2664
562 1572
2637 814
104 436
2148 2693
1101 558
3315 156
1628 2234
3575 507
2905 2471
2095 1155
3218 3528
3272 21
3088 620
3018 1628
3521 642
1001 1112
902 1461
2625 1576
1890 2354
3529 779
1652 620
2761 1437
3342 507
3529 2773
787 859
181 517
2769 1489
135 731
481 827
1509 2637
1893 1390
1762 1663
2662 620
2591 1936
642 606
2303 1098
298 3060
3156 714
2858 1066
3130 704
2242 1776
1628 3368
1449 132
2266 3563
3479 2335
1024 993
2270 2664
1002 507
624 724
2625 1538
1066 3173
1554 787
766 1523
1066 205
1236 3175
2398 724
1505 254
3576 3529
2799 1059
1704 1628
794 88
3060 580
2653 3262
208 1919
2094 2549
827 2852
1783 2335
1137 2399
2276 3056
436 469
3006 2391
1834 513
3224 132
1802 693
2838 286
2242 2909
2693 2800
1919 513
777 436
17 2094
2327 1976
2094 1502
88 550
2354 2586
1512 517
1199 2399
1161 3112
1594 562
3175 3110
2367 286
633 513
1523 817
3040 2593
1378 2595
2323 3315
3055 1762
1130 3491
3101 558
2741 1789
2531 826
208 843
2512 3116
2534 3578
2018 179
2637 825
2630 1478
43 1437
332 3529
1813 1024
1904 1024
1112 503
2288 2625
1397 152
1489 1725
1673 1351
2191 1112
792 3452
2399 1803
513 1615
254 2012
3 3528
2242 3422
1032 1507
254 2911
49 89
132 3019
251 642
163 3060
2642 1017
1976 347
1521 1789
562 1800
2079 604
2094 137
2266 2083
254 1509
1512 1936
2036 163
902 1097
3136 1155
3454 620
998 850
1161 1556
1902 739
1558 995
1161 2973
192 2471
1059 3548
437 842
3437 724
3272 877
2799 2276
3529 2912
35 2036
2212 558
1630 3366
909 179
2664 2343
1402 88
513 544
132 1493
1630 2913
208 784
2446 3413
2036 1935
1397 743
218 254
1987 827
1059 773
2303 3048
2018 731
739 2617
2488 3249
1630 2827
2693 3084
1789 711
104 642
704 3562
758 2653
1390 3344
2111 1793
2825 3090
1575 1378
3085 3491
1155 1303
3529 3112
179 981
138 1351
2684 517
2242 1799
3491 1691
1331 2660
2625 3200
179 144
3408 132
1143 1256
3528 193
2488 1425
208 172
436 1590
1998 179
731 1187
2791 1505
642 1866
2630 2774
1059 140
2880 1397
2610 2637
2399 2098
3554 1489
642 110
3491 1877
2664 1495
2101 2791
619 1059
1936 606
1066 2997
740 1155
3578 202
3426 827
1565 1691
2256 2653
610 2664
397 1789
1802 2334
1066 1906
3090 1313
1724 2630
3006 2034
3052 3315
1873 1630
864 1936
1658 2630
3090 390
565 1507
1628 2728
1523 1253
387 2471
920 3315
1288 2593
2637 336
1252 2898
1112 2743
787 2073
1793 3330
1807 1059
1793 1734
1160 995
2625 1091
313 739
2303 2716
2898 2546
562 864
2791 993
1397 3345
2841 2660
1143 1622
3413 3533
1826 2335
739 983
2335 2699
1685 995
903 2384
3479 731
3293 2972
2660 50
20 792
707 3090
397 2335
2847 1351
2660 2102
1463 1802
1209 2898
1126 562
216 2637
1762 905
991 558
3250 517
3539 2630
2664 641
3272 824
1161 3257
2242 471
1076 2276
1630 1369
826 177
254 3469
1246 3293
3168 1630
990 3413
1744 3157
2026 1059
1112 1029
443 1888
2630 2416
809 739
1628 1154
2289 1789
3061 3272
2716 1161
1992 731
1059 25
1589 1789
2664 1286
3090 2667
3006 743
1628 834
1615 2488
3519 1802
208 2252
21 1437
2121 1630
2816 2303
2131 1024
1630 1887
1413 902
1628 2726
70 2036
929 1523
2474 1378
2630 1585
3413 944
3396 1976
2664 2589
710 2630
2399 700
3039 1819
2370 1024
1793 1589
3041 3039
357 2311
1578 2311
1489 3304
817 3157
1161 1960
933 286
2094 80
254 1461
2266 2564
2229 2166
1627 3491
300 2266
132 2020
132 932
1195 3156
3249 2335
2166 1915
254 3496
187 2438
451 2630
1743 1762
132 2407
1186 3315
927 1789
1870 1143
2036 839
3129 2399
2488 631
2311 3403
2953 1378
1666 2642
3529 3150
965 2166
1059 328
1338 1618
2790 2242
2114 2303
1112 1678
2669 562
1714 2335
1008 1437
1992 187
1630 16
2432 2166
132 2655
1942 2512
3002 1762
3090 2356
208 239
179 2262
1784 1397
1936 2160
3536 558
1397 56
1489 2670
1489 3021
2747 3039
2017 2630
1242 826
768 827
691 3175
1155 1547
2054 3156
1302 902
2276 1916
739 1457
620 3114
704 2744
3334 344
254 2756
3272 2935
2594 2637
2094 293
2593 2543
1703 2152
3002 2266
2791 1237
2311 2474
2625 897
1618 96
1936 865
1507 255
437 712
1683 2488
1988 884
995 2146
2354 3328
2625 2163
3334 3010
2439 3272
198 787
2791 3540
2626 1024
2550 1066
1890 2335
121 2693
3426 1390
2589 604
2203 2665
437 706
3213 1024
1643 2094
2276 1021
359 1628
254 3583
731 451
95 1630
1397 1797
507 3571
2791 2312
1703 253
2637 1169
1132 1351
878 1489
787 3508
1337 2660
1143 597
1515 1628
2036 1959
507 1819
1507 2527
2799 2036
2980 2203
3262 1161
1467 3060
3315 750
2528 2630
1024 2468
1378 1011
286 2469
998 3108
517 3228
3293 3122
2490 1976
770 2311
1378 1537
3413 1824
1234 2335
787 3580
1986 3315
2379 1059
2983 562
1760 3039
3315 2367
3104 3315
1475 88
593 2303
1437 3187
1634 1378
521 436
1112 2858
2036 550
1155 3017
3334 1701
1134 1378
89 3488
2625 195
229 704
802 2660
1963 2630
3476 507
2651 1762
2898 1656
199 2630
2512 3263
2152 208
3361 2660
998 754
3134 1161
1565 319
3090 3553
1437 2167
3413 537
1112 1699
2512 2709
780 3006
1920 3578
2203 1691
1650 731
370 724
827 1614
3334 205
2242 1960
2203 1033
920 826
2303 1342
2966 739
1157 1888
437 2426
2617 1507
2512 3326
286 539
2094 3242
3528 1453
1802 2753
2695 2303
1290 3315
2642 3484
731 1003
724 3377
1143 2520
2693 3584
3543 1378
1628 2986
2786 3060
1573 2094
1010 2512
1489 2763
1397 2475
1069 2693
1628 322
2335 1007
2693 1841
10 827
1797 1378
1414 739
518 1618
179 26
1294 1618
2036 3554
1373 1397
1888 2587
1440 724
3323 436
865 2266
2322 2036
2399 5
642 331
1066 376
2166 123
912 3175
1647 2593
2956 2630
1678 2335
1701 179
402 89
642 1910
1703 2745
826 1600
1437 679
2276 1352
3452 436
2552 3157
2628 1628
2070 562
2898 985
2266 2165
1936 626
998 3257
1789 3580
1437 2794
423 1155
855 620
2803 1523
1437 2289
2871 2094
2791 1560
179 3107
1565 1099
327 1523
1565 870
3524 3528
1952 1351
2960 1059
2423 2653
763 642
176 2311
2738 3293
3090 3077
3576 1762
416 2303
132 1648
1283 704
826 1421
3526 1888
1507 1102
1066 2444
1574 739
2071 517
2103 724
398 436
2303 1237
2660 3049
2125 2311
2731 642
1419 1618
1604 731
2146 507
1705 517
1301 1437
620 2214
3528 842
3201 2898
2653 1224
2266 1908
1155 976
3039 3481
1854 995
3060 2360
1867 1936
2311 1581
2094 2312
2276 37
2045 1703
1091 2625
453 2791
132 2913
487 3528
459 2630
724 2237
3315 304
2471 1302
2508 1988
998 758
724 3129
1703 1458
1565 1861
1507 2408
2471 2826
2166 3079
687 1489
1088 2203
704 2539
2488 1664
3166 1155
179 949
282 3060
995 1476
436 22
3020 2488
558 2134
2036 324
3502 2512
2778 1378
87 3090
2303 3524
1386 2311
1762 821
2015 3156
2625 2701
3272 1367
86 558
517 1495
902 837
2399 3158
1936 2333
1847 1976
1694 1378
2693 362
1936 1081
3350 88
79 2593
1599 1066
1565 2942
2659 2642
1762 2289
1640 2637
1963 3156
313 2399
1489 2292
2637 3487
437 1194
3006 1124
731 1503
2354 1326
117 2660
2596 89
807 1565
2660 1482
2263 1112
739 1881
1936 855
88 1237
1703 1856
3491 2650
3060 1135
731 269
3491 3255
3213 604
900 826
1066 2426
2335 732
1112 1455
265 2166
1570 2488
3189 562
507 237
437 782
3402 3060
2203 1724
787 292
1823 89
581 2242
238 2354
1351 1548
1023 1762
254 296
1703 1825
1378 28
179 2073
3528 2052
2703 1936
3415 1155
318 1066
724 1622
88 824
2303 2291
827 759
1112 3344
2178 3175
2898 2818
436 149
179 2799
2090 2791
902 1765
493 1059
943 1155
2495 88
387 3060
1155 1427
1881 1351
255 2242
3528 926
1357 3039
2602 620
1086 2660
507 2734
2166 746
1793 387
961 2593
278 558
1618 1757
2266 2804
870 2471
286 2699
2399 711
1507 2468
2809 1703
1936 413
1793 2115
2266 1421
1894 2642
2985 436
437 3203
995 983
1609 2637
3512 1397
1858 562
3060 2016
1024 2891
3334 1283
1793 1660
1168 787
254 2825
727 2266
2585 1024
466 827
596 1507
2341 1936
2036 395
2660 3501
254 1568
3255 1024
1786 2471
3556 1565
3430 2593
43 517
3408 558
1390 628
179 841
3097 1161
1353 826
3528 341
1988 2464
1565 2871
2630 3553
1489 1642
562 2649
2569 3039
3528 3500
2138 1066
3529 2534
792 2871
3039 1152
263 1976
3390 1988
1565 3232
731 139
1220 2637
2094 1371
2311 2522
2398 2266
1397 2356
1849 1888
88 2714
437 1823
3191 88
1268 3090
286 1644
562 1620
2593 2872
642 1702
2399 2367
1066 1346
2354 22
3059 1936
569 2354
1489 454
998 2460
2818 1793
1871 1161
1507 1131
3175 1784
2230 826
2512 466
1703 1375
1146 2653
2471 3368
2512 3297
562 165
295 2471
3547 2242
2645 2660
624 1155
1803 2660
208 1986
2303 1715
3315 1286
2354 3145
2488 3551
1143 3449
2094 2816
604 1246
2612 724
163 1618
1638 286
2384 2369
524 254
1523 3044
731 2831
1628 3024
3181 2664
558 2816
1903 2664
3529 406
1390 148
1976 984
89 2046
1024 46
1977 827
1343 1976
2165 1437
2077 2653
562 2312
1059 2987
1905 1024
1161 2894
1058 1489
1161 1967
3044 2693
3090 1600
2341 2660
2633 2166
3157 3029
3491 901
2141 739
1489 801
179 2896
902 2809
3006 3429
2667 187
1112 1522
1537 2399
517 2064
2630 2722
1703 1643
443 89
739 2418
179 3556
2577 787
2242 1658
2632 1988
620 1542
663 704
3577 1489
2987 2653
1351 221
2166 2382
1831 2303
604 1082
707 826
2869 132
3006 1106
998 1001
2282 642
2427 3315
871 3060
1162 1565
2653 577
437 1495
1867 2660
2403 2512
187 2879
89 937
1035 3156
3578 2483
3452 2512
2399 1754
2746 513
1796 558
1267 2094
507 3365
254 2218
3157 3556
3090 2264
730 3060
433 3039
946 704
2630 2572
3060 1884
1143 113
1489 2451
1076 2203
2182 2354
23 2166
1478 1161
434 1397
2042 1523
287 1802
2637 3213
1762 352
2166 370
179 2999
132 2179
1066 1168
2593 290
1882 89
2266 359
1802 431
3476 620
34 642
513 1501
914 1523
1337 826
1780 187
437 2743
921 2242
3315 279
3175 2248
2695 436
787 3494
1437 312
1936 791
31 1703
3315 3044
132 2673
124 620
3243 998
3060 2159
2637 97
792 51
132 2328
1059 2762
826 3101
789 1888
2991 3578
1449 88
1689 3157
1146 437
1603 1793
89 3463
1112 754
1024 1406
1437 51
3306 2488
286 1034
2727 704
2094 1314
178 2693
1059 2495
208 2874
2383 787
3090 538
2664 2027
1703 313
3156 2789
2683 3334
1936 723
1755 792
2878 2488
2203 2329
88 1877
368 731
351 3039
1523 1835
89 1796
739 1122
3578 3500
3334 1599
775 2664
1971 2660
260 704
1847 1988
2712 1390
254 68
504 1988
562 2429
1523 454
3578 211
1280 2898
3334 2582
208 2286
2713 3578
2819 1112
2653 2890
1618 2245
3060 1558
674 1936
88 2957
3444 2266
787 1943
1414 3060
3315 3552
208 156
3245 1618
1189 2384
1881 1565
1926 3413
286 705
1413 704
2642 113
3282 1024
622 3293
2642 118
1565 866
1888 455
1957 2471
2305 2593
620 241
2399 2450
767 2354
2432 2311
1169 3039
101 1762
1507 2362
2642 3214
827 2509
2780 1024
1988 783
3413 1009
58 1888
1630 48
2637 1890
874 3413
2471 689
1304 998
2593 1014
297 2203
88 1321
827 2971
2292 3491
1523 2708
244 1628
2036 222
2416 826
3195 827
2600 1489
128 3293
2384 1733
2652 1390
1528 3039
724 3498
2593 3083
2311 281
157 2653
98 2471
1523 684
517 950
1888 3130
604 443
1913 998
3413 2934
1024 2858
1785 3413
1458 3157
2399 3494
1437 2338
2056 3272
2094 2407
558 215
1093 704
252 1630
1618 2927
2693 842
971 642
1976 1206
2147 3413
136 88
507 210
1112 1573
2642 1379
15 1024
88 1426
995 2919
2637 2531
67 2303
286 3151
436 947
206 132
731 2510
179 1319
1018 1066
3315 2153
1628 448
2005 1565
2488 2333
3006 3258
2550 2637
3272 2780
1133 3175
1024 109
1755 513
2642 3582
1628 2091
1888 1478
643 2384
2384 3281
2425 208
2094 1241
1143 546
1894 3175
795 2354
2063 286
1766 1143
1789 3265
691 2203
2642 1019
2182 132
1212 1378
1390 847
1523 1829
1290 1628
2149 254
792 3302
136 286
2456 1489
3293 1770
2350 1630
2551 1936
1386 2664
562 116
685 2094
3543 1976
2630 644
208 2004
558 1788
1316 2094
2573 2266
126 1762
1888 697
1523 2298
604 900
558 2305
2776 620
2021 2094
196 2166
1620 3315
513 803
3038 1059
89 838
1660 1155
2693 1989
3116 2642
553 2036
562 1857
831 187
3315 1758
181 2625
179 948
1630 3129
2791 3314
1487 2642
1628 1526
17 3090
1191 2693
598 2354
1762 1153
3272 1137
2737 558
1475 3529
2768 2660
3255 2660
460 2593
3293 1872
1777 507
2488 2741
2540 2384
3146 1762
1983 507
2839 1936
792 1486
2236 558
827 992
2583 3006
2354 79
1988 1779
3410 1507
1161 3497
3529 3226
1802 1717
948 1390
3562 604
2469 2642
792 214
2567 724
28 1155
2452 739
2000 3175
3272 2992
1523 1518
2641 3175
3175 659
2335 3123
642 82
3157 3465
2608 2266
1825 1489
1793 2759
558 13
1133 1390
2555 1155
2637 1771
132 369
1161 3331
3578 3131
2848 2693
694 1489
278 1378
474 704
591 1565
2166 963
2593 1212
2311 1047
2513 995
792 3572
2940 2664
948 2653
2392 517
703 436
2898 3552
1789 3111
179 295
2630 983
2637 2684
1083 2311
2847 436
3156 1725
1969 1628
1565 320
3293 1504
998 2323
187 1822
254 1783
1351 2721
3278 3315
806 826
3267 2512
1781 2471
562 404
3097 1628
724 3527
1740 2303
1936 548
2660 575
995 2577
1910 89
2818 1351
2166 3257
1976 864
1342 1155
1813 1507
3034 739
1157 3491
1963 3272
286 3215
1888 2834
2994 88
704 1978
2263 1143
731 282
2166 2442
1270 2276
594 1793
517 981
604 1757
1678 1936
739 2773
3227 1378
3578 2761
3157 1144
1735 1112
88 1481
3039 2521
2488 2714
995 80
3213 1630
722 3529
2704 3157
1613 507
286 1825
2674 3528
2094 247
3272 2222
439 3060
1703 3237
286 2451
548 1378
3090 3283
2471 227
1677 1888
3272 1332
471 1351
620 1529
2967 1703
1888 601
2036 1581
1408 2898
1565 2356
89 3527
1598 2242
507 896
1703 872
504 2653
1507 1799
2335 2467
89 404
1813 2625
1096 1390
1634 3578
271 254
2266 2778
3518 1390
2732 3578
254 125
1527 787
1565 1811
2822 1976
1960 517
3006 1261
254 3205
1507 1204
3410 1936
2303 1336
835 1378
3495 1628
1187 642
1936 1238
437 302
2354 2778
1161 1240
3108 1143
3507 88
3314 2471
2875 620
2036 1152
2593 2482
1542 2637
2242 2652
2847 2266
2736 437
1866 1066
1793 1564
920 2276
1521 3039
1437 571
1793 2336
3413 2216
642 1382
1507 337
3157 1859
952 1024
3006 2097
2399 2781
3060 2103
2714 3157
3175 1298
381 88
2527 2266
3218 3175
1630 3092
1652 254
3412 1390
2779 787
762 2898
1888 123
517 595
826 987
2094 2920
1310 89
3216 187
474 437
2693 3576
1793 1914
513 756
1024 3409
1165 3156
1430 620
2693 3310
1896 1802
1155 748
2524 3006
2660 1296
2660 3511
437 3120
1397 3442
2803 1155
2867 179
3006 2767
1888 540
2849 1523
1481 2898
2653 2366
1056 1155
3371 1397
2522 1112
2503 1565
1378 2438
1763 2664
1988 1914
923 1155
2242 3387
2633 787
3491 2007
89 2784
3156 807
254 2564
785 2276
3157 869
1303 1112
2203 1004
2793 2791
2276 3161
2637 257
179 1620
3082 88
1161 3289
437 2830
1421 286
2625 2497
2512 2051
3261 827
1628 3358
2317 2384
792 1594
720 1161
2294 1437
1762 2199
3302 620
3193 1155
558 163
533 2036
1936 3555
2387 3090
1161 2185
2036 484
2286 3578
299 2335
1849 724
2384 3376
286 2096
2276 1012
278 517
936 2630
2335 1196
318 254
272 88
2354 3446
2700 179
2203 1079
1628 4
2482 1936
570 1351
1102 1066
950 2384
2399 3385
89 2106
2335 1915
998 2008
2664 3052
3583 1155
1578 2266
2102 1143
78 1155
1351 190
840 2399
2074 1155
422 995
818 1630
2630 844
3393 724
203 2488
675 2335
2354 551
517 2025
2203 3070
1793 2185
2625 1296
132 3376
3247 995
2066 1397
998 611
2471 2985
2352 3272
3396 1988
3334 1497
1802 93
3334 1508
923 3090
1085 254
89 1069
798 3529
517 2034
562 2223
724 1534
2043 2642
902 2053
2653 1750
784 2693
2664 795
1297 1628
3107 1059
1351 2998
3039 366
2653 329
1250 2203
2637 1801
3221 2266
562 48
1378 3145
642 1426
3515 286
1437 2822
2203 919
2424 1024
2593 1655
2664 2255
2326 1988
1828 89
2743 1397
2601 620
3159 254
1865 1988
3016 88
2311 1573
2807 2630
1770 1437
2731 1066
178 1789
3156 2828
3090 778
3293 1416
2637 3048
1565 205
245 1523
1066 1286
132 2744
604 3325
3379 2625
1531 2311
902 1207
2399 5
724 1778
3023 642
1220 1976
753 3039
208 1902
2747 620
34 3090
1161 1719
2653 372
1155 3443
1433 187
3225 3272
436 2509
2813 3529
2122 2276
2099 1703
2772 1802
1720 2276
1976 3477
1888 3211
620 2079
1203 3491
1397 408
3138 2335
1378 2351
2671 2791
115 2630
2276 545
42 1507
1294 1437
1567 132
1762 3287
1565 2272
631 1378
922 1507
1817 2276
2664 1667
2384 3557
173 3528
282 3413
3087 1112
286 3143
3039 3288
2005 562
3006 1637
1161 3540
704 685
2664 2917
2625 2792
3578 594
2498 3491
3498 517
2512 372
2859 2276
1161 1652
208 2790
2625 875
179 1275
3241 2660
3502 1161
436 452
2465 1507
3019 1988
2791 1003
827 3148
1108 2303
792 241
1432 1489
827 3338
2319 2311
1489 3522
1523 466
2512 2105
3465 642
902 1695
493 3060
11 513
97 3334
826 1441
2427 1161
1027 2335
3161 2354
179 3397
3004 3060
2302 1565
2934 89
1387 2898
402 2276
132 1982
739 684
2282 2276
3315 2925
2876 2664
1628 1645
200 1762
1792 179
3403 2354
1143 2567
868 1066
2625 2220
2664 3358
739 520
3060 172
2493 1936
2203 2491
2009 1628
1698 436
1024 1608
171 1161
1793 1709
2274 1762
3003 704
436 1291
725 3529
1397 3584
1280 1762
3269 902
286 51
590 2625
3253 2471
2517 2036
3339 2593
1628 2107
855 187
3580 1523
826 549
731 609
1437 2379
1628 1081
604 531
25 2166
792 665
1936 1745
3379 1155
1397 2210
3413 2906
1648 3039
1991 1976
812 517
1540 2266
720 2354
3494 2512
1030 827
2036 2831
1083 3175
1618 814
902 628
2547 3156
1811 3156
507 742
2471 2147
1390 2550
1936 2610
1555 1143
513 2888
2384 3279
826 1877
3545 1888
1936 2620
3427 739
1730 3315
2791 3581
395 2693
3162 3157
3427 2664
208 270
2047 2276
2166 138
400 89
132 1162
3245 604
792 1719
3006 2905
2233 826
831 3156
2036 847
2653 1083
1628 1995
2660 2781
2348 1762
2268 1161
3109 2384
995 1337
3480 2642
2354 2930
2335 1584
2731 3039
2471 2055
2644 88
254 1926
2934 3090
2203 2623
1143 1939
669 1988
3334 1753
3320 3334
1914 1888
902 3189
3330 2512
374 1630
3463 89
1351 2071
739 2834
851 998
3175 1693
208 923
2898 1192
1133 179
29 89
2874 1024
1565 46
437 133
2070 2335
2094 1309
2625 1036
148 562
1936 1091
837 1793
2791 544
2625 2864
2653 2975
792 2777
2384 150
562 1213
1789 2429
2445 2354
441 3272
3584 2664
2362 2512
2039 2311
517 226
338 2266
2311 7
2929 2242
3431 2642
3372 2642
1486 2303
2909 3578
179 292
3157 1849
1523 982
3529 719
547 792
3465 3175
3334 925
2637 2850
1488 3175
2242 1736
1762 823
3464 286
2335 919
648 3413
298 132
2234 792
1390 1044
208 1219
1161 3518
1802 624
3293 1088
1628 2669
1161 963
1059 2345
2415 1618
553 2512
2242 416
787 3471
1789 176
1227 437
3491 3097
64 2593
642 1240
3039 3201
1762 1605
2094 2200
297 1112
2898 776
860 995
1990 1059
40 208
998 99
1390 1443
3293 1515
2273 1155
733 1155
562 2834
1600 2664
3165 1630
3528 1619
2653 2480
1433 2488
2166 2393
1206 208
517 395
1251 1143
1456 2094
1507 181
2488 1438
1802 2986
1992 2354
2572 2791
2354 2953
642 1629
2630 569
468 558
1564 286
1889 3272
2353 3528
2549 2276
558 45
442 3529
2105 2642
2693 3141
2119 2664
2233 1802
2674 1390
89 2023
2128 1112
2461 2303
1067 998
2166 2737
3413 1387
3307 562
1037 1618
562 438
1826 1437
3578 1494
1024 397
2642 2500
1112 2040
1475 1112
2038 792
688 1789
976 2166
2693 657
88 1837
1351 1199
286 1235
3334 1116
2642 2555
376 558
771 517
725 1489
453 2642
1072 513
2945 1155
3518 1628
1619 604
1618 3532
2276 3381
1565 3584
1523 470
2768 436
1430 787
1976 2683
3398 1397
534 787
1771 2266
1423 3175
1802 2088
3110 132
1143 628
2653 2867
1143 3345
3156 1040
938 436
3029 827
2999 2399
2242 855
1674 2335
2434 1802
2630 1372
905 517
2552 3039
254 1338
215 437
3034 2898
1969 1762
3491 917
2303 2798
88 331
3060 494
2166 712
2728 558
2399 2833
998 3219
1523 1303
3568 3175
3406 2036
247 3157
89 1118
1523 2260
132 2643
2086 3157
33 1936
82 1793
1618 2017
65 642
2660 2988
562 1983
2543 2335
436 877
187 3459
2932 2303
2470 517
2540 3272
1523 337
72 1390
1059 3030
89 2023
827 582
1024 2623
1492 998
741 88
3578 715
906 2898
2684 1161
2243 3529
2791 3405
132 534
436 1681
2399 118
2106 513
2877 3006
1143 883
2642 1344
2354 1852
739 2485
1390 2570
2300 2335
731 2224
2311 865
1663 1976
1430 2471
2203 3276
2311 2435
1167 2642
3272 1545
2176 2471
497 1630
3056 3156
1630 2974
3121 2094
3060 152
1801 1059
2471 2195
1024 3228
1439 507
1397 2969
1618 2500
1351 1591
704 1036
1800 1378
1778 3272
2088 1628
490 208
3304 3039
2094 231
2637 1611
2888 3578
1771 2664
3293 2368
1888 810
2203 600
2311 2518
89 3181
1059 3445
3272 196
132 858
745 724
998 2683
2369 998
2266 2126
2361 2354
1789 56
902 419
616 1802
1968 1437
1024 3249
2334 2471
2311 2369
2637 1468
893 208
1628 1604
2744 1066
604 3487
3175 3308
187 712
88 920
1219 3413
2693 1091
3039 117
2178 1161
3552 995
562 97
2700 2399
2953 89
101 1378
2741 995
3389 2276
695 3157
1655 2384
3157 1989
1703 3018
1745 2399
208 1986
513 2111
2791 1619
1966 1789
2266 1819
173 642
1181 2791
88 1599
1155 1535
792 1493
77 558
88 1910
101 2898
1630 1722
2345 3039
2941 1397
344 1565
562 2111
257 787
208 1653
1631 179
3006 2305
517 2085
2817 1161
2007 1024
1793 2928
871 1628
2322 2625
962 1143
500 3060
704 1080
1161 2559
507 2013
2242 438
2226 1618
431 2664
2693 537
2354 565
2399 2976
2637 1512
1059 1778
3039 2137
2637 328
2660 743
2448 517
2335 2421
90 3039
2303 217
286 3517
792 472
642 3495
417 1936
3466 902
2429 2693
3328 1936
2354 567
2664 241
787 2325
2425 89
3457 286
1311 208
1804 1565
3491 1153
1735 2036
649 3334
1059 1211
2488 2988
2828 3413
787 1096
3368 826
998 771
1630 92
1346 3491
187 2411
827 3106
97 2399
3175 898
619 1161
1789 3358
1941 1024
1770 208
794 1066
2488 1365
3167 1789
2036 2945
1187 1143
2216 436
1680 1489
3155 3272
3293 2507
642 1892
1397 2994
1789 17
722 1565
604 1758
3578 3488
3499 827
88 150
1007 3334
508 3060
1032 132
3413 3283
731 1417
1999 88
2146 2094
1517 1988
1988 486
642 2465
3389 517
855 1523
2276 2402
2593 262
683 731
3578 1632
2381 2203
1762 611
1131 1565
660 2791
2242 657
1664 1523
1793 1972
3334 2355
3293 2960
2784 604
2384 1522
2693 1412
2242 2114
3090 3455
1116 2276
1136 3528
2166 2948
2922 3090
2767 3090
3387 1793
3440 2664
1437 1429
436 1371
1489 1293
2653 450
2488 1616
815 1437
1087 517
2203 2272
1417 2512
704 3535
658 2664
2512 350
2166 2589
3491 2352
995 1530
704 1722
513 2747
531 1976
1033 704
746 3528
1112 3366
773 286
2203 2391
88 1766
504 998
2268 2471
691 2166
1059 2903
562 612
2166 2083
2625 1808
310 1762
2172 437
3520 2335
204 187
1569 2512
3312 3039
2593 1381
731 2513
1143 2227
2520 704
2642 1048
132 193
2166 1664
558 3191
144 998
513 1795
513 1195
2642 1519
2653 2779
2459 2471
3413 1495
3272 2662
3528 3189
2156 1112
1802 1515
1762 1626
2870 3293
3440 2630
620 1021
1976 599
620 2745
1258 1397
2593 1464
2593 259
3298 1565
2384 3226
736 998
1789 152
1936 1476
1793 1255
2810 1523
2203 1248
827 677
517 1235
2555 1888
1299 562
1694 1789
3407 2036
2316 2399
2740 3528
1644 1378
558 1470
2623 3157
1788 286
132 1903
2203 2202
1936 2679
2166 3357
2619 2335
2184 2311
704 75
3300 2512
3157 2123
1354 2242
3410 2630
3529 1463
1793 283
2399 2741
2008 1489
2311 1614
2102 3006
915 2625
2166 1971
704 2401
2271 1397
3060 2009
3280 2791
2765 1507
1104 2660
2664 870
171 3491
2593 1252
1523 511
752 2791
3491 2149
1757 562
933 3090
1987 1024
2349 2384
1887 3006
2554 2354
1009 1703
2036 456
826 1731
1457 3156
2242 2804
437 2408
517 824
1378 3155
2931 208
647 3006
2659 187
1161 581
3568 2311
1532 2471
2036 452
48 998
1143 1552
2593 3429
2471 1203
491 2354
1576 1161
1361 827
2471 1302
2335 1889
1941 3315
1077 88
905 1489
232 1936
1267 1161
2400 2637
1363 1789
3519 187
1775 1397
2617 2354
620 1622
3358 562
2335 835
1386 2660
1155 2390
3413 1278
1437 2764
1214 1618
970 2630
620 2841
2940 187
3157 1358
843 1112
3387 2488
1024 225
1194 558
3123 1507
2580 254
1565 1549
573 2203
778 3413
2286 2642
1793 1031
179 3121
2488 2192
2063 437
2558 1936
1125 2512
3204 3315
2898 679
1609 3157
2242 3490
2626 2664
2683 826
1155 3123
88 8
1976 1561
587 2630
998 2070
286 197
1669 2512
2354 223
731 1754
792 1778
1146 2664
2270 787
200 1143
1421 3529
507 3490
620 3540
3336 1397
503 998
3175 832
604 2304
1502 89
1423 2625
1628 3188
1523 961
893 187
2834 827
208 3567
865 2036
735 2311
393 2625
2593 1262
503 437
977 3293
2794 2471
2921 826
1145 1762
194 1988
1998 1397
2533 2693
3413 35
2471 1795
1112 1149
2303 1067
1725 3293
3293 3287
1628 1920
1988 364
2340 2335
1390 878
2660 178
799 826
1089 2471
513 828
594 3272
3425 739
3334 2088
3244 1161
1222 3272
2693 1626
604 2598
2276 1547
1143 3371
827 712
2055 3157
1582 2625
1351 850
1351 2879
3315 298
821 2664
387 3528
2419 792
1161 2301
132 2325
3528 2280
24 2335
1778 826
1055 998
1769 2630
826 923
1024 2854
380 1066
332 3293
3156 1614
3230 2630
544 3157
445 2384
2693 3095
2069 1437
2266 2286
2546 2399
607 2653
3132 3090
3529 2065
2242 2477
967 208
2889 179
2693 1266
558 2127
3260 3090
240 3315
1235 1703
2630 1210
