5000 4999
2850 2108
550 3423
2053 26
807 4134
4470 4520
576 1154
1106 1004
4086 4255
4143 2075
3163 882
217 780
3283 29
494 4845
3016 1199
2490 3701
3215 546
156 1472
3001 2172
4151 1879
4427 1902
994 333
302 3656
4593 179
767 2139
4113 1892
2920 1317
2640 178
2397 1569
4027 55
513 4620
2493 1125
2686 1369
111 2887
1064 4766
2306 4285
283 565
1767 2412
4016 844
2808 4964
613 1701
2572 1992
2314 4823
4583 4745
1092 1043
4687 4548
4789 7
4408 3711
2722 4183
921 2704
524 1311
3693 4710
3448 3962
1803 4526
847 1022
1487 4127
822 142
2622 742
3095 3775
2190 931
3895 3331
3116 3554
3774 2329
171 4852
1938 3482
3556 419
4748 4766
16 3041
817 3397
2272 2570
4946 2423
326 3821
2108 573
49 4423
2545 4061
4397 4271
830 4905
3568 1291
4883 4825
1735 3954
2238 1228
4727 1169
4016 1275
2580 2462
1478 2503
733 4224
1625 1518
2317 3061
2239 3226
4804 3089
2103 4297
4317 230
473 2462
2654 4247
3036 2582
4426 787
4246 4805
162 4144
1160 4831
1656 4750
3407 2623
4330 2632
3100 3875
2077 2911
4957 1373
1832 3142
2474 1708
2253 4367
2312 1001
2211 2148
3266 4315
1774 1975
4987 483
1613 4754
2061 3880
1492 680
1765 725
3880 4219
2236 4566
933 1083
1160 183
3187 1245
433 2365
2709 4857
2988 2658
569 3724
1076 197
3114 2036
1884 3888
3009 1879
1094 4040
4344 652
1047 2433
4134 1087
3360 840
2486 4442
1943 1207
3775 2503
356 4140
2333 831
4380 378
1711 4222
122 3014
1719 100
4169 2299
4965 1053
1411 3695
1628 4090
349 3228
1468 4318
1760 4488
1126 1234
4842 85
1243 1738
1763 3377
2934 4982
2497 3599
765 3298
2388 941
4908 1814
3554 4500
4529 4894
316 3643
4913 4195
4359 4660
426 480
3213 3918
2127 3806
177 1377
1928 2280
2806 2901
159 3176
2521 1715
291 5000
3746 3906
2113 2866
2480 1292
1638 1233
1786 94
790 1173
4094 3331
4176 2291
4765 378
248 3443
485 1612
268 3520
1406 2031
1472 1044
2350 2501
1770 3313
973 1149
1966 448
929 3481
3394 3310
4748 3287
3147 1674
3793 2705
3967 3041
810 4533
1633 1970
4909 4173
497 3835
2434 159
1089 2306
695 4190
4921 580
1284 3743
131 1289
1359 2205
191 4334
1610 6
3513 2082
3720 4052
1934 1513
4219 3037
2883 564
1929 124
3838 1983
4610 4813
3027 3146
948 2068
4144 809
3351 1399
513 3988
1690 1176
997 207
2156 2684
15 1523
3083 4678
4557 3627
4353 1148
4525 184
2874 4385
107 502
2751 2762
2340 4925
3958 1697
1959 2640
1087 1293
4943 3089
3368 2616
1298 3579
3891 2256
1997 2399
347 1102
4581 3512
3834 274
4199 4815
3094 261
793 2575
3919 141
2543 770
3843 3405
4015 3786
1075 3706
525 2809
2699 4711
496 2314
2085 2314
2267 2509
2015 4508
3597 895
2552 2301
3705 3159
559 4070
2087 3611
2308 4590
833 2425
293 990
431 166
4267 4020
1803 4562
3170 1772
3686 2954
4109 1106
4625 1197
4767 4409
1461 2920
4362 2335
636 458
2628 2175
1821 3312
3838 3677
1676 2450
1764 1694
2783 2412
2943 3037
1562 4550
1150 2207
3716 2493
2664 4528
2960 3296
3235 1308
2189 3891
3209 2423
1038 807
1326 4189
4035 1784
1107 4955
3574 174
3910 1980
503 2117
3280 2277
1193 4989
1405 4392
2234 4738
3679 2917
967 469
2484 4365
1958 145
3924 582
3946 3895
3172 4674
4898 170
621 2815
1642 204
2037 968
2664 4903
1156 3018
1672 1509
1913 4448
3697 265
2179 1152
3630 3212
1377 1284
3030 665
1794 2682
2893 2656
2485 3972
4801 1303
115 4025
1325 3556
2192 4786
1881 4148
4406 1790
3720 4712
1217 294
3112 2443
2019 2793
1342 3869
2978 2794
895 1739
3462 2789
3624 1988
1012 4854
4992 269
4221 1017
4289 1790
1223 3187
74 1564
3803 4888
3463 749
3021 4618
1863 2582
1408 1353
2925 3976
2447 3437
1489 1183
4085 2918
540 650
3598 3525
2319 2550
924 1792
596 907
3483 2610
2715 989
3500 3800
2655 772
4694 1445
3903 3876
3520 2319
4685 2486
3161 4072
1514 1158
4401 1429
824 2595
2621 4195
4727 897
3094 4637
2089 2834
3410 839
3309 2425
2898 1022
1551 3358
587 1454
3143 4053
1541 987
3910 1142
3615 2048
1676 1374
401 2731
421 861
2912 38
1046 1343
1501 1600
2861 363
3758 1762
4055 1559
788 4307
2992 3481
4796 4029
2798 2871
1926 4301
2038 2777
2945 3390
3022 3201
3141 1799
249 4362
1639 632
3727 2454
3810 4895
1367 1972
1609 887
2290 3230
768 3095
761 482
975 2172
1804 4534
2831 4461
4767 4379
3208 3071
2701 2473
4814 1841
1450 161
2487 1024
1104 993
1286 1316
3707 2500
1332 945
4829 1503
769 999
2331 3061
1967 3155
1213 4852
192 3292
3450 2598
1955 2742
4522 2185
1347 4010
4722 2087
1023 2724
2532 3263
1148 1908
1740 2650
2310 1894
1228 471
3083 4434
2633 1487
1624 3108
4787 3353
1281 4613
4785 2488
1190 4792
3715 1248
4000 3366
4590 4724
2760 3539
2916 4979
2497 3566
577 3398
1929 4013
4367 2860
500 1575
331 4727
4433 72
517 3677
883 3144
20 1727
2297 1188
2960 789
4142 1548
1878 2047
4521 4683
1848 566
4774 3139
4986 3065
164 430
1998 1192
2438 1718
2753 1109
2426 3541
4356 1134
3772 182
3499 2693
1484 1834
3073 2616
3956 4900
2107 9
2603 1262
4112 4854
4804 3633
1056 666
3272 4977
3634 3915
1232 1623
1955 4906
4636 549
3382 4494
646 885
3239 3201
207 4547
3711 4401
2730 2142
331 3640
3556 507
4469 3877
1114 1098
1097 4737
171 127
4857 3883
970 2106
3042 4485
277 496
1661 1620
3929 464
399 2107
4371 2182
3721 1377
2296 2731
400 3166
1814 1979
1598 2954
3217 653
4167 4439
2159 2751
2022 1970
1972 688
293 302
2991 4540
3368 1992
4323 3676
2499 2004
2807 4051
4319 2902
1759 2554
4705 4674
1064 60
531 2838
4503 3139
4818 4714
1643 777
4438 2255
1175 400
2461 4477
3817 363
3704 3099
718 1914
2675 2987
1139 2690
1442 4275
3677 603
4191 901
2363 1944
2877 3639
1726 682
4608 260
3952 1990
906 1106
1538 602
2600 2106
508 1348
1139 4787
2769 3307
3240 2192
3976 3580
1000 1573
4268 2590
4121 1709
3285 38
1483 135
2701 4244
1771 2244
4932 4668
4275 2427
1157 335
56 4814
2871 607
1915 3698
3164 4862
4473 187
53 792
3179 4493
1140 2388
3471 2076
1496 3687
717 69
317 3680
2642 1011
1065 3613
2488 1275
2056 1637
644 2936
1202 3621
3039 3336
2704 1307
2550 4492
2466 2166
4938 2076
1003 3444
4009 3473
1675 2985
4459 1946
1780 4839
2053 3120
230 457
4033 1337
3692 654
3140 3888
1421 2580
887 3587
3587 1051
2751 4708
3895 1774
3158 2761
4491 3118
2199 3813
3486 1374
4557 4508
3908 224
4181 4658
3924 1102
3911 3061
2896 4530
3465 895
1416 3150
3596 3437
2119 1605
2861 4186
2837 1801
3693 2765
3531 2258
4154 1710
3562 3061
1564 1061
2044 882
825 1324
1201 14
4025 1224
1492 447
1922 4531
1924 1467
4621 1757
2604 3585
1423 4415
1194 4125
801 4822
2587 2737
4345 2062
1654 4703
1527 4164
1373 3768
305 1419
2039 3696
2455 2432
3081 3927
279 4494
3064 1625
1114 4811
3376 2255
1629 25
184 4292
4377 2878
2188 3833
1188 1452
4442 746
4902 970
2101 3551
3645 2049
1614 1644
4737 3039
3413 217
4064 2416
2740 1530
2699 1048
477 8
2752 930
3647 462
1062 1172
4013 253
404 2449
4446 2760
2178 2709
838 1417
3405 981
756 162
4808 501
2106 2685
814 1031
4713 733
1529 2723
1186 1202
3822 3209
4725 4201
199 1120
2182 3434
543 139
1083 4144
4625 903
3023 2061
4250 2919
1531 4763
2842 3240
1071 3179
2968 2165
4893 258
2763 212
1695 783
3233 4150
3812 583
963 1715
2207 2073
4511 4220
4224 219
1893 1247
3969 2819
3603 3047
169 3750
745 3834
2501 1028
502 1105
3850 2130
2521 2355
4349 1647
616 3210
3283 2711
941 1876
3297 3371
3139 4379
4101 2863
2118 3142
2282 219
2568 526
4081 3931
4637 1778
2899 3879
2968 2651
3407 4539
995 424
3354 1544
1228 500
786 233
754 499
1683 2247
572 4465
3322 942
2722 3354
3692 4566
562 1843
2552 914
4180 3248
4273 4468
4063 4580
4757 231
338 4900
3592 2556
3683 2812
4834 2062
3276 920
2061 2822
3960 796
2520 2039
3827 1709
4542 2499
4536 2478
1528 3116
1640 3900
2791 444
2657 674
2307 4958
4061 990
2999 3602
391 4058
3450 4829
1402 4268
983 4846
1785 3814
1622 1195
2896 2934
1617 1794
1394 1271
1272 3200
1560 207
2621 934
2449 1959
2793 958
4316 1398
2253 3218
2375 2591
1298 782
4772 2766
121 3081
1983 4982
2452 4592
521 4966
2475 3035
3088 4591
4320 1894
132 3544
1028 2657
612 3163
423 881
3103 1533
220 4445
164 3465
578 921
2490 1406
4044 158
456 3228
4530 1888
126 3852
3166 2463
3426 1029
1728 2735
3189 3199
3875 3712
4139 4164
1845 3062
591 2474
4227 4418
2604 1354
2810 4175
1917 524
2207 206
1318 1521
3961 1586
3160 1439
2425 4517
4857 1865
2033 1753
3090 4053
1194 3952
2895 4492
3684 1501
3123 4605
3154 137
3649 2090
187 3311
4316 217
2475 4087
4112 2412
2143 47
2494 4682
1085 3805
1292 1228
818 2038
3803 4784
1689 459
2087 4842
3507 4287
4731 3510
4385 3938
3650 3335
4884 4713
1935 2452
4102 4307
4926 1861
1742 445
944 274
4688 4215
2795 1892
4723 1998
1352 762
4193 1504
4324 3942
530 674
1823 1637
2793 813
2288 643
3701 3269
4558 973
1634 1657
2472 4972
4934 1862
4183 3081
1108 1748
3343 3635
3940 503
610 3122
2609 4919
2020 1888
1666 3232
4368 4947
993 843
3345 3213
4887 1428
4746 756
1022 602
1703 3938
3093 4233
1226 845
4432 1939
4895 1648
1150 931
1631 4153
4897 377
41 2761
3641 249
2797 2191
4881 3891
4295 4477
545 2660
1066 818
98 3700
490 3854
3877 903
4177 4577
4397 4660
2387 2932
960 409
2969 238
1314 2020
1978 4912
2361 1067
2910 290
2746 1814
4521 212
2307 3143
1542 1333
1791 4361
1689 1256
4789 1078
2556 1978
1977 248
4635 1294
682 681
2144 1625
2522 3226
3663 4061
4281 3552
3403 1930
4907 2418
4176 4185
4493 1645
1374 3247
732 2256
3541 2720
1798 2688
4731 4106
1446 1549
4127 4573
1052 2707
394 2458
3451 3242
737 4321
554 695
1629 4777
4956 4993
1794 1084
2136 2612
2827 1400
601 3185
2876 3999
126 2236
1367 4824
1443 1053
544 4076
1527 4328
897 4145
4700 3901
3983 3115
3491 608
1338 2126
253 4738
2665 469
3266 1974
3564 4086
942 2261
2216 2068
1879 3131
727 4548
3441 3527
757 3192
3106 631
76 1255
2142 642
2217 3771
2804 4396
3645 3121
526 1733
844 1509
3229 1482
641 3547
4300 595
1416 3791
2144 2203
4739 446
3030 828
2302 1227
2077 1000
1979 755
2455 249
3935 3193
2917 2297
1987 3339
1288 2323
4220 3778
1897 1865
1347 1662
393 2875
4557 1280
1442 4070
2068 1479
4940 4434
4780 2500
4376 2372
311 4621
1593 1122
4714 1021
246 4481
1822 74
1410 3035
2655 1382
2908 2817
4968 1600
231 1957
4510 2648
2955 2715
464 4726
4378 3571
2590 635
772 4881
1287 4662
1164 2581
4465 2496
4640 4788
3620 3944
4996 525
3687 4481
968 3628
4106 471
3838 426
3947 2574
2077 4563
729 2939
1321 3230
3148 584
880 2089
707 4668
358 4379
3820 929
354 2840
4383 3837
4695 1121
3843 2145
60 1481
3400 637
1764 3225
4140 3810
4943 3660
4127 4998
4071 332
4566 1476
3804 3971
2147 1249
4849 4731
1595 1600
804 15
4359 3695
4714 431
4380 2464
536 1752
499 945
1107 4970
4985 2660
3425 3568
48 136
1598 1675
4477 2102
2520 2616
1424 1716
516 2325
439 4270
703 1056
4698 1352
2189 1448
4848 3437
1205 3546
393 4859
2082 2109
4675 2045
2804 3318
3510 3072
3381 285
3031 990
4429 2734
4960 2974
3639 3874
4886 530
2497 1883
3034 4823
4040 3699
3905 4624
3770 3686
2412 964
2777 3523
3561 4372
607 31
176 4238
53 4274
2086 468
2018 3631
277 3510
506 2960
4114 4235
1676 3713
3902 788
3939 3184
1998 3122
3487 4364
4348 3843
649 4803
4715 577
154 2233
3374 1194
4932 4856
4610 4785
1743 1539
3079 2636
3206 3185
1547 3372
440 4448
3991 984
3855 88
3720 2306
3428 1260
455 3320
449 3109
1906 3620
1101 542
4480 4485
412 281
4065 4780
3541 4080
4284 104
2282 3717
1055 2706
4299 2578
3011 3162
4171 2706
2189 4080
2489 3807
3087 2963
1601 4329
1188 3270
473 1157
1335 1406
108 1075
245 117
4210 3224
574 3810
4622 3706
4872 3847
1335 1359
3500 3778
3543 1054
4719 4724
1735 2979
3195 2773
521 3840
4475 3446
4077 2023
2474 557
4629 3513
4269 1877
5000 3058
4860 4451
1986 3994
4461 1746
1043 4797
1209 2120
4108 436
1853 2207
3309 1490
1619 2349
3466 3728
4702 3164
1009 2482
3065 4082
4197 4640
9 2130
582 4694
814 3314
1127 3756
4311 755
2175 678
3203 2108
1113 4861
4872 3719
3867 1388
2767 4187
2835 908
3542 152
3493 4368
2429 4318
3278 2858
378 2974
3997 4924
3957 4031
2380 384
2716 939
2851 2305
1856 1247
3878 2703
1630 2791
706 1471
32 3943
1716 225
809 907
906 4280
3701 272
567 2326
4230 2392
851 253
2736 2043
2297 3494
3094 2984
1464 4566
2730 4360
2251 4508
1849 4460
3785 4813
613 4866
3773 3865
1433 1964
3358 291
3321 2448
1785 1300
1775 4537
3626 1560
1575 900
1215 4607
4428 3764
757 3022
5000 3839
4256 1708
2624 1631
3680 1661
2622 1522
3646 50
4942 2323
1308 3079
1697 1438
538 1372
53 3663
4217 3061
114 2308
2436 4202
4118 1319
1914 4111
3299 2773
4374 4733
2012 1281
1239 2032
1195 2538
448 774
3430 1376
2329 4862
1005 2803
3908 1535
3814 2460
313 4213
1890 626
1770 2127
4589 1151
1952 2419
3505 3209
4364 1017
2715 2225
4247 4068
1605 599
250 965
2883 4948
919 2895
2406 1942
3774 2604
1084 1016
2464 4542
4037 687
3120 2167
1888 750
3141 1058
3972 1283
946 2223
1279 3135
142 1579
4899 4050
1925 341
2420 1382
732 1979
411 1479
3529 1635
1662 2529
3120 1570
2789 170
2975 3729
3823 2571
1011 4578
155 123
2617 3239
3887 4988
1910 4756
4061 4668
1079 880
3929 4270
2186 1272
1236 934
1115 3180
2204 3993
3736 304
1770 4410
2398 4861
3658 1326
4098 4789
2142 2473
392 2346
1820 1975
4527 2239
1195 2556
1226 2269
2066 1052
2177 4848
3594 3916
2710 1064
3055 1935
2681 2841
2954 3978
4021 2651
1554 3520
2440 922
1222 830
223 4439
2724 4304
255 693
2542 1579
605 4437
288 1193
4847 722
3459 4856
4585 2270
3397 2763
1594 3883
2343 3031
4916 91
4926 3583
359 2145
3178 2305
3126 4654
1697 1727
1904 3549
333 2951
200 1294
3234 4339
4230 1767
3177 2778
2676 4182
3256 229
3618 3784
712 3211
4195 4126
1342 2821
4070 3035
42 1803
4429 39
2075 1949
3865 2287
3800 874
4548 258
3624 2869
349 4917
4132 1346
3856 2744
3472 3654
2020 1024
1501 3149
4475 1363
2442 3441
1293 4694
358 986
4781 4458
2248 1137
1378 1171
160 3915
3984 2664
3363 1876
1253 1086
2002 1889
4468 3421
347 1813
1973 1001
983 373
603 2666
4058 4444
4468 4892
1951 2344
5 3576
2746 2107
3556 1450
2195 3130
4068 249
1873 1658
2548 1473
4509 2014
992 2380
1475 418
4247 3973
4989 2795
4179 4068
3199 4797
2468 45
2644 404
4597 640
967 3411
2286 4546
1451 4456
3688 227
4932 3565
4388 1039
1716 4785
2852 85
871 2701
3705 4595
1031 1088
3555 1047
2136 1148
1044 2991
821 2726
3422 179
3306 2337
4104 3733
743 1084
4013 2792
3235 552
2548 846
1703 4459
2057 2977
4727 2767
2363 2779
1733 2939
2356 2597
4374 2401
4052 4236
2154 2287
3510 1959
3472 150
2562 3627
952 2158
2753 3551
3871 1584
1964 2536
119 2442
3630 774
2436 4759
4037 3013
2144 2244
3861 1517
2599 3860
2221 4931
3468 2861
2583 1654
3363 1881
836 2466
1692 326
4119 4064
4743 4159
4653 1964
242 2456
3187 3198
1316 1005
1664 3386
4582 4668
1078 448
397 1606
2141 2236
3450 4034
3889 799
57 2747
4839 316
4269 3357
4644 2604
4779 1763
718 1835
2458 2764
2272 3448
3385 4770
667 417
633 1209
3776 1277
2951 4262
4438 3720
2268 38
4386 3074
1229 1250
4794 2912
515 410
4145 3130
843 2518
3119 2043
758 4367
326 3229
163 1988
3238 4738
1721 2885
2377 1796
4245 292
3224 2645
2890 2663
4524 3256
604 3752
2901 3031
4596 1141
1087 1250
1255 4024
4288 894
4583 479
1068 347
2328 557
2297 4102
4268 1128
2667 3533
544 3609
3385 2862
2789 2871
2286 448
1392 1052
2825 1831
3538 1918
3197 3396
3456 3143
130 2787
764 4910
1922 1244
410 3092
45 4691
908 1456
2965 4304
2503 932
523 3600
604 4573
624 4530
607 2590
3061 34
2356 4438
1676 4761
693 4837
108 1275
1133 2435
2384 2559
4664 1146
2937 2955
696 1503
4720 2190
1170 3021
3301 3756
2911 4433
747 2702
2292 3647
2337 3103
2066 3916
4450 2168
2454 1609
910 1412
3594 2367
807 109
1754 1821
157 4437
4568 2716
1658 3414
4345 332
4127 1915
3390 572
1245 204
3804 982
1021 614
1092 200
1137 3705
148 4828
224 2064
2483 3992
3646 4836
2809 703
4753 4314
2525 1719
4469 1672
4669 2569
361 4988
3162 3916
1864 293
2065 3987
346 2168
131 2234
3248 4516
1925 2644
3331 3862
4713 224
2853 1966
860 4496
4054 1032
2534 856
3433 2157
2677 3869
2076 2783
450 4148
3484 3000
874 1094
3774 4788
630 2762
2863 938
3019 1363
326 239
755 3230
2612 3131
27 2510
2651 2177
2915 2312
1796 4595
3481 3079
375 4973
1510 4897
4279 4501
2775 2071
3315 18
525 1241
2375 154
2677 4640
1145 1521
3665 2075
1148 457
3310 2355
4888 1149
4956 3734
1176 44
3257 4295
618 557
3870 4884
1243 4597
872 3271
545 2170
3752 4550
655 1292
2380 4396
1780 3878
964 37
340 1314
629 1654
1565 3914
3346 3090
1508 2392
4766 1534
4182 863
4907 230
4119 2511
1718 1765
2854 893
648 3346
703 1896
4334 4933
328 1181
1154 2318
2476 4093
3281 1735
4275 4674
67 2477
2576 61
2318 4058
1633 1931
419 4830
3611 4275
1272 3490
356 3017
3180 963
1423 4911
2221 4605
1227 4287
1077 2621
1980 1810
4905 2534
3089 4020
1657 3709
380 4885
4100 453
4269 3225
4089 52
1880 1449
2150 1500
1242 1264
4620 771
2096 488
2825 2283
4624 2970
1413 787
573 1873
205 4892
3535 760
332 572
3897 2535
2461 4407
210 4706
290 2457
1348 1418
2640 2037
3360 3194
528 4609
3016 2899
2952 720
828 2304
2216 4574
1118 1507
550 1568
589 3662
1978 4098
1742 3883
3234 2918
3294 2493
3640 196
3105 3732
2399 2964
4383 637
1177 2494
1769 1736
1124 1746
4184 2624
3080 3584
4615 2047
1963 4498
1372 1847
4933 125
2947 4297
4452 2692
1531 4370
377 4445
2823 1297
3418 3417
2614 3459
1662 2616
3955 3760
4420 1715
3549 435
1828 4216
840 3749
1884 466
2051 2954
1132 1407
3968 994
2074 432
2432 3514
2583 4644
3524 1097
129 3813
1157 3651
3319 4785
3436 4705
3632 2570
1778 615
3572 2847
2874 165
4249 3817
3866 4823
247 4031
3142 2829
141 1330
4637 3244
170 25
1986 2338
3380 287
2844 910
2141 864
310 2550
3544 208
4640 1718
105 2340
756 2208
762 54
2642 2655
4663 2165
4820 1626
4531 4571
1266 1752
2576 1373
3888 3878
2796 4615
3523 4106
3246 4381
936 4524
2877 3867
4285 3903
1737 558
414 2037
928 4417
2729 1680
4099 3313
1178 3794
4270 265
1496 3014
2611 2647
3094 1476
4616 781
2875 1921
2988 3329
4898 3820
4646 4533
2699 3899
3542 336
2128 2204
4322 1643
641 3468
2283 2332
3321 1044
3053 1894
1814 4702
4298 4415
3773 28
704 218
179 874
3638 3491
3629 319
1723 3189
4697 456
3040 2767
1931 2317
4216 1354
281 4330
2167 3645
4623 456
760 4690
1988 3881
2838 4462
1915 607
3508 44
491 2781
3557 4819
3624 1972
2637 3484
4144 4096
837 4421
2734 3097
587 3832
3130 1011
656 3004
166 1214
3288 3947
571 4182
4021 3195
4402 4396
3661 4909
3036 419
4207 1185
3275 3420
2226 3696
926 186
2455 1232
249 2863
970 1700
2714 3493
2516 626
4461 2022
3316 899
258 341
905 4046
2762 3715
4170 2005
3933 4379
3518 334
3574 13
2780 2571
1981 535
3885 4171
788 687
4077 4543
2723 3458
1421 2725
141 4689
2108 3265
912 2215
153 959
1081 4516
531 4218
3574 4877
1617 993
674 561
4346 3388
636 1253
95 4275
1192 1745
1124 1199
3164 4594
3499 3623
2389 4558
3584 1045
3896 3163
134 2791
1185 4536
3368 2782
4159 2993
4929 3322
462 55
1877 3235
2291 1974
2165 3242
1548 4598
55 3366
4614 1115
3572 3880
1725 4573
2009 2432
3119 1145
2750 4652
209 3125
4010 208
1337 120
93 2417
1050 2224
3716 1609
3291 561
32 847
3840 4429
4511 1875
3903 575
4610 3494
277 655
1246 4784
1631 4625
3083 4392
41 4085
2752 584
3802 904
1900 2215
4430 4218
3423 845
4771 4679
103 3298
3260 3382
547 367
4657 2725
2004 283
4773 1770
1439 751
1511 1019
2244 4155
3610 2856
18 687
2188 1532
945 2714
2562 3415
2638 1391
403 486
914 1931
1 618
2555 1769
4003 1581
4962 3686
4622 504
4172 1204
2943 2672
306 2451
594 2244
2960 204
1583 4761
1745 3956
1519 1766
2697 4471
4747 1176
522 4875
2966 23
744 2320
4246 431
3965 1959
1335 1721
1350 344
136 911
2475 2426
2715 2819
3843 471
3297 2616
1414 2485
2516 1999
4481 6
2964 3700
2790 3121
2299 4639
2241 263
2473 3436
4668 3110
456 1571
4203 4522
4112 328
3873 2375
2893 156
738 4920
844 2418
1511 2691
306 811
3717 2035
2629 3459
1454 765
1104 3241
2038 875
155 419
4215 4188
513 4072
3357 642
2345 3868
883 2034
1262 4111
1149 1528
295 2390
140 400
1967 2041
773 2654
4966 4883
538 63
654 518
1719 1062
1879 2196
3302 3752
1899 719
4492 744
4042 3506
3161 1972
96 2205
1804 877
4818 3709
1981 3571
4717 321
1314 4943
1351 2270
3762 4168
2292 2340
1149 4039
2946 2192
3370 4066
4133 4688
2262 4100
2556 4866
4252 3435
1362 1125
2096 2753
3766 757
4251 157
2995 4043
3562 4119
4873 2187
967 3215
810 1965
790 4806
2806 4661
769 3787
4423 2691
2533 1607
2630 4196
19 4441
4284 1263
5000 4396
930 3656
1109 2924
4177 728
127 1221
3387 2747
2984 1428
4672 2680
2220 3803
26 2869
909 3193
3898 1945
1624 2288
1520 3048
1342 3222
4998 1107
1268 2156
1398 3733
2539 3594
2360 1927
2496 3513
4533 2044
3277 2743
1343 1094
4191 2335
3190 4679
4798 4246
4340 3041
3080 4751
4954 1935
2357 976
649 2417
972 3083
2162 820
837 4494
1295 4872
4534 3915
4119 4240
3831 4073
2590 798
2397 4937
2306 2956
2018 4505
1527 1027
339 2565
1436 3192
2273 801
628 202
1793 2160
950 4358
4300 728
2302 2731
4623 2964
1210 94
1836 3953
141 4495
864 2425
4647 1627
59 3635
4858 1472
3059 4825
1663 2947
4889 4568
2479 3229
3074 4787
411 890
3511 4609
2405 3073
3157 2763
1572 687
4590 2375
2412 2876
2055 3263
1612 4539
1280 2939
230 110
1463 2411
3138 929
1293 565
627 4219
1071 709
1472 2928
3054 1272
4469 1705
5000 1168
1087 1801
1237 27
1036 3034
1306 460
4913 911
529 4593
273 4375
695 4587
3589 4017
3237 2881
2639 2586
3080 61
557 3280
322 3165
2972 2963
838 819
331 1374
2591 502
2796 3483
922 295
2702 2620
3151 1965
1061 3683
4180 1505
2953 1091
762 1803
451 2116
3286 2787
2619 467
4441 2496
28 1727
1609 3261
3998 2165
3510 1503
1220 3590
1285 3064
404 1492
4553 2959
3122 4920
1933 1982
3204 4495
3875 4091
4391 544
4112 3263
2745 1903
2189 1474
277 3238
856 3021
1786 2127
1017 3046
3180 2299
3149 2976
1786 2886
2583 2816
4534 232
82 3225
3928 2397
1616 4257
147 2574
534 4234
1543 3967
3589 2106
1837 4767
3947 867
3550 2018
512 1587
1781 1978
2450 21
936 1130
3817 2415
2563 1250
3179 562
4908 574
1209 3405
432 4375
4056 1787
77 3912
2642 696
2214 98
3090 3903
107 2704
195 2071
1374 2188
2522 2921
974 3056
2487 2884
2640 3142
529 1034
1505 2961
2623 4376
1485 2753
4247 2450
1796 2019
4210 1908
1471 1823
1326 3882
2663 1784
4507 3609
4999 2520
3055 3763
1629 121
730 2072
45 253
4370 63
550 926
753 4569
4522 3510
1722 1895
2138 337
4391 2791
1056 2087
2886 4803
2612 2835
4551 3089
4744 4958
608 4396
3956 2412
1793 329
2090 4973
3457 4187
4315 2950
175 1968
272 950
401 610
241 2881
4912 279
3658 3456
2530 4818
3033 3727
1751 4695
2194 286
333 603
851 3681
3597 825
792 608
3059 214
784 1944
129 3558
4166 2367
4204 1180
2817 3756
4246 4079
3860 3277
1235 639
462 4470
4420 3060
636 1745
2375 2335
858 2985
4156 1719
398 285
1705 54
1613 1724
3360 1842
4844 2371
4548 3100
3776 936
3560 172
486 3779
1415 3163
924 303
1205 1759
1934 3238
1908 4171
3618 3154
1568 92
1628 53
1396 1037
3163 114
4963 2236
898 1769
2344 1715
2336 3111
4389 3775
2872 955
248 4533
4322 3395
578 4896
680 4845
2206 1292
3634 2502
2880 1607
2626 1511
4819 3754
985 2906
626 4924
1072 993
2864 1495
4080 3400
3432 2105
3547 2862
637 1093
552 2896
1491 2727
1275 278
445 1364
1842 268
636 456
441 1571
1175 2741
1071 2013
541 2731
535 2980
932 1002
2648 1387
158 2129
3086 2331
3911 4467
4086 2528
920 445
390 2978
4623 586
130 813
1797 2863
3136 2193
2502 4519
3598 994
3245 4783
2086 1945
2997 4587
3009 289
2609 968
3129 1291
885 1464
429 3266
4194 913
1145 1096
3862 2926
819 2920
1402 1020
1047 4009
2418 1302
3428 3017
1624 2042
4261 2664
4170 682
810 3937
3872 4780
2108 444
4879 1019
3340 439
2160 2291
2940 3112
3409 4488
564 812
1003 1816
727 1116
1698 332
2987 2251
4009 4668
3949 3105
83 3424
427 2363
4163 1295
367 4720
685 1220
531 3925
2570 4492
2304 1523
2816 2129
3285 2444
4824 2426
1142 4361
1950 97
2946 399
349 3027
1997 1757
3720 3844
4932 2919
1538 2112
955 2230
2527 4139
562 1278
1089 3770
644 1247
4116 3584
4271 2189
2329 202
2270 4576
2071 387
2618 4805
278 4449
1181 4378
2490 1582
2717 2286
2582 3816
3735 4511
518 1569
106 3233
1091 1263
2744 1742
2115 3989
4528 3145
1327 369
4342 3378
4276 4948
3410 981
2890 2805
4965 4226
3896 3022
783 486
2630 4277
1500 1745
2745 748
4810 1375
1810 634
1308 895
3032 2800
914 2319
4809 29
15 1605
1053 2819
354 2943
1467 1031
3661 637
386 1580
1833 274
3690 3289
1600 3502
2472 703
810 1694
4670 2068
2441 2603
1336 962
2684 4183
2760 2272
848 2859
18 3064
3738 4332
633 4136
2982 2561
1856 1057
1123 4575
4746 2987
2661 3349
4075 1943
18 3120
4189 1075
1198 2224
1844 3426
631 4345
2578 3497
4409 2452
3652 4451
1938 4899
1010 3678
2159 864
2843 2460
4878 3110
2967 2739
4522 1119
1931 862
1003 1948
3057 3369
2803 4904
1221 4616
3297 46
153 3257
138 3022
442 4829
2155 1540
3736 451
2696 3553
514 158
4609 3712
1656 1002
551 1810
2239 3682
4339 4379
2825 1701
3544 1082
4194 1829
92 2413
3188 2063
859 2867
4268 2477
2772 672
330 3887
1570 292
4773 221
2772 1004
997 2815
781 1560
1423 2278
2509 2491
381 672
710 2871
2139 1583
2711 3102
4483 4403
3821 4762
2786 3691
1197 2710
3625 2640
2188 2306
85 3019
1743 2811
246 938
1979 3896
4252 1695
1222 2782
2118 2160
1379 2597
1809 4856
3723 1082
1167 4181
4863 4739
1341 136
2359 1822
131 4344
1998 2778
4304 2039
2523 2275
1252 579
2601 3498
412 639
887 1155
3562 1663
410 2902
2779 3071
2118 2327
2511 3605
3713 3686
4651 1747
136 2488
2930 302
1624 2340
4496 1513
670 1358
1398 3419
2415 1567
2817 284
4513 3803
379 1924
4832 745
4585 1245
4514 4623
3379 60
4563 3356
1750 132
4706 2420
725 4634
634 2128
2980 2378
4122 3851
1636 3353
62 1670
355 3472
2995 4284
1448 1904
2031 15
1707 3656
1062 2473
251 465
230 3036
3670 4755
3765 3123
4725 1221
3261 1630
3893 3865
3127 3114
1535 1277
1132 599
3000 75
1870 3408
2346 4649
981 463
1441 3658
1843 350
815 4276
1433 3990
4121 3448
1975 724
472 3430
2312 39
1617 3438
2979 1652
4005 1967
948 210
1802 4091
1696 1382
1224 3921
3461 3080
4332 515
4463 4693
1944 3605
1436 1483
1873 956
4682 4023
3288 4789
4563 1618
4690 2385
4712 1616
3640 4328
115 1744
1224 3690
403 4375
4090 1039
3052 2485
1339 3185
2420 1149
4357 4277
800 2666
2397 1806
1085 3901
2068 674
2183 2664
4439 19
4101 3102
583 2550
1434 4768
810 4047
886 3761
3336 892
1700 3571
4982 4934
322 289
4447 4363
3707 538
3870 1102
2072 3749
2109 4453
2634 703
3289 1346
1082 2294
1091 4251
2018 3826
2072 2571
3578 1670
2682 494
1755 3164
2398 4225
159 46
1444 455
4007 446
4818 2165
3723 3383
2601 4247
3422 2753
4134 1880
3296 3593
1594 1703
1346 2214
1699 748
4109 973
889 1663
2316 1327
3994 4914
3493 4198
2558 594
2139 1931
435 4434
2247 2131
330 1687
35 669
64 2685
2294 1493
4758 2064
731 1789
2562 4828
2153 3479
2068 3030
684 1324
3314 3177
2778 2856
1556 1691
4088 563
4664 4565
3499 2801
2663 253
4263 1091
3134 4431
3804 2245
1551 3008
2131 4646
2677 2266
1731 3348
3765 2899
1846 1679
2161 1692
3958 4545
676 3117
1809 3710
4727 2946
2928 4906
596 4100
2937 4680
3994 4286
3739 1390
3364 2337
1109 3911
1201 4552
2319 4464
3085 125
982 4275
2623 3698
1669 391
3601 4185
2351 2861
2148 1061
2246 2109
3657 3630
3951 2135
4800 3633
2940 4627
1845 302
3960 3529
798 3152
3918 3793
4535 2465
3795 4437
2990 4843
624 4770
215 1840
3289 1851
4248 4946
3088 1830
78 1892
4458 892
807 343
569 2405
1894 2966
168 3114
2003 4275
1322 4922
4120 2415
1516 4749
2189 1574
1055 2924
2460 792
1703 1767
3325 1754
2806 4501
2892 907
2609 1112
854 1663
3882 6
3408 3111
356 249
3000 3095
1459 4720
194 423
4153 3924
4484 3563
2922 2924
4682 1899
3281 4009
3883 2636
1168 1234
4009 1468
2429 2914
3765 2458
1671 3893
3690 148
1293 1671
3925 278
4159 1605
1035 2730
4891 2297
1555 4115
809 4914
488 3256
2312 4434
1104 1240
855 2990
319 296
348 3354
4893 1158
481 1154
3092 634
706 474
4539 1535
4920 263
3909 4591
1865 4868
227 1772
4981 2566
1158 2576
2555 1776
4342 1246
4106 4496
126 798
888 3896
1509 2413
4455 2470
3806 4315
3307 2644
3073 1507
3173 2849
1640 494
3139 4966
2171 2000
2285 4121
3244 4442
3394 1037
3892 358
3697 4193
2972 3414
2176 4469
3197 1470
2561 1768
2169 2269
144 2612
2743 288
1478 2128
98 3799
3297 1285
3475 3318
4994 2442
3403 2094
1861 2673
2914 2761
1820 207
4283 4561
1013 1831
2453 1097
231 456
2139 1282
4537 1043
3365 4264
2500 4246
797 3635
2275 3763
4539 2839
3378 4641
658 2972
3437 2810
2672 3310
3140 4316
3594 4462
2637 720
2022 1303
2642 4574
2406 1778
2999 711
2812 4866
413 1258
2384 697
4042 1783
3772 850
1783 2591
1297 2740
376 3970
4111 1421
1872 1087
1161 1965
474 1872
1670 2119
4657 2907
322 1427
561 2498
4635 1367
1627 2596
1652 4753
1845 4298
4173 2494
1416 330
3368 3463
3240 1576
2214 2079
4616 3112
4129 3950
299 4333
4759 2057
4812 806
3533 4943
1767 251
258 3213
4757 4732
1183 636
4805 1882
606 3222
2829 3428
432 4324
2669 4740
357 3707
3724 776
1408 1962
2457 4073
3329 541
3347 4167
761 1789
105 4667
3977 3174
876 2683
731 552
1192 185
1855 831
2295 4965
3408 1211
3549 1231
2565 1673
4533 3901
4792 2071
3530 155
1106 2652
3407 4022
4701 94
2184 520
1705 3649
2071 152
1791 4871
1856 2567
809 3411
3805 4563
360 3461
4562 887
4004 4617
3658 2385
1353 1871
3928 171
1212 3253
1687 4220
2057 3480
4275 1836
1696 3247
526 4075
2836 2880
2764 3498
1059 4273
4175 3752
2849 672
3763 4150
3748 4115
4539 3468
3249 1610
130 4858
2214 4224
1475 1759
3270 197
4098 1630
552 1710
3529 2668
728 260
2388 716
1973 4577
4029 1299
793 3958
3065 4764
1789 1992
3088 4868
1138 4086
865 503
4544 2717
2972 4810
1411 2852
4070 4014
3729 2080
176 2212
3853 985
4745 2212
2551 3859
3767 4444
1610 287
3754 3767
797 1143
2114 4939
3659 3445
3755 4554
1219 348
2864 3802
72 2454
4637 4837
1321 404
1172 2458
1426 2585
633 2506
4290 4888
4510 2395
2147 809
2656 3601
3614 2392
4168 2376
500 1054
1546 2963
3781 4094
4713 24
581 3225
3809 1418
290 1379
3300 4414
896 3779
4638 4974
4525 4935
4241 2105
4117 550
1506 2313
3047 4956
4834 3195
3702 2345
2757 2507
4041 2962
4158 2485
4683 4975
706 1893
2187 2843
1600 2720
1101 1680
1192 3049
3160 3816
1529 2501
3927 4901
4936 4775
3216 1346
3080 3749
4583 2783
2701 1545
2508 3713
2872 1432
2361 1871
2966 1390
1541 4182
2145 1497
3515 470
949 3426
4740 92
4996 4527
3857 4518
3707 715
1705 3722
19 2765
3897 3935
672 2965
3711 3257
989 2986
1895 425
3911 4262
262 3731
638 664
2105 415
3815 2481
4015 1313
2364 4224
1307 3105
4642 2358
2347 4660
937 923
2732 1145
920 2983
667 3500
1263 297
437 3486
948 3172
3264 1699
2279 3909
1936 395
4045 342
395 4929
128 4718
4469 335
3525 4159
125 2632
1157 2023
3686 1149
2068 1039
103 705
3878 3639
4291 2053
2389 1528
2266 1444
2588 3328
1118 4008
3599 3586
855 3027
1856 2755
1792 4991
1460 1446
111 2975
2740 4233
2929 2939
565 3142
4571 2424
1200 4491
882 2054
2 4538
244 1376
3981 4594
3541 4464
1646 1012
4612 3040
1997 4823
2315 3353
1344 2796
3250 3440
2016 1202
4532 4476
3841 4235
1672 1666
1839 6
1825 4465
1004 2371
3031 1142
2723 4386
348 4017
936 1804
3528 1079
574 3736
1678 3478
1855 2120
1588 1451
4887 1217
1255 1343
4906 4479
4317 1182
2106 550
913 1071
1234 4538
2330 4167
709 4144
1652 2558
3063 3675
4405 2568
4115 3472
4833 21
92 4890
1943 929
1571 534
1259 2989
2175 984
722 2316
3505 1397
880 1959
3428 679
2389 1865
3843 3492
3619 1436
1675 2975
3130 3211
676 4902
3069 2894
2100 2986
3379 4073
1988 2066
3926 4660
2265 3096
3919 284
2244 4114
2152 2561
1411 2442
520 2326
3742 431
1195 1325
4810 2922
2152 4424
4881 4722
153 1217
4768 4528
2702 427
16 4324
442 1326
3127 1622
2477 927
3148 4549
1424 2149
189 3548
3148 4341
3892 4416
2027 3664
1142 1067
4437 1000
323 2204
781 422
1985 933
1042 3319
1793 1796
4022 1138
2976 2282
770 4860
2720 4815
1152 828
4124 4404
2904 1271
215 1071
4652 3333
2542 1227
739 3746
201 1453
4506 2078
1030 1272
4158 4797
4502 4498
3771 2792
1079 309
2880 1451
728 543
2537 3757
2239 3474
676 2034
639 1564
180 3260
3226 2528
1585 2646
3988 372
166 2424
32 2249
2858 3102
3104 2462
3792 4073
4985 1750
1575 3156
4004 3741
3586 1464
4159 4406
1960 2768
4538 4536
2997 3246
3043 308
1384 3756
434 4609
4651 4676
3749 3281
558 1033
3661 3201
4941 3340
1920 4117
1053 527
4957 4977
2019 1029
4267 3521
3437 1912
2658 2714
350 2090
4663 4966
2774 4165
1589 789
1568 2235
4751 343
3891 1998
3111 1138
4794 289
4594 602
1548 805
1690 1580
2884 4429
1899 3378
3050 1539
766 1258
552 4824
2496 1847
3773 1008
3580 4566
4110 4035
2229 3819
1800 750
909 530
3287 1016
1330 493
1035 2981
4683 4885
1102 3575
4623 3569
1503 895
1302 4848
3569 752
2094 430
1101 3117
4895 3398
1803 4446
3511 2269
1245 3032
4520 239
4901 353
4629 3071
3306 3904
472 4988
4967 1163
2831 1774
916 4398
3722 3797
123 2627
3871 763
244 85
3983 2909
2465 691
1334 1437
4331 3796
462 4563
4483 3477
4733 4311
690 3132
3970 913
2417 4561
4436 2082
1410 2167
4963 264
709 3944
941 1910
3852 1558
2195 3369
2408 1899
825 4300
1905 4890
3137 3885
3849 3563
3280 2454
3785 4787
3400 4069
4860 1586
197 3524
4943 355
2320 3897
976 1303
4943 3735
3347 3946
1043 2484
2926 2253
1160 4457
2526 650
96 3949
2128 4979
4361 3842
1986 4356
1346 3734
950 4196
114 4004
3326 1360
57 2833
3946 1904
981 1079
2660 1664
2935 717
3541 4833
995 588
1789 3085
948 4420
1607 318
4453 2485
4482 4951
3961 4542
1017 2569
3283 930
1852 304
4631 1302
4493 1780
1744 2101
1524 4177
2119 2948
2068 1343
331 1398
155 4282
1347 3896
1670 811
3670 534
4634 2421
3795 1341
916 225
1513 3871
2114 4490
2865 34
288 1466
4823 4817
101 1244
3748 1817
1427 3287
1415 2549
2354 1401
2775 2995
661 66
1866 4549
1459 445
3170 1449
1928 2082
867 2402
2321 503
4415 2428
2420 1210
2146 3211
582 273
2053 4053
4266 3810
3775 3451
2417 3611
4711 3893
3524 891
756 2531
1492 455
717 1924
4675 3438
1721 2483
4640 477
1073 4221
1423 2773
4961 1972
2543 2880
1082 1463
4146 3807
739 208
1952 919
4467 1196
4412 1671
4129 2551
1965 4235
3709 4701
1663 1732
2236 3698
2744 4414
527 403
2003 4161
1036 2371
2472 4593
1340 1623
4418 3822
1836 4090
2271 1453
1596 178
3324 1900
4379 793
311 3770
4016 1213
3419 2765
4298 2320
1783 4353
3970 4944
2647 576
4956 4096
130 4581
850 998
698 3336
1792 635
2311 2397
4561 2990
2148 4316
3585 4177
777 4979
96 602
4063 903
3309 4572
207 3231
4129 219
1108 953
272 3523
2460 4899
2132 2170
3322 1795
4249 2362
2879 3135
338 2928
3405 3863
4163 1032
4819 222
2740 598
924 3476
4285 4342
2087 1150
4548 2213
3520 4637
816 317
3542 2563
3890 2277
2603 521
3375 3495
3671 1796
1135 281
3782 4491
3801 1876
4797 4123
3629 2560
425 3619
4432 4222
1840 1760
4036 4452
4973 4234
3453 245
864 517
341 1702
3772 1930
4000 1675
2864 1987
1929 1823
239 234
780 4655
791 458
3698 2024
3574 1749
2440 2069
2968 860
3199 858
1386 3298
678 1163
3987 826
251 1198
5 4196
70 1100
4625 3052
2919 237
4840 3403
4235 1921
3706 484
4746 3671
3827 1880
1636 4953
2609 1243
3527 4758
4872 4228
731 1040
2382 3953
2447 2268
4599 2985
496 3908
98 256
905 2440
2265 1806
894 448
1325 2464
4488 1812
4665 4222
852 797
1394 11
228 3537
13 633
2428 1698
3745 2178
2598 4088
3528 1176
4055 843
1603 358
735 3969
1875 3260
3125 3510
4721 3303
1193 1767
4942 3734
3056 198
491 2814
548 977
1595 1247
4129 3139
4604 1766
2321 3026
4178 1881
4345 2807
1004 2166
4314 1545
3125 1100
2353 3778
3716 1791
4503 960
3044 4024
449 1678
2109 1771
4001 216
2561 4648
1739 3034
2368 3211
1569 3674
1868 1892
1384 1066
4246 4192
513 4543
551 2398
2305 1764
4720 4642
2817 4024
1211 941
4814 3171
2927 4635
2770 1285
2632 2564
49 2288
3948 91
893 1393
159 1914
1627 3875
3552 3772
4900 627
3826 3562
3037 3381
4604 319
1087 3814
4209 348
4959 1632
1833 3340
3743 4417
2262 1017
3491 3172
2624 4117
2309 334
954 906
1922 3098
1370 1019
1483 3350
3093 905
3589 2628
256 702
3529 3482
1984 4477
3501 1242
195 368
2792 474
2013 4513
4322 1669
3084 538
4578 3729
1893 4604
966 4679
2501 180
751 3927
2736 3065
4162 2745
85 928
1888 260
4063 4760
1390 515
3574 2262
1462 2306
1316 4539
2093 2846
3209 4473
3331 2531
3016 4825
2638 1691
4727 1759
3519 542
155 2332
2099 3964
1065 4892
1891 2189
3102 3678
36 3529
1113 1167
4152 3760
1812 3287
3100 2884
3918 2866
1024 2802
3131 2360
1986 4741
3050 141
3211 4107
1654 4026
4128 1758
454 3690
3170 1299
1094 2782
366 1166
2308 585
6 3261
507 3021
479 4209
2371 1029
4681 760
351 4585
1194 4661
1717 4997
995 3710
3810 3273
4161 869
1412 3058
525 3249
3390 4192
133 114
1367 3606
4361 4248
1307 1638
3310 4916
272 474
3903 2004
4859 740
2127 2732
2193 39
1792 1904
4870 4747
3991 4851
1273 2173
4461 4620
3646 3708
3880 1051
2123 2917
1904 168
3635 3449
970 4221
2926 1330
296 2711
2223 1209
4384 4385
4301 1667
4737 4144
906 55
3585 3400
3591 3450
3993 1805
1806 347
3407 715
1519 55
1443 1472
1051 878
2450 4404
2356 1860
3655 1208
2451 305
4541 556
3305 2385
1414 4126
3343 765
767 618
3773 2337
1729 1773
2095 2884
1050 2297
4603 3834
498 3509
4956 1005
3998 2258
74 2584
913 599
4984 3603
1702 3373
1549 1386
3703 619
356 1558
505 2683
1179 4242
4558 3307
135 143
209 4598
3063 1464
509 753
3533 1647
415 3670
4321 1118
1591 420
2829 4423
3564 1484
4105 1037
1117 2182
4568 1425
1144 498
3498 4909
2454 3504
4913 1924
197 1168
3820 1480
573 3010
662 3499
52 688
4247 4879
2906 3223
1938 3534
2581 4586
606 4010
470 1887
998 1470
915 4999
2809 2427
4931 4354
2730 2484
2901 185
992 3299
3529 1739
3175 1977
2933 4928
1150 4650
1737 2129
2032 846
3571 2214
4363 1578
4789 638
2963 4301
2626 3931
4088 4147
684 3523
4627 974
2969 3384
3765 4695
1913 921
4017 4961
2714 4207
13 2487
2276 4097
3069 3009
1582 224
592 4748
1679 60
753 4054
1853 2893
3647 4982
906 3266
1901 130
4153 3734
563 2094
1422 2358
387 1996
4468 1932
2837 743
2228 2135
4123 319
780 3705
3318 1808
3670 2647
2319 4226
4541 3941
654 3730
4659 735
4143 4352
4406 1977
1048 3927
4230 681
3717 353
3865 2591
4180 1536
4712 1211
2873 2350
895 423
2459 1958
2440 4441
3117 2768
2153 3723
2150 2897
3057 2267
1298 4121
4999 2219
4022 3683
1299 330
735 3208
3955 4601
1428 3156
4560 4310
4024 2768
4686 1220
769 4550
3304 3226
1180 4584
953 1344
3142 3082
4995 4389
4332 1723
4612 835
1780 2944
2381 2233
258 241
3338 1928
2564 2810
1196 175
214 2188
130 3952
3455 3865
4763 1000
4050 619
3853 2650
471 173
170 2933
2375 1961
686 3074
1987 4360
3266 2783
917 3045
1228 4862
3421 691
3805 766
4005 3202
4857 1777
2198 1262
2522 2653
825 136
4494 3700
2695 4235
1365 1803
4002 768
1267 4462
4001 18
2484 691
4688 507
2083 874
2261 2782
89 2884
4549 4234
1781 1625
4693 285
4790 2552
489 2711
3339 1603
3904 4211
379 128
3333 4633
4813 449
704 2335
1850 1437
3851 1867
310 4253
326 2691
690 536
28 317
4405 4719
1732 2399
806 4489
1744 1952
620 888
961 1357
255 1379
2489 1733
3460 714
391 4101
252 1101
3631 2430
1845 2702
4223 2642
40 1
3468 146
4273 3755
451 4739
2587 2689
2088 916
2217 2132
4538 3593
574 1916
445 59
1814 2530
2479 2150
1051 460
731 4666
4889 2044
145 91
1393 3506
1188 2561
3938 3910
4042 4545
3083 3830
2968 1585
3763 1750
228 1424
450 3571
569 508
3661 3655
3246 2889
3877 2129
79 217
1552 1274
1899 3791
3823 1096
3124 2331
3775 3710
2914 233
1392 4882
4336 2369
497 2063
573 4409
506 2809
2381 4278
8 1707
4438 63
3196 1356
195 4290
2572 4069
4916 901
3817 1005
4 3878
4080 1949
818 1171
3153 1541
289 2788
1715 4933
311 2132
790 4165
4810 1691
3711 1173
3006 1038
719 2693
1360 4358
1053 3111
1367 1325
4359 104
3205 1036
3317 1851
1354 3136
527 1005
569 4552
3665 4186
2666 3721
4734 2599
4126 1010
1506 14
4214 872
231 3685
2389 2875
761 3687
1137 3431
98 2449
1318 2877
4847 2238
3883 3295
2416 2244
730 1591
4604 1757
3828 785
4963 4839
4563 4228
1794 1476
2287 1612
3051 4315
4410 2651
1834 4437
2140 4532
441 744
2623 3663
3932 2184
1723 1528
3014 3953
212 256
2355 2214
2711 3594
2444 574
4681 399
2158 497
4248 3859
915 1975
2991 1813
3871 1553
2991 4219
980 2934
4312 1036
1255 4808
2060 1988
3984 716
1061 1427
1454 3142
770 3710
3865 498
4142 2589
1270 4492
489 755
2975 2881
2653 1394
1832 948
1082 2924
451 3722
4898 2947
4461 2126
2590 1234
2815 894
1759 665
3893 2988
3701 3469
2074 541
2724 3293
3635 1309
4906 1366
4831 1834
403 4689
1102 4013
1133 4616
1695 1644
4420 3468
2159 2707
2551 1466
2209 1774
4257 1585
3081 32
3649 3533
1752 3495
1330 2679
2915 2957
4724 2012
1012 2745
1953 3169
479 4316
3073 4069
4870 3101
3574 2760
2278 93
137 3484
3256 3316
2067 4483
1009 1770
3109 3664
1410 2486
3104 2708
3088 2227
694 1083
4333 2950
991 621
821 1257
1061 4925
4186 3787
2217 3893
2625 3782
4275 2408
27 4080
4382 4751
4317 1810
1809 4669
1968 4452
4255 4099
3345 1927
3744 309
3994 2833
4790 4258
3912 1693
1153 4056
235 3904
4371 2501
4713 3109
4109 2055
3194 690
4896 2518
1501 2145
2861 1260
2346 3808
2374 2012
4839 2913
4298 1664
4332 2779
3821 3538
2662 3687
405 3308
559 2900
1806 4047
1828 3291
2487 2616
126 1539
1435 478
1370 2278
2377 166
2153 4483
4773 4015
3481 954
3461 2751
4593 2747
3772 2828
4361 1679
2042 1939
304 4853
4369 4916
468 4527
4826 107
718 786
3591 4249
1667 226
4494 3858
3956 3683
3100 1389
3943 4169
3071 543
2363 617
3755 3376
2040 734
2583 2476
4477 4941
4189 3251
4592 1609
4837 4257
4314 1703
2570 2311
2976 1835
1331 4528
651 602
4284 2549
1153 3990
4659 3306
4218 4829
2851 2014
347 154
2364 1183
3942 1091
249 1868
3456 1489
3320 3945
226 1443
2558 3598
1641 1723
2657 480
3199 2959
92 4695
1263 3369
2542 366
3660 3448
2683 4671
2651 2917
1649 4940
4084 4143
509 2551
389 95
4892 2211
1031 245
4386 2624
4783 4009
2686 4883
1982 4010
188 4875
1458 2115
417 4246
1323 4729
2715 954
4030 1670
4855 2996
4798 961
1937 2940
302 2812
2407 2559
3456 3309
1462 3228
4113 1565
1036 1144
3522 796
1060 1698
4217 4899
3301 1951
4310 1512
35 3687
1670 390
1213 4998
836 186
4469 1852
1491 1511
1987 517
261 1683
4819 3506
4135 4256
2146 3639
4882 660
772 4171
724 1265
153 1795
2685 4277
660 4758
1971 1515
3499 3194
3638 3633
4082 2838
3780 1568
2368 4486
1974 2584
3327 1243
4521 409
2376 712
1799 3626
1349 1710
3707 4237
2758 3544
1185 2385
1437 2576
891 1199
3089 2464
4437 3638
2751 410
4546 3432
2036 1937
3468 3050
4076 1070
3120 2296
2895 2508
327 2638
2358 227
2399 2408
4906 145
1984 2043
1390 1900
848 3554
3240 1345
4791 1938
924 2297
3836 3358
3233 1422
3990 75
3994 3475
1515 2789
1429 2129
972 1937
3656 571
4215 4865
1351 2555
1612 1819
4383 4874
3689 3634
2559 364
1006 3563
3233 4513
4258 2602
4150 1150
2180 2027
2335 810
2682 3489
2372 849
2966 4546
1593 1301
4395 2776
4612 3160
2701 674
2145 930
2670 1097
3638 321
922 1067
3855 4652
876 2020
4643 1704
1854 3152
1829 2195
4870 3754
3612 1772
4427 2729
3171 1137
3564 2637
3074 2822
1257 1494
2419 2621
2920 2310
4845 3785
4089 642
3245 4586
1451 644
1848 2964
3581 900
3803 2151
125 3874
4003 632
3189 4206
37 695
1200 3609
1759 176
4402 3809
3789 2882
1190 2313
2109 2218
797 2238
1411 3257
4357 2371
2198 930
3888 2238
2617 1917
3649 2561
1611 2111
2963 3338
4591 4208
4897 3915
493 4019
287 4554
3783 1873
4896 3626
3909 3638
1485 729
3210 3403
3652 4216
1700 2138
575 4286
1295 2214
1457 2213
3827 3408
2349 3771
4986 3482
4999 715
4483 4849
1040 706
794 3923
62 690
4861 341
1793 3138
352 4671
3928 2787
4082 37
4834 1661
3038 2456
3838 1336
123 1419
3363 1180
2933 3880
1328 4513
2153 544
3957 663
3709 3334
1624 3216
1614 1085
426 3385
1087 1741
1255 2613
4945 4706
2002 3905
1509 3325
2414 3537
4548 4489
646 698
1880 4839
614 1406
904 955
207 3699
4208 3028
223 2596
2702 1320
1703 2678
1198 4565
1107 3756
3071 1217
3638 4276
3652 3068
563 3232
2461 4257
1693 958
955 88
1944 1753
4751 2431
4173 1157
1571 2724
4906 3142
2743 717
96 562
366 3448
275 4818
2894 2251
1726 3998
4884 1093
2572 4182
4582 1667
304 1977
2279 1228
1390 4642
1254 854
2391 406
991 3975
3729 319
2656 4268
1781 1300
4309 3109
296 3719
462 4087
2290 821
4436 3921
466 274
4471 3607
407 898
4698 4770
4040 3137
1093 3542
3742 3676
2915 331
605 4630
250 1765
2623 684
2997 4748
1056 1305
3277 653
2779 1219
2084 4246
4867 3164
3856 4790
1451 2786
622 907
1663 1087
477 2610
1577 3729
1559 4746
301 3691
123 745
52 1403
1494 4774
69 4906
109 2005
4536 4399
4772 222
2297 1380
1282 423
19 2511
3483 4277
1962 2211
4565 3975
3992 2596
939 3827
193 2415
3501 3183
1126 4359
2134 2449
3614 4313
3749 1007
4033 1041
2764 4577
1211 2891
180 578
3655 1419
1383 3202
633 2565
1573 4695
179 4078
1688 751
905 3784
1311 2559
2445 1698
4255 3311
2547 126
1005 4460
4726 4162
2237 3149
82 3735
1511 359
3767 3061
3148 665
957 4517
4917 424
4306 2565
541 1860
677 4784
3818 3057
39 4396
1288 512
133 1146
2021 115
1208 4521
46 4484
2132 666
2993 4343
1948 3877
273 235
3220 1172
4126 261
1390 3299
1010 2348
3502 1982
1196 1574
4486 3731
2033 1298
4275 2931
766 4884
3285 2102
1239 4253
1987 2140
3844 3040
381 2748
1575 2902
2496 865
2335 3715
1510 3007
4943 238
4115 755
4191 485
2617 569
2162 4759
4205 4579
2759 584
4376 1713
505 2336
94 4139
3383 500
1746 2569
3300 1204
4872 4164
4968 3060
3450 250
3013 1163
1468 13
4202 2006
4464 2173
4348 3766
4667 474
784 2214
822 1578
3827 2726
774 2433
3954 291
3468 548
2082 2340
301 4005
2289 4566
3715 1786
3107 2570
1210 654
1318 2002
1260 1007
3054 2007
2942 3054
3642 518
4912 1698
2677 2702
905 373
4206 1571
265 2277
2032 1679
1614 3165
603 916
103 1641
2345 4234
2196 4438
4330 887
3508 1215
3792 4355
3909 4641
2299 336
1039 2096
1839 1312
345 551
4625 3502
3867 1957
3678 4459
4043 394
940 4651
2544 2806
3663 2798
3786 3443
4909 4527
2040 1134
3674 1800
392 4874
3477 116
1906 3020
3537 508
2029 3864
4685 1395
4961 595
3589 986
1204 3663
999 4461
798 4762
870 3571
2948 3719
410 4130
1840 4579
1677 4880
1799 4081
2200 2227
1746 3783
572 2747
286 295
3442 4562
2836 4815
2684 1107
89 4297
2289 1400
3463 3756
3813 2851
3378 2009
4046 3430
2341 1126
992 962
2491 398
2874 2284
1685 3040
3375 579
2370 1420
1886 2396
2522 4305
1595 3662
1435 2202
243 495
349 4155
1468 4501
2549 4849
179 3245
4685 4080
339 2335
2274 210
45 319
1125 3231
2266 4046
4283 2639
4955 400
1413 3538
3122 2236
201 1168
1158 1095
3967 4362
2579 4913
4940 4967
2432 878
3738 143
3127 2750
1438 2636
3424 1805
4513 3500
3614 4788
2488 2881
984 2014
2429 2793
2650 3876
195 3174
881 3282
4813 4846
3555 887
239 3540
925 1513
2300 4365
3546 2207
503 2892
899 925
506 959
4482 3643
2370 4728
269 2950
112 1438
4169 582
1 4193
3853 2870
2127 1161
1195 2200
2991 4511
2874 2134
1545 3377
3398 3698
75 3051
4718 4351
438 1513
3974 1997
2743 3967
4315 249
136 905
3217 2954
2428 4915
2136 4382
3430 801
523 4027
1947 2608
1528 1918
2083 1076
2290 1431
3348 744
346 1491
1319 4425
2546 4169
2601 139
3393 4390
844 482
666 273
1715 930
3028 4895
4121 97
1763 528
1539 1463
3598 672
2969 4109
1423 2647
4945 4859
710 3601
3028 3496
1254 1807
1903 3757
1375 429
4708 74
306 2994
3438 1232
2488 3427
1952 2350
4732 3951
1975 2285
3932 772
1203 180
4796 2937
4035 3212
2290 1250
2190 604
3443 2696
1930 4342
3525 3982
640 4848
4755 2213
1406 365
4709 3520
1028 1002
4941 1129
776 681
3946 2986
3258 4145
2673 1237
4448 2915
1719 2565
2939 4527
1080 1827
3944 4989
4891 2146
1977 4821
4972 474
4497 2247
3849 4297
660 2180
70 4397
4956 4307
713 2931
717 1524
2854 3724
34 1921
732 4274
2101 2520
3805 560
179 2947
3842 215
910 3767
3157 2402
3769 1320
3686 1899
3768 340
1695 1003
3741 2876
3008 2222
3476 4254
4723 2796
3496 4421
2688 1506
411 1087
1283 2079
1354 2454
681 4183
2191 2248
3799 2572
326 2655
1971 4272
1872 3330
3033 1539
243 3018
4399 955
4807 2374
3857 4415
4634 4511
1110 1204
62 4405
25 1704
4318 3920
9 2778
1692 3471
1369 288
982 1677
3256 350
324 2439
603 2766
2900 15
2862 2979
823 2972
191 2837
3049 1112
1139 2784
3300 3784
3511 4572
1021 3984
224 4222
326 4909
3083 3870
4315 960
3734 2640
4589 1674
4205 4779
3858 1346
1646 2228
4386 2185
1197 3140
2396 1151
2321 3798
975 3618
3397 2506
401 3278
832 3477
4956 40
3389 4815
4380 154
740 2803
266 3451
2975 2426
3700 4708
3974 488
2226 2459
531 366
4227 2668
1495 798
4990 4547
2419 2851
2809 4667
2544 1494
1710 3946
3840 2553
4249 4218
2002 3905
3491 1050
2994 1700
2074 1643
2718 1359
519 2204
1418 1978
4350 4959
637 1393
2729 4737
4034 3093
2406 4174
2072 2809
748 2146
2242 4095
3042 3377
2496 2160
761 1512
2588 3279
453 2913
334 3519
3303 3915
4953 2456
4174 2688
1571 2366
2553 3542
3233 2626
822 4439
3257 1207
4239 464
974 2782
1288 3213
4287 1395
3586 4804
3552 1133
2019 4229
2663 2434
2860 4169
976 1656
4825 696
4834 3149
2749 2553
2880 265
835 4622
2345 2375
1201 2696
3978 2920
3086 1895
4200 1638
1483 4381
3014 1144
4048 1799
749 2085
2288 275
4786 3318
2425 207
2901 4210
4448 938
780 2579
3490 2073
3433 1120
3148 2235
448 3969
3533 4798
3115 4462
1815 3800
2278 3233
1073 3302
3658 3303
151 2456
2998 330
2408 2075
3593 4266
1447 3414
730 3351
2884 1165
2369 1057
1208 761
3835 2505
692 870
1513 749
2530 3212
641 1623
3026 2447
476 2975
4527 4455
3982 2709
3088 577
2 1536
3759 2195
2507 3689
4605 1140
764 4744
348 50
1593 1702
3796 250
4964 154
2263 3627
2825 4053
164 4059
4282 3333
2495 3097
779 1853
1592 2009
1271 4508
1528 980
2017 362
4407 4877
4388 3686
1017 3188
2444 3034
2788 1815
4523 4733
