5000 4997
3350 2828
1038 1827
3561 1700
3927 1607
4244 3174
3688 4449
336 372
4031 87
4167 4814
3844 1433
668 4086
4701 1350
1031 683
4470 3210
2258 4159
1898 87
139 1882
1220 3844
4953 3343
1759 909
809 3927
4576 3676
1277 4365
909 263
4087 2687
3533 683
909 3475
118 909
1500 3221
3844 957
3376 2056
3121 115
762 3902
1920 3913
4086 3206
2443 1230
378 3676
2923 3210
969 3567
2679 3811
591 3210
4257 49
4115 3210
64 2665
3844 704
1018 4004
3318 3811
2443 2811
4074 4783
1340 4086
2337 139
1038 4835
1622 3350
3301 1350
4074 4581
2022 4172
4768 4953
4713 1038
4919 4832
4004 162
3913 717
683 240
87 4514
3923 4434
2198 3688
2246 3161
824 355
130 87
339 1360
4083 49
2836 64
4244 3425
139 2447
2443 3292
1236 707
2362 2725
545 3161
3787 355
3177 4946
3161 111
375 3350
3567 4110
287 3794
1866 1491
2346 372
806 2687
376 64
64 1395
3688 4987
4214 2322
4919 15
4287 3561
2603 1360
3032 1124
1315 1350
2056 1849
1863 4496
3121 3854
2769 4004
2056 2705
1138 2749
3589 909
4922 2362
4004 2122
1245 1038
2311 3567
4067 3844
1122 707
3561 2783
756 3121
4946 3534
629 372
2170 4172
783 2362
3161 3709
2619 4496
4362 3688
435 1041
1327 1277
3161 569
4920 3210
212 2209
4172 3377
4086 2081
1966 4218
460 909
2998 1464
2142 3142
3221 246
3221 2842
3556 4496
4213 4004
3794 4067
4434 4869
909 2770
212 3152
1682 1164
1439 4214
87 2902
87 2704
1362 1138
317 1491
2056 1210
1246 1350
1360 3155
441 3927
435 4649
87 2442
707 755
365 3676
754 1504
2330 2687
1043 2362
3794 3422
2362 3663
4218 4317
443 3794
3024 3844
1817 4244
4588 435
568 4544
4214 3125
1360 2744
1360 2714
372 2820
4214 106
3179 4703
3298 87
3521 1277
4438 4977
4691 909
3878 3902
3248 4434
1658 139
3161 3576
4788 4167
2338 3221
4946 3051
49 349
3977 3142
909 4939
4946 3905
1038 4137
711 4086
707 1651
4242 4953
4964 3913
2056 1039
1648 1350
3534 2443
1549 1360
3161 2143
3888 4214
3751 3676
2687 1369
3927 3687
3718 707
1506 3927
3218 64
2521 3142
4189 4214
4600 4159
683 2075
372 3346
3811 4115
3161 3768
1367 2430
3913 1337
4890 2056
4060 3121
3803 3913
2705 3179
4172 2927
1116 707
4218 3103
1826 3927
355 4139
55 4977
4224 4434
435 2894
747 3844
3436 568
1288 2443
4705 3844
2443 824
1236 435
1367 1691
4953 4229
3224 4004
4539 4919
3179 2683
3927 3220
4122 707
4221 3927
4659 1164
2152 2362
4270 1367
3032 2220
3142 4401
4977 4253
3161 4543
1491 3682
2724 568
1038 2284
4365 64
3172 568
3626 3676
3688 4100
363 212
3954 568
64 1102
139 3376
3013 3811
3885 1350
549 1038
3902 31
3858 3350
435 1216
502 355
139 3148
519 1350
2820 4946
4172 4800
4004 2247
4496 2099
1367 4090
1635 1138
3811 2377
920 1504
2687 2318
3221 650
3034 3676
1451 707
3682 1360
139 4141
2687 3519
3021 435
3050 4159
3927 2223
1491 4500
1491 4443
4214 3831
1777 2998
33 4496
1312 87
1360 1980
4363 4214
2419 1138
1038 1295
1081 4172
1414 707
4214 4665
1950 139
3121 3433
3528 3913
909 1605
4091 1350
1931 2362
1277 2428
1187 4244
4086 3508
1859 355
1277 3864
4977 3726
4218 2227
4074 4983
3258 1491
2362 2308
139 4025
3762 4172
337 3927
136 1164
4496 1062
4919 3443
3063 1367
2009 2056
4049 4946
1238 1491
4218 3925
3083 1277
3660 3142
4159 2105
3350 519
152 3688
4427 2998
3794 3284
2545 2443
1660 4434
3688 4168
4159 4986
1446 4167
3326 4434
3688 1643
1520 3350
3676 4462
3794 3117
1859 1350
1754 2443
3036 4496
3844 4357
1555 568
4490 3161
4995 3902
2362 4618
2681 2362
2821 64
372 3557
4550 3121
3108 707
1038 9
493 3688
51 707
3913 1083
1495 4074
2516 64
4004 4302
3645 4977
707 4571
1049 909
568 2732
3299 4919
1165 3567
3626 3161
1367 4428
1677 4004
4214 2252
3065 372
2011 1350
4214 4236
212 233
4496 3830
1491 2222
184 4172
3032 1014
3400 4004
2998 4602
139 3016
4213 3142
3320 3121
3927 1851
3567 3155
2181 355
355 2171
4172 654
3336 3032
2362 963
4919 4285
355 3282
4315 1277
3561 3834
2687 2151
1125 3561
3690 1277
4414 212
3221 2624
4172 2116
4244 765
4378 3688
1528 1138
3651 2687
3712 372
4919 446
3350 452
1360 571
3902 2459
2073 4086
4004 2463
1656 3179
3561 3716
3804 3179
1367 3314
49 1579
3482 568
1491 4149
4718 2687
3913 704
1326 435
3008 49
2909 2362
87 1030
4749 1367
1038 4041
64 2799
4218 4221
2266 1491
3279 1164
3902 1774
3350 3924
3221 464
4214 3958
4953 423
4038 355
4159 3487
1927 4946
4086 2356
1350 961
3142 4656
4434 3686
4029 3210
355 4045
2703 64
139 3992
199 1038
2429 355
139 1985
2953 3032
739 1038
2114 3794
87 4078
1504 4409
1504 164
4952 683
4434 3311
909 1879
355 4077
1138 4020
4806 355
2645 49
3676 272
1844 3811
1493 3794
2806 3676
3586 355
3567 2200
49 1820
1896 3811
3228 3179
1350 2911
4004 2261
2237 4218
2419 1360
886 4244
3778 3688
3350 2198
1350 4580
2362 3184
4159 706
3902 1048
3997 3161
2200 1277
2281 4074
1360 3759
4969 4977
1350 4519
2056 3218
355 4041
3902 644
1026 49
3236 4086
1890 4946
3739 3161
3861 4218
1138 3433
3561 1987
2024 3221
3567 3751
4933 3561
314 4434
2625 683
949 568
4577 64
153 3811
1138 4080
3032 2643
1350 1549
1491 4664
1328 1350
707 1120
4685 3179
372 3079
4393 2687
2012 3676
1152 2998
3676 2212
3032 2469
4892 3902
693 3561
2998 4258
435 3908
4218 4900
1277 2082
64 1280
3130 4946
3242 3794
4159 754
2350 909
909 4924
204 1491
58 64
49 1705
3121 1540
2300 2056
4000 139
1504 2133
593 3121
4953 1737
3839 1360
1415 568
2998 3986
2039 3210
313 4172
649 3688
2770 4953
3350 1659
64 1634
4218 4415
4086 2461
711 372
1360 3845
1321 3561
440 2443
2687 3797
4587 2362
3719 64
3142 4793
4502 3913
3382 3121
3032 2765
1014 4004
3561 4366
2001 3844
3350 315
4743 1138
4700 4496
3032 3772
3976 2443
281 4159
2362 4821
2432 2998
300 2687
3811 860
1599 64
772 3161
993 2998
435 1233
64 509
2443 1744
139 4857
562 3210
1367 3407
49 2959
1643 1350
2687 2585
1933 2056
909 3346
3902 784
3999 3210
4075 1138
231 3142
3179 2541
2446 1138
1138 3600
3927 4402
4977 302
1162 4244
540 4919
4187 4434
3097 1277
3210 429
212 359
212 947
4946 2626
4126 4919
2884 1504
683 1821
3278 3121
4004 3819
4086 1105
2056 3555
1898 1164
64 3206
4172 3242
1443 2056
3512 568
4210 4946
1443 139
1809 4496
4319 4167
355 565
4869 372
1020 4214
749 3561
4218 2213
3861 4214
3142 4182
212 811
4953 4783
4603 139
3142 4275
3179 1573
64 3339
3032 1465
4752 1277
1173 435
1060 3567
4089 3811
3676 2225
3676 567
4977 2702
1596 4167
4463 1138
4726 2362
538 1138
3844 313
4919 3997
1550 4953
3811 2035
281 1277
683 1257
3080 1504
3406 87
4492 3350
3926 3844
2362 3483
3210 4691
1388 3688
1908 212
4074 525
1360 1982
4458 3927
4946 4051
2362 1589
3902 539
3221 906
1043 4214
1367 3887
3834 4074
3676 26
2188 3561
683 689
4018 1164
232 1360
3993 909
3644 909
3161 2300
3096 87
3032 4942
3873 4004
3688 1492
4481 3561
1028 355
2634 4946
4086 4971
2015 4496
2770 4172
3161 1054
4887 4946
2268 568
3567 3246
1771 4946
4946 3148
630 3794
4172 1044
4086 3126
3509 139
4953 3167
4167 237
3334 1277
3561 360
663 1277
87 1915
2551 683
1838 212
49 3276
4946 7
3350 3569
4076 4953
1669 3567
939 2056
4434 750
3844 896
3372 2443
1038 725
3927 1711
3699 2056
87 2724
1450 4086
2765 3032
4004 4742
3676 2192
2443 1626
64 2249
3434 49
250 4919
2303 2443
3173 1350
4929 64
909 4506
1360 2694
4167 905
4953 8
1482 4919
3142 1645
3032 2994
1491 801
4953 1124
480 139
4953 1039
4167 1148
3161 2952
2177 3561
955 1277
1581 4946
3881 1491
1989 1277
4382 87
4218 4090
2056 757
3043 1491
783 3927
1360 4413
2362 2277
3292 1038
4041 3121
4238 4167
4004 4984
3844 3605
4020 1350
2998 2639
759 2362
1979 49
4132 4214
2687 2046
1588 212
3283 3927
4244 3901
4162 3221
2443 3236
139 2951
757 4946
2072 4919
1963 3676
4218 4445
1926 1360
707 1859
2987 1277
2709 1360
1190 1164
2998 4175
3232 3927
4430 1350
1277 3662
3079 3121
1881 1491
3811 3805
64 1517
4919 2212
3676 4572
4172 789
3811 1306
1038 2693
1016 1504
3179 590
3676 4332
4953 1489
2687 1422
2245 3844
2178 1038
1904 3567
3432 1138
1807 4214
1138 3065
1382 1277
1750 2687
2301 1367
707 4399
4172 199
313 3688
2981 4946
3991 3913
3902 133
2998 1798
4214 1867
4497 3913
4496 3097
372 856
1987 3794
1306 1504
729 3561
212 2161
4004 685
525 1504
355 1946
4004 106
4946 3271
4172 3287
3676 2641
3330 4214
3023 909
2689 4946
4919 903
4927 87
49 2810
3852 3927
3811 1680
1350 312
1949 3927
3688 580
3676 2162
49 2022
1093 4074
2169 4496
139 3617
1277 1783
1491 2459
14 1277
3701 4172
3179 2863
3676 2100
372 500
4866 3676
2379 568
3794 1442
2851 3032
1513 3567
1882 3221
3616 3350
3803 3676
1227 3913
435 2611
64 621
3958 4919
4214 4709
4592 64
4508 909
3569 1367
922 3179
3794 2725
49 4289
2426 1038
3913 264
909 1442
1514 64
2543 1367
4004 4158
2416 435
4244 3315
490 4977
1138 2224
1238 1138
3468 3567
3526 3844
568 437
3806 1164
4218 3143
2056 2558
435 4702
4728 3350
3161 97
3676 4076
3179 1932
1016 4218
4977 2118
3844 3483
3927 1502
4004 4400
707 2629
2873 139
2781 4977
3688 3813
4736 568
3142 4636
2288 1360
1277 2011
4434 1325
49 3565
2392 707
212 2611
1869 3676
3477 4919
2820 1138
889 1164
3811 4051
2113 3567
4977 4217
64 1689
85 4953
3567 2743
4988 3844
435 579
4004 790
4598 4004
3844 167
2667 3927
1138 2875
707 775
4088 909
4167 2245
1277 1560
3142 2220
568 3582
575 139
372 4346
3179 189
4657 1491
3225 4074
2146 1164
4209 1367
3223 707
1277 1981
3438 2998
3709 1164
435 1382
2430 3210
245 4167
3913 1912
1360 2481
909 686
3561 55
2362 3381
1360 1776
568 2608
1858 4167
1504 3556
190 3561
2317 64
2443 4173
3121 1014
4268 4919
3498 1367
4941 3913
1279 212
1360 1263
3163 4159
688 2443
3525 87
3210 3572
440 4946
1038 963
2687 4209
2929 3811
4086 2181
1138 184
3927 2207
3980 1350
3221 3957
3105 355
707 4651
3129 4172
4214 3578
4722 2443
3792 3688
4244 1278
3913 3403
3484 3567
3821 3179
2547 3811
2089 3794
4977 3205
1504 437
4953 2089
369 683
3161 3885
1422 3161
59 4218
1138 1256
2076 3121
4496 4017
2933 683
3794 3958
9 707
2238 3221
3142 203
3332 3161
2362 2965
3927 2098
2357 707
909 2205
4919 225
4919 1139
4137 3688
3372 2362
87 4261
2848 3561
1399 3221
205 3844
4953 1449
64 4692
49 2881
3957 3210
3482 1367
4946 3222
2975 1350
304 3210
3221 1139
2556 3210
683 4672
1063 64
2633 3121
4237 4244
1952 3121
3959 49
4958 139
1131 4953
4167 3928
3676 3583
64 817
1367 1949
139 2803
1351 909
139 3218
244 683
909 4469
1504 1071
3121 480
1138 4093
1277 3521
4765 3350
2920 1504
971 1491
3690 4004
64 2927
4086 4356
4721 3844
469 3179
4977 1637
1189 87
3084 1360
707 442
562 4244
683 2040
139 4445
568 3749
4446 3121
209 4218
4343 4214
1685 1491
587 64
3075 4074
863 1350
775 4159
1164 675
1360 1811
4354 1277
4320 3561
4009 3676
3794 654
344 4074
3221 3151
3800 4977
1156 2687
2918 49
2529 4434
3161 1751
3709 4496
4953 4466
909 4250
4977 1425
870 1038
2103 87
3319 4434
3676 4225
3142 412
1204 3142
4214 2796
4159 202
3719 3913
2967 3179
139 1232
2622 49
87 2521
674 2056
3844 900
909 5000
694 4946
643 683
3168 372
568 4416
1350 1039
1011 3844
298 1350
2666 4167
707 2332
2687 1074
683 333
3179 428
139 552
3641 2998
355 2438
3032 2301
728 4218
568 645
3567 4989
683 902
813 2443
707 2381
4946 1668
3902 1303
4608 4214
2276 212
3927 915
3142 1331
2635 1277
4434 4338
2245 1350
3451 4919
3321 3794
1396 4244
139 2779
3210 2658
3794 4910
2998 4617
2813 3350
4840 3811
3623 1504
4691 4919
549 1491
1597 64
139 209
3902 848
3844 456
4434 3175
707 3720
3179 3123
3811 1156
2056 1781
4591 3142
3338 87
2401 3676
3412 3350
4218 552
3688 4184
3368 3142
3142 3769
3121 35
4074 4922
4218 2060
1543 1360
683 2542
1390 2056
4378 909
2200 64
3555 4167
3927 804
4074 3348
4004 4712
4092 4953
4214 1618
2362 192
2525 4004
3688 4873
683 1737
1868 1164
4953 3556
2362 4651
4218 4873
90 3210
1875 3179
4256 707
473 3161
2024 4977
683 53
4506 568
4761 3350
3728 4919
3121 2565
707 4216
87 625
4485 3210
1421 2443
1567 4214
1350 3231
1277 4152
355 1033
3818 1367
3221 4876
725 1360
2767 2998
4159 3374
3283 1491
789 212
372 3916
2998 4328
3676 3531
3816 2443
4953 1262
1964 4434
832 49
4712 3927
2943 4159
4214 201
3221 2370
2369 4159
3811 3644
3567 4719
2443 3835
3079 4434
932 3161
2350 3142
3872 4244
64 3011
4004 2416
3654 4953
1998 4074
1078 3844
3101 4172
4979 4218
3179 2680
4319 3350
132 4074
49 4030
568 89
1993 355
1024 212
4496 818
4326 3161
3567 1307
4218 3363
1038 1591
4516 909
4919 2647
1753 1038
4218 1634
1911 2443
2702 139
3811 964
1353 3913
3531 4214
676 3161
775 4953
4214 3237
4434 2482
4244 1812
4218 3165
2998 2497
2322 4086
3946 4977
4244 4058
4244 1263
4494 139
925 4946
4141 3121
2021 4004
724 909
2478 2056
892 4086
2197 1138
3567 673
1118 1350
3179 874
949 3811
87 1170
2463 3179
279 4218
568 485
3121 1521
3070 4214
1277 699
3260 372
3339 568
3688 915
3780 4244
1504 2752
1386 4244
2772 87
1043 2362
2941 3567
3676 2318
1265 1164
4364 1038
2056 4821
64 2364
4902 4919
355 4501
3161 403
2443 3656
4919 38
3350 227
2687 4550
4919 1635
1227 3688
2040 568
3811 3432
1006 1491
4631 3210
3456 3161
4977 4273
2450 49
4004 1432
3561 1357
1197 4919
3170 4244
3931 2687
3811 1010
3302 4434
1038 672
1857 3121
372 854
1277 4419
4214 4960
4602 3032
4214 488
991 909
707 818
2992 212
4994 64
3913 4237
3179 2708
1835 3811
435 4369
3811 709
4977 2283
4977 3731
1290 3142
3252 3913
3084 3913
2583 1367
3161 4025
4946 1033
4501 1164
2207 2443
584 355
499 4086
3426 4496
2800 4086
1210 4977
3208 3350
2687 1114
485 3161
3927 2666
2881 2998
2595 3142
1826 64
1820 4919
3350 4899
2998 622
4244 57
139 2254
4808 49
2085 2362
1829 2362
1367 4519
1360 1227
568 1258
3210 125
2491 3142
3032 4739
3844 2140
3236 3179
4760 4244
372 1183
1725 707
4244 2303
2676 3567
2407 2362
3142 1237
806 372
1551 87
909 4514
1639 49
1367 884
2566 212
4496 2248
3221 3543
49 1806
2554 1360
1360 1214
2806 1350
4218 4616
4172 4566
3844 3220
4434 4796
2410 139
494 3567
815 139
3003 3913
3210 4449
2516 3676
2262 435
3688 1450
2601 3161
683 2894
2056 622
355 2815
980 4434
2303 4004
4946 8
4977 2570
2443 3597
3363 1138
3650 4434
3927 3361
1038 3524
706 49
2567 212
1504 3607
3622 4004
4434 2754
2846 372
1038 699
1360 4152
1495 3210
4214 4555
4020 4919
4282 4496
662 4167
3913 2221
3461 3179
2621 1360
2209 3350
3473 4496
4004 1793
3688 628
134 1277
49 1051
1138 2001
4159 2846
4159 554
1526 3350
3635 3561
1537 3688
1015 3142
2219 3676
1504 3786
4004 2076
1821 212
2443 4940
4098 1360
4167 3500
1465 139
618 3210
3174 707
594 1038
2114 372
4912 1504
1360 4087
3927 4520
4919 4983
2405 3844
3676 238
4564 4172
2737 2056
1367 3629
1038 892
4086 3344
2721 3902
3444 1360
2337 3688
1721 3210
3676 4980
3561 3312
3844 322
3688 1837
3142 2868
4218 575
4911 1491
4561 4214
2767 3567
3161 1532
1081 4004
1625 4953
4932 2056
3685 4953
4214 1472
2797 1491
3230 372
2367 3688
3599 4004
3032 2370
319 355
1201 435
4889 3032
3221 3703
4560 707
2165 3676
3121 52
3794 2119
4494 3927
1343 3913
2660 1491
355 3205
1247 683
2847 3221
1138 3544
1572 3811
4919 2609
1462 1491
4877 4946
1801 1491
4218 379
843 3902
1090 1164
4887 372
372 951
1277 56
568 3929
87 3945
4159 2405
4167 2260
3844 23
4781 4977
707 798
1164 1124
4163 1138
3512 355
4925 2443
2704 3902
3913 3511
4953 2835
1824 909
3688 3988
2630 139
1138 4423
1367 4508
3290 4086
1104 3032
3695 49
435 2146
4786 3121
4074 3339
1360 3173
1419 3142
16 3913
87 1258
3104 1504
4946 3082
3142 2273
4086 4798
125 2998
3913 3796
3589 683
3909 909
4946 4722
17 909
1277 2914
64 2652
2998 4894
1504 4090
3561 821
4434 1079
1164 2026
739 2362
3017 3561
1367 4091
2690 3913
2649 4086
2424 4953
2532 64
3561 4683
87 2680
707 3537
4317 1491
3161 3131
2687 257
2332 3688
3350 4270
132 4172
1911 2362
1897 3794
4004 3482
4086 966
1504 1500
1423 3210
4435 3927
435 3708
1138 2530
1138 3471
2362 1358
3676 99
4434 2157
49 4745
4172 2890
139 3745
3561 1538
2310 1038
372 3249
1679 1367
3913 1502
2698 4244
1644 2998
2413 4244
1491 2843
4434 3385
1567 3142
372 2773
3079 3179
3688 240
3179 1070
3362 4496
3927 82
4434 3246
707 3694
1635 4218
2056 1158
1491 2842
49 2021
1729 2687
303 707
2188 1360
3561 4143
1350 895
1491 3369
4159 1884
2084 49
4167 669
4085 355
1038 2860
372 277
700 1277
1519 1360
4037 87
1350 2425
3092 3688
4099 1360
2998 1115
3405 2443
2488 2443
4184 4004
4977 135
3794 612
3210 4066
3121 931
4789 64
77 4167
3688 4738
3121 2721
4890 3794
1938 3221
1350 2883
372 1235
2784 3561
97 1491
212 3522
4977 2268
3553 372
1504 2246
3161 3026
3794 2338
3697 1277
4086 4254
3811 3987
707 2095
3210 1572
4977 1712
139 1423
372 3742
4953 186
3151 3844
1865 909
3267 4218
4421 4159
4434 433
1819 49
3034 1350
1763 4496
1277 4720
2118 3210
2754 212
3161 3951
2056 3481
3049 568
3032 3234
2056 1184
4180 1367
1277 90
49 563
4055 1350
3954 3121
3125 2362
4096 212
4338 1164
87 919
4167 4911
3524 4074
2175 3676
1228 4919
4919 2285
212 3728
3179 246
1781 4919
2030 3676
3619 3350
4086 1046
3794 4021
4434 1226
355 3366
1005 3221
148 212
4167 3590
1138 1846
4887 3844
87 1415
1277 1605
909 4392
4046 3121
4218 8
4685 1164
2443 2930
3567 1341
435 4968
2805 4496
3155 1277
4074 1736
64 2438
459 212
1787 3121
4434 95
683 955
3179 1810
3942 64
3221 4499
1367 1745
3142 2943
2528 4214
3913 2541
1038 3040
4267 4244
4004 4729
4434 85
3121 902
2687 2975
1029 64
1367 4073
2687 2569
4100 49
3561 4746
2537 1277
4525 3561
49 3225
139 810
434 1367
3567 2533
3562 139
4833 1360
909 1095
1138 4154
1491 1140
1491 1973
942 3142
3688 850
907 3350
3722 2998
683 4710
3121 668
4977 4486
3561 4182
706 3688
3350 3890
3062 3161
4181 435
695 1138
3032 4479
409 212
3902 1111
1106 355
1773 1350
3350 898
3567 734
139 3427
1163 3161
2998 4943
1504 4231
3844 703
1997 3121
1316 4434
355 1465
1226 4086
3561 613
3350 1561
2324 3032
2415 435
4279 4172
4697 1038
3179 617
3161 4532
3032 1198
2022 2687
3385 3902
4086 814
1152 3561
1303 3844
3252 1350
1092 2362
120 4946
4244 4623
2554 4977
3676 3217
49 2944
4394 3561
3136 4919
4086 4909
139 4669
1491 1892
2715 64
398 4167
2362 3377
664 435
60 3794
4977 2172
3822 3032
5000 1164
4166 4434
1865 707
362 683
2687 1372
2461 4919
4573 3844
49 1245
1103 707
4172 2383
1866 3927
318 3142
1642 4946
719 3561
577 1491
2998 2473
1038 4835
3161 533
1138 4984
3561 4183
371 2362
1065 1138
3161 3182
1113 64
3949 49
4299 1164
3161 3657
3032 3277
2386 1138
1461 1138
4496 3768
1041 2056
4086 2667
568 4362
2696 4953
528 212
736 1277
4037 212
3273 2362
3768 4074
4711 3161
3944 1504
64 3101
3676 2770
1984 1491
1444 3179
1794 1164
435 3025
317 3210
33 4218
1477 3142
57 4244
3913 2956
4204 3844
2561 1277
3350 4994
3902 1495
4299 4953
1594 372
2901 1164
4348 3032
44 2687
1162 3121
2901 4953
1034 372
4434 1008
2492 4167
3913 4573
4244 2063
3676 4353
2009 2362
1360 4596
3794 156
2112 435
2998 155
4105 3688
4434 3459
2465 1360
46 3221
1567 2998
4925 435
4687 4214
4214 3717
4244 1651
2443 3336
1277 1721
871 1164
4648 3688
3785 372
190 2362
4977 871
4514 1367
868 212
3365 212
4919 1768
4706 1504
2443 4035
1038 1937
1360 4302
3561 4166
2998 4676
1744 372
2443 1196
1277 2094
3179 2810
3060 4214
3032 3770
2064 64
3044 3688
1080 3794
4159 4751
237 4244
3922 3927
3902 2985
3549 3927
3844 1256
87 3236
212 1562
1491 1181
3299 4167
3844 1994
1163 4434
4977 1227
2675 2362
568 3374
3794 3449
2855 4218
3404 64
2056 394
3977 4977
4560 4214
4647 1367
2443 2776
3676 883
3161 586
4218 740
4919 3711
4434 2718
4736 3032
4946 890
1411 1504
4832 4496
2706 3902
2002 3927
2819 4172
3567 2134
4946 4390
2716 212
202 3927
2115 3350
2784 4214
1765 1504
3676 50
1748 3161
1590 1504
441 4244
3844 2108
3142 2501
909 4413
4434 4510
435 4291
4212 2443
1277 4546
3032 883
57 4244
172 4004
4588 4074
2935 4953
3902 1211
3155 3032
4166 139
2373 4434
1430 3032
4683 3179
568 757
4434 2877
723 3913
3142 207
2617 4214
3515 4004
1952 4434
1277 2884
1119 3811
626 2998
1504 1159
2320 3142
4214 4077
3794 131
87 1378
4699 1367
3210 3705
1866 4167
3844 2308
4218 1569
2601 3561
3350 117
3902 1308
1458 64
1188 1491
3057 4159
1277 4212
1769 4244
3811 1179
49 309
4159 4834
3221 356
1025 1138
1504 1834
2755 64
4487 4496
3913 4720
683 2301
4801 909
3142 1020
139 231
3536 1367
4218 4507
4447 909
49 1171
1919 2056
2812 3794
3179 2691
3221 4347
2202 3161
4953 1620
3844 2391
3698 1360
100 3794
4086 4416
4860 4159
1633 4218
4872 3221
3032 3518
4269 3350
1367 3838
197 3179
2517 1038
1038 2085
1161 3844
2599 4172
1133 3350
1264 3032
1020 49
4197 4167
2171 3179
2974 4172
2242 355
1277 3174
4172 4768
4218 1791
3339 3210
2094 4172
1896 3811
4953 2225
2229 49
4434 3031
1088 355
4496 4500
2053 435
1568 4004
909 642
2998 1930
4919 4033
3927 256
4004 1213
2532 4244
3350 4565
380 1360
909 2040
909 4133
4218 1738
3161 187
1952 1367
3902 3167
3169 1491
2419 3567
1562 4946
1109 4919
3676 4158
2538 4919
934 435
372 1278
2604 3032
2557 4919
3032 1764
1698 1504
1393 3688
1038 2235
435 3698
1964 64
2130 49
2557 3179
4074 3226
3794 337
2970 3844
2362 2168
3142 1886
3373 2687
962 1350
3734 2056
3566 3913
1907 4214
2245 4086
372 2102
1491 4200
1122 1164
3567 2827
3121 182
4010 4218
3212 3179
4648 4434
1289 4159
1360 3331
722 49
4435 2998
3179 3421
139 83
800 3210
87 1478
4746 3142
4004 3276
64 2072
2967 4946
2443 1314
3032 1656
3429 3794
4074 2634
4940 3811
2950 4244
1367 1686
2710 2687
372 3153
3546 3676
2148 2687
3764 3561
4276 4977
1350 1450
3545 1164
3476 3032
1889 3179
3368 4953
1367 2748
3952 707
1494 2998
3960 1491
4496 2909
87 459
2245 3567
2362 431
1574 4214
683 4420
3794 765
1504 4334
2614 3676
87 1058
2687 1515
3209 707
3849 3811
4149 2362
372 3953
511 4496
4104 4172
4218 685
775 49
1024 2443
3811 3050
4004 585
2860 4496
909 2485
3902 4191
4218 4775
1338 64
3214 2998
2362 1752
3460 683
2687 702
3561 2187
3121 1139
355 2562
3221 301
4257 1367
4953 2390
3902 850
2998 1541
507 1038
4919 1238
311 49
2478 3794
2151 4919
958 4434
1185 2998
160 1277
4008 1277
4004 515
1010 1138
3685 1360
3191 1350
2362 4797
909 765
3736 2998
3481 3676
41 3032
437 3913
1350 298
64 4177
1670 909
4630 3221
1037 909
4953 817
612 1277
150 4159
2792 139
3102 87
3210 2859
2083 1138
4242 3210
1367 4236
1350 814
4172 1818
1360 2616
806 4172
3121 795
4244 290
1491 520
3987 2443
1836 3567
496 4086
4817 4086
3913 3641
4172 3837
3688 2616
3142 1496
350 3913
1138 1929
2687 704
568 2907
568 3447
3844 1812
750 1360
4977 507
3676 3019
372 1625
1435 2056
505 1504
4900 4159
2206 1491
4296 87
3811 3345
3373 4919
2024 4434
4635 1360
4434 1039
4214 4258
372 1670
4426 4214
84 1038
2042 3350
1055 3161
372 2136
1638 4074
568 4310
3274 4946
1359 2056
3794 2242
2443 3143
3903 3811
3277 3221
2369 4218
1776 87
3461 3179
3161 2610
4004 2107
2687 1446
64 3409
4540 1277
1038 2796
4172 4037
3844 2074
4955 355
3072 4434
2663 4167
707 2376
838 4004
1366 3221
3688 2731
2687 4054
4214 77
3032 2337
4434 2519
4204 3688
3147 4496
707 3117
118 4086
1076 3121
4933 212
45 64
3390 4946
332 4167
4074 3019
4086 4921
372 2887
4167 1744
2672 3811
3865 372
435 3276
1368 3121
4946 78
4312 3121
355 494
3561 598
3191 3811
3902 1965
3902 3354
4434 1688
89 3032
2176 3913
4442 3210
2687 3384
4946 307
3304 4172
3141 3844
282 3676
3221 3397
1277 270
4218 1404
4042 1350
3913 2363
3221 929
4074 791
3183 3688
909 1664
64 2974
2443 768
2817 4086
466 4004
3675 1350
526 3561
4657 3902
3877 2998
3169 3811
3884 683
2442 3794
1293 1504
3498 1360
1138 4554
3582 3121
1786 2362
4508 49
4214 170
3179 1627
4004 2154
4003 909
2106 87
1596 212
4484 3121
4060 3811
3567 2188
3161 4456
3543 4218
4214 2380
3225 3676
2076 2998
571 4977
4059 3210
2985 1350
1491 1465
1227 3794
2303 3844
1038 3720
4086 3005
3561 3306
2056 1398
2362 4446
4444 4086
449 3927
3913 1333
909 1856
3238 1138
3073 2687
3844 1485
4004 1376
3747 909
4137 3688
4172 1198
3221 3840
2056 2529
3546 3179
1138 4758
3323 4953
4214 2188
3652 1350
4965 2998
683 867
4696 1350
3927 2928
3688 2660
3561 4983
4252 4919
3142 4394
3676 3079
2029 3350
1331 2998
4397 4086
4159 1345
2887 4159
846 212
2733 568
985 2362
3783 3142
4113 4214
4004 2747
4977 868
128 3902
4172 3751
2362 1334
716 3794
3567 4789
1344 4977
1278 2362
64 1717
1865 3179
3151 3221
683 4229
3080 4946
4764 3913
2541 4086
2889 3121
4244 3031
363 4159
3384 3676
1619 3179
1038 2017
909 1362
4213 212
3325 683
4946 3645
4434 2575
4244 1842
1419 1164
3781 1164
444 2998
2769 2443
4032 683
1363 683
509 3913
3913 4591
1138 1007
1511 4074
1007 1038
3161 3638
4953 4889
3119 707
338 4074
3142 3453
2998 2681
801 3794
4159 3656
4467 3688
1504 543
4860 4167
2056 950
2602 64
4172 931
2326 1164
435 4753
3902 950
3179 3545
2007 2687
2020 4074
3794 2233
4496 1949
3121 2089
435 4760
3305 568
3913 4269
3142 1090
4829 1350
4916 3927
1571 3210
2687 1257
4977 2303
2310 4244
683 2630
2687 788
64 3114
4553 4159
707 4040
2101 1491
1504 4967
748 4434
2454 1367
1627 3794
4004 3802
1363 1504
3913 1073
1038 1283
2825 49
1021 2998
4364 4004
512 4218
1164 1698
1174 3561
3811 1340
3560 212
3391 355
4355 909
2720 1360
3567 2392
3913 4131
2889 1491
1504 655
2443 3960
3676 1745
1778 1360
671 64
776 4496
3561 3422
3121 1436
3206 87
568 1654
2298 3688
3210 2466
3142 2704
4977 1078
4167 1140
3389 64
2094 355
1038 3949
1164 1376
776 3676
3029 3210
4919 4483
4271 4946
3688 3207
2680 707
4919 1594
1876 3927
1265 3210
241 139
3784 2443
4214 3429
2443 4130
435 3656
3179 4132
776 1164
2374 212
3880 3913
3913 4679
889 355
1126 1164
4519 3561
2527 4977
1164 2047
4086 1591
1436 3179
1776 212
3430 4977
64 3139
1742 3161
3940 3844
3676 1219
4074 398
3221 2799
1359 1491
4678 4919
4172 1182
2998 3719
4284 4434
3179 2754
136 3567
1628 87
1848 2998
2488 4244
1348 3210
2622 3676
139 4881
3927 4065
2101 1360
2437 3913
4945 3902
3210 4018
139 3414
1360 4599
4649 4086
3794 2838
1331 1138
4148 1164
3658 4074
3360 707
1225 4214
476 3913
435 2758
4304 909
3927 3411
1038 253
4434 772
1367 901
2846 3032
683 2464
212 1155
15 3210
4214 1053
3878 4919
3475 3567
588 4167
1159 64
4981 3221
4159 3168
212 1286
994 2998
4214 3283
87 4178
1360 2026
4609 4214
3449 4946
3998 139
3729 4004
707 905
4919 3448
3567 3388
1491 700
355 1610
1504 1317
3700 4946
3296 3902
2079 4919
139 1768
2299 1138
404 4172
1899 4214
2270 64
3553 1350
372 1212
1367 4591
4721 683
3811 240
1700 683
1138 1387
2412 2443
2687 2520
3996 4167
4946 3527
1138 230
2794 2443
3890 4919
16 4074
139 1562
3927 253
1205 4496
355 1589
4833 139
130 49
2687 2110
2076 87
4434 3845
3688 189
3198 4946
3567 1597
2468 4172
1350 4648
3179 1550
3441 4953
3902 2806
3210 407
4504 4977
4086 1800
4086 4356
139 2882
2687 328
3337 49
964 87
87 4484
806 4244
1726 4074
2906 2687
1365 372
4027 3161
4214 90
2232 1360
488 3927
307 4167
3901 3567
355 1300
2335 4919
1164 823
3519 2056
3992 3142
4434 1259
4159 1032
3221 764
2048 1138
4778 4946
2876 3142
3688 345
1491 3137
3811 1054
106 3688
4949 64
1472 4172
1652 3210
937 1277
4244 2195
4386 4086
212 2897
4074 1426
1360 2672
87 1535
2443 677
3458 3142
2608 87
2056 1793
4244 359
4701 4496
697 3811
1860 3161
909 2832
4182 1277
3902 3825
435 4371
2056 3353
212 1621
2503 3927
1360 2695
4244 3037
139 3848
3121 920
3350 3907
2108 3794
4100 3142
1752 4434
568 4863
2687 3326
355 1085
3925 1504
566 87
3738 4244
2771 3179
86 139
4086 1890
355 4868
4434 2825
4977 2769
2934 1277
105 2056
2733 683
4380 1504
4919 4116
2998 1628
3859 1038
3946 4946
2056 4527
4244 3865
313 4004
909 3338
3794 2964
2687 3969
2379 4977
1164 4269
3073 139
1042 3350
2922 3913
4434 3935
3325 3688
2687 1016
4391 87
1018 3913
3720 3927
3223 4074
202 707
1942 1350
1995 4953
683 1114
4919 4353
4977 3329
3121 2945
3886 4919
2030 4167
568 4952
3608 3567
2350 49
908 435
144 1164
1841 2443
3142 3170
4946 4456
3210 3916
1038 2085
635 3927
372 4305
3927 3446
3350 2601
997 1504
3240 3142
2202 139
4174 87
1002 3913
1498 1038
405 2362
2444 3210
4947 683
4004 3400
2741 3794
64 1007
1013 212
1405 2362
3794 2276
1491 2249
2888 4919
3330 3161
4946 2266
87 1283
1504 118
1534 1138
1277 3885
1941 435
3138 139
3221 4577
1822 435
107 3161
64 959
1277 3588
3913 4362
281 1038
3142 1472
1691 372
4295 1491
2125 2998
1686 909
1692 212
2362 2822
3179 564
4218 1972
577 3688
56 1491
2159 1350
3806 3221
1360 73
3633 1367
4159 931
4312 87
2013 1367
3811 472
1504 1343
355 1087
2105 4977
3142 3100
4870 372
87 4268
2194 3567
1419 3032
1138 2252
3142 4900
974 3913
2210 3567
523 4004
1038 2448
4742 4953
707 2646
2 3811
167 3902
1168 4919
2998 1449
3927 3181
3142 2207
3350 4278
4332 212
3561 175
2364 212
4172 4090
3927 1855
435 3283
4630 372
3811 4823
1138 668
1475 1367
1277 1957
3221 4191
4004 4052
435 2067
2395 2998
3806 87
4244 872
713 2998
2067 87
4214 578
3927 3581
4953 1522
4919 2000
4080 2443
4946 4498
2523 3142
1504 2577
1171 909
1735 3794
707 1960
1541 1491
2116 3221
3794 123
1138 4558
2417 212
4533 2687
2998 302
4172 2156
3927 4763
3032 740
3161 4939
568 2402
1277 2544
4529 909
228 64
3811 3376
683 2376
4018 3161
4315 2687
4214 1262
2467 1164
139 1968
1611 4074
1610 64
1548 3121
3811 4369
4882 4074
2443 4377
909 379
3161 1269
634 909
2139 3121
4172 3329
683 449
1480 1367
435 1899
4719 1277
3087 2687
920 4434
3283 3210
4791 3567
1504 4506
2731 212
3753 1504
2362 1867
1222 3913
4170 4977
1721 49
3616 3350
1350 1007
2527 372
4218 2504
4332 4074
1151 683
1504 3453
1038 2950
4953 401
355 3170
1350 1403
96 4004
3375 4004
3210 465
3009 372
2517 87
603 3561
2026 3161
87 4447
4661 568
2362 4140
2409 3121
3927 1356
4167 3575
355 2525
561 568
683 1869
4167 60
1265 3811
2343 2687
355 3698
355 4622
3927 3770
2687 3154
3142 4522
1597 1138
2056 3746
1963 4159
4977 1252
3005 707
355 2242
3120 3179
4953 1089
3179 2712
49 4610
2687 1050
4214 640
2687 2876
1277 2936
355 1217
1337 4919
2006 707
1290 1038
4953 1320
355 2321
1436 139
494 355
4333 3210
683 4586
358 372
2107 4946
3688 1402
1621 3688
4074 526
2510 4074
1542 1491
672 4086
3179 1578
4953 2918
49 4912
3811 2501
1097 3121
3902 1973
64 2464
4074 1163
312 4167
4953 4056
638 568
435 4179
707 2612
4151 4167
3032 2208
1986 4004
3350 896
4218 1685
212 3055
4175 3121
3913 4893
1665 3561
3794 576
87 3376
3142 3879
827 4434
2825 3688
909 1717
3579 435
1762 212
3179 282
1277 1041
3221 3080
2604 3688
2406 3811
1504 3903
1493 4218
3927 3282
2998 2446
683 3283
4391 2998
3690 3221
4482 1038
4074 4978
1038 4973
909 3054
1921 909
4822 4218
87 3947
93 49
1003 1360
505 4159
3032 1990
1138 3480
3935 3221
2041 3210
2484 3161
1885 568
212 4707
4434 4318
2056 3059
4159 2631
355 2309
2765 435
1167 3561
3561 4367
1343 3032
4074 977
3902 4143
3904 4244
1530 4946
1504 582
2824 1138
1325 3811
3927 1723
3161 4883
304 4434
4224 3913
3350 479
2183 3676
4004 3326
4074 1219
1277 885
3210 424
4132 87
2649 1138
2877 4218
3210 1899
2444 139
1118 3927
3032 386
4004 2302
4966 3567
3688 4207
2097 49
4977 1534
3248 909
254 3902
4977 4303
854 2056
3142 4193
229 4434
2128 3811
2469 3221
941 3913
1381 1138
2930 3676
909 4217
3350 1063
3638 568
1556 2998
224 49
425 3811
95 355
64 127
569 435
3913 3966
3923 3350
3142 4092
4693 3210
4214 1208
4263 4086
4156 3688
2007 435
4244 4282
4004 1410
4053 355
974 3844
248 1277
1012 1138
3532 3179
3811 2006
3698 1138
3578 49
2000 3032
1243 3902
4833 568
3161 2915
378 2443
1831 4004
2218 87
3142 3069
1164 828
435 1751
161 3902
1038 100
762 3221
199 683
2443 3401
3811 4817
3350 3701
1388 3913
2534 49
2855 4074
4097 4953
212 3122
4218 3041
4344 64
644 2056
3676 3697
1138 3998
4658 568
2694 3676
4244 1204
1751 3221
3140 909
2687 2050
613 3142
707 3723
1038 3972
2056 3715
355 1497
1360 1577
4093 2443
3527 4496
339 2687
3794 514
4977 4021
2822 3567
2331 3179
838 4919
139 3259
2639 3688
707 2595
3121 3233
4724 1360
251 4004
2998 979
212 2916
86 4167
87 3395
3913 992
64 1921
4074 2464
4977 3406
909 4891
3452 2056
2630 3161
49 3163
4074 3280
3328 1350
1114 2687
568 2917
3567 1903
4086 3677
2806 4004
64 2445
4953 896
272 4214
45 355
487 3794
563 87
4476 4214
4977 4286
4172 1769
3902 3230
2939 707
3561 3242
212 2746
4496 3725
4953 57
3032 3180
4004 4567
4905 4074
4703 3350
834 3567
3567 4395
4669 4004
4946 542
1655 3676
1504 3279
3676 2672
4159 4333
909 3106
64 4619
4380 3561
3381 1360
1164 1373
2164 1367
1989 3121
3199 1360
1129 2362
1138 3508
1934 3221
194 4218
2779 3032
3913 3807
372 1375
3210 4282
2998 4896
4004 3589
212 1388
3927 3374
4327 372
1980 1277
4172 1629
1196 212
796 3811
2340 355
3567 4351
4074 498
228 3210
2443 1165
4273 3142
1823 4159
3676 3429
4218 4601
4114 355
4946 3628
139 542
861 139
4334 1164
4496 1261
232 4919
4167 660
1360 4623
4004 1396
1581 4086
4004 1875
2239 4434
1533 49
3161 1597
3221 1228
2443 2144
304 87
2824 4074
3688 2738
803 4167
574 1138
2648 1360
3221 2423
2002 1038
3142 2199
1916 4434
3210 4818
4074 4258
691 64
3525 49
4244 1531
3927 3603
4674 707
1367 592
1491 3742
1277 3300
1959 372
1138 3207
3121 722
212 2532
64 863
3121 1741
3567 1561
2506 139
372 4432
2056 41
4977 2234
186 2362
3142 3206
2443 4054
4953 335
2362 757
4919 2448
2262 2362
1491 1327
3210 2623
3927 3719
3161 2308
3111 1038
2270 3161
493 3676
2791 49
3811 2628
4649 2443
3142 3725
1367 218
4172 4915
2755 683
212 71
2998 2515
4946 4306
1360 2126
4667 87
4401 139
1350 1896
4829 1038
2687 3266
4214 4519
3676 4332
2687 2039
455 3811
3142 3284
1922 435
4133 4946
4395 3688
3160 3676
3797 2443
139 552
568 95
4167 4047
4218 431
4244 1069
3110 3221
2662 2998
139 4467
4851 64
4814 4172
1277 2870
3121 3645
3288 2998
4625 707
3210 3134
1350 2335
3567 2912
4946 2375
1688 3927
1602 1164
106 3688
4867 3688
3811 4241
707 3186
79 3142
64 2955
568 1014
3240 4946
1350 4516
683 1915
87 179
683 3282
3902 4513
3142 962
3148 1138
1683 2056
2221 3927
1046 4946
4167 954
3811 2630
4167 4714
435 1050
3561 487
1458 1360
1350 3799
1977 2362
3350 3258
3040 3350
4214 2217
355 4466
212 4488
4132 2056
658 3142
4074 4706
1164 2774
372 4959
4074 613
2908 4074
1764 568
2002 435
1481 4244
1127 1491
2362 4785
3844 1400
707 1556
3567 4708
3210 2827
3350 4456
1164 1257
1367 3139
4218 875
2950 3902
893 212
1876 3561
435 1276
2591 3913
3221 2645
3864 3561
49 3650
4919 1217
372 1879
1987 683
2056 1202
3114 3161
1360 4707
4513 139
568 3655
707 3647
3676 3928
4496 1940
1513 64
2613 1360
2238 4086
4974 1504
3902 4895
4317 87
4932 2687
3121 2378
683 2008
4465 4919
2251 1038
2318 3927
1053 3032
4977 1034
1277 4351
4221 3902
3811 4772
364 1504
4977 2650
64 4247
3540 1491
2387 4244
1491 570
1168 4977
4086 4404
3927 3745
390 4977
3676 119
2668 1350
242 1504
3520 4167
30 4953
3273 3794
1138 2747
1491 3975
4172 1395
796 4953
2662 707
1065 3221
148 4434
79 1350
4953 4471
2121 3221
3811 419
4244 911
805 4434
1699 4172
4086 246
3837 3121
2362 4872
4618 4496
435 1405
1138 3883
1350 4181
3121 189
2364 3676
91 1367
87 1772
3688 4894
714 3811
4897 1164
39 1038
1038 2515
3179 1690
69 3121
335 1367
1550 2687
3617 1277
3872 3142
1507 3794
4172 2388
3157 3927
3927 274
945 2687
3567 3715
4075 4086
3844 4799
3179 30
1054 64
3487 4172
3587 4953
3161 4146
2821 372
910 372
4434 3118
1491 4684
3189 3350
3132 87
4632 568
404 707
1420 3221
1350 4862
1791 4977
4214 4996
3567 2471
1367 1817
1238 2362
3142 4584
4434 3872
3398 3567
435 601
2567 3179
4414 49
3902 4998
1491 2514
3428 139
36 2362
3535 212
1238 4074
2056 1577
2336 1367
3320 1360
3122 3561
531 4172
139 1919
4656 3927
4410 1350
3794 2629
3368 4496
139 874
4167 2716
483 3794
4167 491
4762 568
2758 3902
705 1367
1307 568
568 2560
4074 1549
1683 1350
1688 3350
4004 2909
455 4977
4348 3844
550 4919
830 49
64 3828
372 304
3389 2362
493 2998
4159 3354
782 1164
1164 4486
2687 539
3142 618
2777 3350
3552 372
3687 4977
1920 87
4496 3082
4889 3032
1294 909
1083 87
1867 3032
3612 3811
4991 1164
4142 1360
3394 3676
3465 4074
4074 1819
4544 1367
1115 4496
4434 4533
64 2571
3033 2443
4983 2362
4214 1638
63 4977
3474 1277
4919 2539
3561 3329
3501 4074
2427 1367
1164 2742
1038 527
3121 2259
3142 1999
3873 3794
1234 3121
2056 1618
3844 2692
3350 2791
3121 204
4086 4805
3007 4159
4244 4202
4086 1721
4977 1106
3287 3561
3811 4100
2814 4946
4589 2687
4159 4199
4664 1367
1916 1350
707 1066
4086 2732
4426 4953
1164 2676
3032 16
3913 3475
3179 2231
2056 3268
1874 372
212 4742
3121 4980
1884 4172
3142 1639
299 4214
3676 3149
3350 4554
3902 3472
644 3032
3636 3142
1360 3090
3158 3221
3927 1889
477 1138
707 3948
4390 1164
468 3142
4955 1367
4214 4087
3924 3844
342 1164
87 4228
3902 665
4163 3844
139 1047
2217 372
1367 3843
3785 4953
1424 3161
1987 4218
3794 2311
3221 35
1277 76
4534 2362
3273 4074
707 3380
2329 3221
1504 124
4496 2772
1001 3927
4377 3221
3561 515
4559 3688
4946 1123
2056 273
4214 4852
537 3913
64 1021
1980 4919
3350 2471
4496 2777
3561 1051
4297 2362
4241 87
3179 3461
3065 3221
2998 2436
4953 4474
4668 3221
435 4573
240 3902
881 3561
4279 1138
2547 139
139 3068
2907 4434
4459 49
4244 3587
1109 3844
4244 2743
568 3763
2362 2511
2687 634
3988 909
3963 683
4525 3688
4167 3803
2485 3221
2696 2443
12 49
3567 258
4598 4004
2526 2362
1696 3927
3347 87
78 49
4612 707
3161 2807
1138 2968
3350 846
4107 3142
1057 355
4214 1783
49 4665
1908 2056
1491 1150
1350 500
3943 909
3902 294
3161 4029
2998 2943
3561 4607
50 2056
4214 4599
3179 3535
4919 3454
1522 1038
3688 3697
4244 1888
279 3179
2079 3811
1164 4722
2362 3055
3927 473
1164 3988
2007 3794
2443 4840
1747 2362
1360 4365
435 2971
2362 1233
212 4656
3142 3277
707 943
608 435
2940 372
4214 4248
2474 355
49 302
4159 1417
4214 3626
2998 4378
4548 1360
4074 1402
994 355
3472 372
1350 3373
3221 747
3161 4698
1610 1504
89 87
4074 2124
1277 1647
3016 3221
3221 723
432 4074
770 683
4977 1822
2606 3913
2857 3902
3045 683
4977 838
2362 684
3142 4347
1573 3567
4095 3844
3161 4547
4348 1504
4919 2045
1846 4086
2157 2056
3913 2585
3844 163
4496 1113
3794 2676
1360 2351
49 732
4074 1863
567 87
3121 4416
1038 85
1891 1164
3676 4724
2223 2056
909 1523
2443 3647
64 2533
212 1179
24 707
3567 2817
2411 2687
4231 435
1350 1963
4584 4977
87 3723
1038 2806
1843 3688
4946 712
2728 1038
3032 3463
1277 2608
3329 4004
4953 1818
3290 3032
3032 2611
613 212
1811 355
3032 4017
1649 3913
37 355
1929 3567
2362 4326
3844 3641
3180 4167
2498 1367
2373 3567
3702 1164
1138 3938
4977 2215
4953 3510
3461 909
4004 4707
3260 4434
4919 1269
683 4525
3688 4103
3561 2977
3561 1178
4086 2300
3811 893
4946 2199
4086 2826
2909 4074
4992 909
4006 4434
1360 3972
3561 3839
4591 4434
4858 2362
3210 4860
119 2056
49 1057
2855 49
1164 3013
4455 568
32 3221
2056 4821
3179 2164
2056 840
2771 4159
4953 2684
4937 3561
49 4948
4125 4977
3965 139
438 3350
87 4989
4371 4086
3339 4946
3221 4656
683 1114
1419 3927
4539 49
2687 1575
3913 4490
4403 4172
3161 4998
3459 3567
4496 3066
2221 4167
3902 1191
3185 4086
435 347
4919 3322
852 3676
1431 4167
2475 4218
724 4946
4373 707
3221 345
1367 4584
3179 2559
3913 1663
2787 3210
3660 707
4312 3794
568 2057
4167 1465
798 4172
4218 3588
3840 4434
909 932
4977 4749
3927 1290
2056 2543
3239 707
4689 4977
707 4082
4159 2619
4074 989
212 15
2056 4257
2375 3902
999 1491
212 4668
49 4385
4530 3811
2998 1948
1491 4331
3561 4454
4172 3132
2811 2362
3206 4496
1231 909
1350 4381
3738 49
159 1491
3844 4744
3561 2916
1776 4496
3283 1350
4977 3294
1956 3032
833 1350
1574 4159
2603 1350
4004 4420
2965 212
3794 396
2410 683
1491 780
3349 212
1360 3497
1038 393
856 2362
1647 4074
1164 3896
1477 435
3894 4214
480 568
1173 3811
4123 1277
4408 3210
4004 583
3902 4979
4167 128
2811 4159
4946 4342
4641 3811
1697 2998
4096 3688
3005 139
909 2513
817 1350
2056 4379
2772 1277
772 4167
2443 791
4607 3794
1863 1491
2056 309
4159 3287
49 955
4172 1320
4533 3350
1206 2362
1367 3213
3136 568
1458 3121
1138 3369
79 3811
4977 1124
1038 1843
64 1123
4244 3526
372 782
4045 4953
1047 4159
2560 49
1138 4141
285 4218
399 2998
707 1454
2334 87
4086 3822
64 2977
3121 3971
531 2998
3350 975
3561 4844
3452 4244
3494 3350
1153 1038
3348 2362
3121 3900
4168 87
2652 372
54 909
568 3068
416 909
3278 3811
1164 4109
2839 1038
3210 887
4479 3350
2283 4946
1350 2943
683 1679
1360 1125
3676 39
227 4496
3688 4899
790 4953
3221 4221
1360 4444
1352 4172
4244 264
2998 2972
345 4214
1491 4754
1032 355
4977 166
4522 4086
540 3210
3688 3842
1604 4004
1337 3161
2602 3142
212 691
1921 4167
4153 3221
2649 3794
4496 3717
1164 4554
49 2976
2443 2770
683 506
2548 4218
3676 2988
4074 1649
139 3478
2247 87
2056 3405
3032 2113
4496 66
2585 4074
4136 3794
2994 1138
1725 4953
1812 3142
909 4859
2443 1682
3348 4218
4452 4172
3927 4930
4172 4037
2443 2468
3785 4244
3121 4212
2934 1360
2953 4977
3161 2297
3927 4682
2931 2443
4868 3794
435 2824
909 1289
3167 1138
4964 4434
4172 3821
3688 2821
4167 1070
3032 4995
3448 212
4953 1885
1164 980
3074 1360
1038 4261
374 3688
4953 3639
2990 2056
2896 4167
3913 4278
1811 49
3902 3153
2792 3032
1277 4038
1645 212
798 4496
4077 3121
4813 49
1706 3913
301 2687
3567 1456
1367 4424
3401 4172
953 2056
2978 3210
1264 3794
372 687
909 1494
2767 3688
4172 2585
4567 4919
3179 4607
683 1259
3749 1360
1112 1277
4977 315
4304 372
2669 4953
2766 4214
3098 64
985 2998
883 4977
3556 3032
4239 3676
707 4111
3221 3793
3234 3927
192 2687
1202 3161
3161 31
2893 4953
4214 1832
3350 980
2443 3227
2443 4657
3676 2602
2893 2056
1360 4456
4496 2914
4977 4130
2254 64
3552 49
4230 3902
3567 4148
4054 3811
1396 3927
3927 81
3648 355
1876 64
1491 4265
4218 3703
1504 2039
813 3688
2241 4953
441 139
355 650
3161 473
833 4244
3778 3811
3501 435
3688 3599
4167 1139
3142 3734
4530 355
2626 4946
1504 3609
3844 4505
1164 4690
2056 1683
1360 3595
355 123
1169 3121
2056 1248
4086 4763
4954 3902
139 2613
4244 1592
3166 3567
2362 3256
67 3142
2560 3221
1491 3621
4819 1350
212 1379
2687 2992
1249 4172
4167 3907
1455 3032
2443 3174
4547 4244
3142 3069
570 2443
2091 4919
683 3977
1491 493
2056 2735
1368 3221
3913 3817
733 2362
4214 2624
2929 4919
2668 909
49 336
372 2614
2362 3575
294 4434
707 2400
4218 3743
2110 3567
355 1957
3270 2998
139 408
1522 909
3032 4971
460 2443
2826 3221
3478 568
3886 355
4074 1596
4261 4172
1598 1164
3221 4536
1368 3121
4248 1504
4004 2380
3121 2767
4946 2506
4032 1277
3794 1343
1157 3561
4434 3503
4287 435
3446 1350
87 3662
2362 3710
1138 772
2056 779
1138 2138
1350 3686
3350 2188
1350 3382
4434 2820
157 3121
385 3676
4559 1038
2443 3151
2024 4167
2378 4496
1645 4977
3350 4636
3688 2798
1555 435
434 1504
4919 4717
4167 2454
74 4086
4231 4086
1164 4793
1297 3567
3161 427
4868 3210
889 3210
3811 3882
3566 4159
64 3548
3468 4244
4476 4214
377 568
3892 4086
2362 3063
1902 4214
1594 3688
137 3210
4953 243
4167 4012
3782 707
4496 4094
4086 698
2785 683
3247 2056
1886 3794
2246 683
1324 4004
2627 139
1409 2998
64 757
212 4438
3303 707
4465 4214
4526 3902
3957 568
4998 3676
707 631
3599 64
2674 1138
4004 1286
78 4977
4244 1712
87 4326
851 3844
1647 4074
4946 3475
3179 3363
4125 568
4434 4976
674 435
1601 212
4977 4557
1029 1164
1634 4496
3352 2687
4214 1499
3927 21
2828 4218
4970 1277
3579 707
1329 355
1621 4172
2181 568
939 4159
3134 4946
4086 2240
4919 4621
3688 525
747 1491
3179 1162
3121 4881
3168 4172
4167 1075
3032 395
3234 3902
3794 4343
3210 3640
4172 3894
4149 3210
4946 1206
707 4298
3808 2056
2205 1038
3902 4887
3121 254
3142 1021
1277 76
1360 3710
2402 4953
2018 3121
3179 1562
3142 510
951 355
1959 64
4219 4218
4496 2480
4412 3902
2962 2687
3468 2998
4004 2267
3142 4381
4172 3574
3221 3748
4140 3210
2421 4214
4074 1475
2486 4946
4565 3927
2274 372
4172 2588
372 4749
3846 909
1347 4086
3927 3562
1504 4801
4218 1862
33 1504
4235 3844
3688 726
4977 4406
1504 2051
707 2957
683 131
470 1164
4687 3844
2553 4172
3338 2056
3902 4519
1424 3179
3902 2334
2887 3902
2187 4953
1208 4218
2380 683
4871 1350
3688 4458
978 4977
3605 3811
87 3859
1601 139
644 3794
4034 3567
3841 4172
4764 3844
1164 759
4218 4231
1753 1138
2546 2687
2998 2033
2443 2718
1164 3197
1242 1504
3594 4159
4985 3221
568 1112
3179 2967
4046 49
4601 1360
1350 3044
4004 3898
355 2766
4946 2920
1164 4849
1660 3567
3121 97
3866 2056
4530 139
707 4659
4723 212
3676 1514
4086 4731
1138 3776
3210 91
4178 4244
2056 1582
3121 4567
1613 3927
4214 883
3032 4204
3293 1504
3539 3913
4946 1525
928 3142
1148 4159
957 3844
3121 3938
378 3142
1530 4167
2960 3927
2104 3179
4434 1019
2204 707
3418 139
1360 738
1360 1738
3693 372
4074 478
2802 4946
1164 4941
3179 1956
1350 417
355 4547
3676 2134
3679 3688
4167 3714
498 3121
408 3811
1350 1379
568 950
1072 3794
4242 568
3161 4835
2443 1616
3561 4597
4457 4074
3688 3031
4946 2304
2600 1350
596 3032
3922 1038
1360 3007
3954 3210
4576 1350
4934 1350
372 3033
1504 456
1138 1675
3676 4525
3641 707
139 794
2209 3567
4147 4953
3187 4074
64 2806
4221 4977
2124 3221
4074 2722
3811 2029
3476 3210
1164 3353
1418 1038
3199 64
4569 909
4362 4953
4904 3210
3350 1590
2443 4615
1138 834
1899 3927
4498 1504
3970 2687
1416 4434
1360 2718
646 707
1491 2703
3811 3513
1689 4953
3121 4446
355 370
4946 3552
3561 3479
4323 4172
3395 2362
2080 1367
2689 4496
3121 4284
923 3210
3902 18
4434 897
1360 3190
4074 4755
461 3032
4074 3268
268 4434
2710 1350
2725 909
3520 3161
4159 983
1470 2056
1360 2950
2820 4946
3210 2521
4218 1287
2423 4218
1074 2687
2513 3032
4919 4492
3599 3161
2020 3161
2485 1360
4511 909
2687 1495
3210 1488
4434 2579
3221 3847
1504 2732
2387 4244
1335 139
1138 4366
435 792
4845 2056
3522 3121
710 1164
4251 4159
3497 355
909 3996
707 288
1350 1960
4014 3902
3913 1985
3926 1350
1899 3032
372 4594
461 4218
372 715
1588 3210
2056 2396
3350 3887
306 2443
499 3844
3110 212
355 3261
4218 2241
4218 4181
2804 1491
2227 3567
1442 435
2149 3350
2859 3161
2377 1504
2874 1350
2998 3429
1164 2409
2362 2302
4217 4977
866 3210
1559 3811
3811 3181
1460 4074
435 1589
2674 1367
435 1251
3350 3570
4666 4496
3179 1218
539 3844
3851 3688
753 3811
4218 2903
909 564
435 1596
87 3562
728 2998
1897 2362
3210 775
3142 2993
2544 212
3220 2362
568 1951
2508 3794
4074 2930
2056 1471
2587 1138
2998 652
435 2326
4004 4399
1360 1106
4681 1038
3676 472
3296 4167
4743 4919
1350 2380
3161 4374
4214 1800
3161 952
2111 3688
1350 3268
568 2661
3676 872
1190 3794
4986 3561
945 3121
4102 3179
1164 601
1062 707
4953 4981
909 678
3927 4525
1664 435
3811 2853
2968 139
212 1159
4172 3757
3757 3561
3179 1463
3210 4406
4919 621
3505 3927
4214 1708
4194 3142
606 3913
2031 683
4517 2056
3032 3029
87 425
4590 4167
1504 3690
372 3172
4919 1950
3142 3897
2117 3794
3170 4977
2998 1072
3032 4395
909 4168
4964 1491
2998 109
3121 2659
1617 1277
4434 3375
3740 435
3259 3142
3688 486
4496 3340
3947 4496
2692 2998
3032 2301
4167 4872
940 3794
368 3844
707 3622
139 3281
3844 3586
4548 4434
4238 4434
568 3647
319 3161
4877 87
3014 3121
435 3879
1465 3902
1350 4589
1504 549
3612 3676
3701 139
1360 2976
3676 4369
139 3038
1746 3221
87 1790
4172 4679
1491 4739
3242 3121
3676 2121
2519 4496
355 4868
2056 4277
4214 2639
1277 2537
3676 3846
3121 1260
1306 1350
1360 4036
4451 4086
592 909
1164 3021
3142 2166
1277 2713
909 4010
372 1321
3403 4244
292 3142
1504 1296
1786 1164
4442 435
4167 1627
4244 3406
3004 3902
4977 534
1138 3065
3142 3401
4214 1337
1297 4244
2976 1504
4208 2362
435 607
3567 757
3569 3811
3794 1707
4310 4086
77 4159
3561 2026
4 1360
435 3518
3179 37
1412 683
2998 4865
4214 3431
4074 2739
3794 505
1350 3387
466 4086
2998 1934
2592 683
2056 4915
215 3676
4214 4306
2296 4214
4350 3161
3210 4959
4496 2907
2056 166
1735 4434
3927 2344
1367 1421
4776 3794
1546 4434
3179 2092
212 2833
499 4496
1799 568
4496 3881
4305 3913
1668 4946
4434 1923
3794 25
2443 3829
3439 4919
3731 3210
4214 3985
1238 2687
4218 1299
1145 3032
4383 4086
608 909
4736 568
212 3268
4434 962
1032 3350
1491 547
1350 624
3210 2393
2056 2881
4244 2127
3494 3210
3209 3221
3927 2785
1367 4861
1629 49
4856 3567
3940 1367
3561 3474
3210 581
4443 3902
2687 1400
2395 707
87 4724
1636 4086
4218 1219
3676 4295
4953 3216
2451 1491
707 2114
1768 4086
2193 87
3561 916
912 1367
4919 4538
1771 1367
620 3350
1740 3350
3688 1409
1622 139
3255 3567
909 1301
4074 2983
1707 3844
4953 3343
3693 2362
3644 3811
3567 2035
3142 1203
212 527
315 49
888 4172
3161 4859
751 1038
2620 4919
4004 3513
909 4560
4086 2143
1278 3032
1277 3762
4784 4214
3179 2116
1491 2084
3228 1038
2998 2217
2056 1300
3142 1707
1504 962
435 4536
3844 4095
4428 2687
1296 1504
3713 4167
2998 4273
4553 3913
265 2056
3392 2443
3179 48
4966 3161
49 1410
4496 1640
1997 3221
1668 3121
1164 4661
1179 4946
200 4434
1277 3206
2056 4111
4214 4541
4209 3676
3844 2345
3402 64
568 2310
1600 3142
3501 3902
3121 4570
568 4157
4434 147
4172 4195
4174 2056
4644 4244
1422 4074
2126 87
2687 1815
4086 1111
3561 3164
92 2687
326 372
3913 3189
4004 539
3811 1373
1504 2202
4280 4214
3121 3432
707 4368
1277 4565
3032 3559
1504 4508
3567 1397
1138 2149
660 139
2909 4074
355 4824
4167 2176
3567 2385
1138 4141
3567 3705
2687 4588
144 4074
4004 3659
4214 2316
3902 3302
1164 938
355 545
3928 3927
3902 962
