3992 3989
1997 3948
3184 955
828 1544
3381 2397
202 3456
1786 2735
262 1740
3383 1211
1790 3844
568 446
2471 135
603 21
2221 1759
466 1084
488 3526
2994 2303
2840 3706
2175 603
754 2001
229 395
315 3451
3131 3768
2304 3396
1201 2462
2478 742
1885 2063
895 928
3903 1327
2821 297
525 2206
571 583
2459 2812
3131 3639
2545 172
2867 2922
2097 769
3248 1521
3134 2774
2081 360
258 2569
1804 2613
1337 2579
2714 2903
3272 2116
1834 3740
1542 1261
424 2247
1254 3904
2063 3925
3392 3175
257 2125
1592 3497
3812 1471
902 732
3199 2501
2902 2621
1475 314
528 3395
3295 2333
2116 2132
655 508
3476 1672
3199 3641
1785 284
3248 2013
1211 2840
3613 1458
1261 284
1485 1980
514 1452
1544 347
110 3026
1245 3487
3325 151
2290 693
3170 440
2930 3171
906 38
3257 3159
669 1771
1858 1970
2412 1181
166 1614
533 1920
2211 287
1798 3090
3575 2284
2935 3984
2171 598
668 3060
3179 473
190 742
3331 977
2256 3292
502 2831
1358 603
3060 3010
2754 2209
3124 3784
2443 618
2096 3634
2602 773
3395 467
732 2045
2862 2759
2130 3393
3395 1378
1896 3692
352 2084
686 1963
302 1832
2833 3076
867 304
1882 2826
928 791
3936 2840
3010 3697
1882 1736
3281 1787
461 1509
1029 567
257 2321
2269 2476
178 1816
107 3102
2306 3670
2721 466
1521 3760
3964 1973
2795 2992
3053 3848
3517 195
840 3008
732 3450
593 1148
3053 2255
644 983
404 2938
3206 1097
3368 535
566 2114
1144 3126
2686 3992
1974 1031
2316 2392
2977 3936
675 2856
3368 3963
1383 1596
896 2673
1147 2337
1566 2866
3249 3169
262 277
297 995
2713 1485
3894 3395
1900 1576
709 2961
1997 3376
3325 1435
1202 178
3658 3908
1643 842
1431 1443
1440 3678
3736 2179
824 106
2613 3924
729 1148
2399 432
2321 2302
1150 508
731 3319
22 2327
3298 2598
2304 1779
819 2725
591 2655
1045 204
3424 2013
732 984
3287 2116
3219 2729
332 3815
1639 2097
2674 1834
201 496
3539 202
2247 1124
3483 1856
936 3501
1319 56
842 72
2294 1493
1618 2195
501 959
1503 1898
2493 3011
3203 866
2774 65
2063 540
1322 2334
1453 170
3381 1757
484 3228
1939 3767
3242 3281
3451 2012
1148 3618
18 3607
3614 2218
3348 2992
190 2095
2930 1398
3963 1707
3958 2303
2103 3068
2018 2200
3848 3984
1812 2342
1084 606
11 2509
2622 2812
1095 728
1477 1856
2714 1552
959 2901
2591 2932
614 2454
1974 1402
973 3516
3090 2940
3159 629
780 1939
3610 2774
1270 3491
1795 202
1495 2850
1570 1878
3451 2446
341 379
611 1614
358 2109
834 3573
1754 3619
2141 632
1743 1506
3939 465
3717 1318
3221 2572
1894 196
1846 1745
2510 2436
1148 2041
701 2226
3560 1383
3705 3631
1963 1103
809 1895
1431 1106
360 2285
2226 183
864 340
427 2109
204 2781
1889 508
2070 3579
2404 3504
1754 1792
3912 2431
1258 1954
1874 3262
3206 559
2226 2426
2673 3850
587 2844
790 22
1300 3765
1493 1903
2247 2633
768 1182
878 1790
231 3163
919 2686
1106 740
2505 339
898 1279
3393 845
3331 2647
3848 3987
1900 1020
1236 640
2209 801
3989 1939
376 3808
1224 1456
1439 1544
3332 1592
1376 2673
3293 3573
826 674
563 72
2254 316
1123 1567
3866 2259
2779 29
3026 741
3568 3678
2613 1199
3367 1211
1153 822
1456 1071
2222 539
3261 1646
1325 933
1964 1553
3451 2275
167 1582
925 1963
3951 1161
3188 1630
3505 3561
3947 145
1980 1555
1029 474
3881 1967
787 647
3164 1484
720 1438
2937 822
2155 2820
201 1760
1968 414
539 2431
3026 710
343 1900
3853 561
2487 491
3931 466
2290 697
562 8
1643 944
1648 2812
3783 1278
594 3658
3926 1270
473 3248
215 3975
3553 674
3259 338
3679 672
3853 2865
2945 1856
1095 3838
3772 579
3907 3616
893 1625
1812 1572
3131 2769
1973 3395
3576 310
2541 11
1278 3756
3722 2673
2358 2730
277 3062
2321 1575
1018 80
1123 2179
1846 1071
3144 2755
1448 3154
2701 773
1615 2312
1062 51
1894 3471
291 3561
3697 1240
2580 2906
350 3368
215 1185
2471 1843
3246 1790
2767 488
246 137
1497 866
3026 1207
3286 2008
824 1176
1282 2759
3393 3500
554 3451
959 1223
1216 1786
1035 936
1014 2213
697 2116
3043 2219
3987 226
2902 583
231 217
539 2266
3162 351
2269 3454
1443 1797
2150 1853
3711 3788
1123 3907
1874 1412
983 2750
3466 3310
787 1915
771 864
1300 1744
3649 1646
1278 2916
2077 352
159 3808
3381 3905
1096 320
1238 740
1816 3561
3758 3939
864 2396
1592 2285
1819 1743
445 2820
928 678
3329 1471
1067 23
3824 3368
3467 1675
740 2656
3217 488
1858 1507
311 2312
755 965
1831 3876
986 1290
2357 3856
2247 98
2296 605
3875 3168
857 1438
3629 2563
170 3836
3540 3310
3263 3658
33 511
2867 1329
1754 3493
825 1921
2316 1713
3622 1896
229 339
3149 2103
2583 11
1858 607
207 2660
2179 837
3866 2249
1336 1886
168 3562
3607 3072
3451 2981
606 2189
1161 1629
1634 199
833 3663
1825 525
3392 122
3907 3121
2580 3386
1831 2044
1883 2150
1014 2091
1994 3234
827 3221
508 1617
3154 3775
2844 3743
2404 981
3751 3985
3026 2760
2162 2472
3005 3310
1270 1914
1327 2507
1466 230
2085 2960
2211 1579
965 3506
3420 2018
1190 2545
3038 3005
2937 2776
1278 2963
1935 2793
1595 1501
532 2150
508 3878
1535 1679
3062 862
1823 178
1970 3934
2905 2710
1662 3156
3380 1963
2335 2036
1675 874
3984 3962
2867 949
610 601
1270 2996
1568 2422
2733 3904
1446 15
2831 2778
3477 3782
2719 3964
2318 936
3310 356
3616 2833
3164 2470
1371 3211
1683 2260
348 2404
3449 2563
1236 3220
22 2777
712 1182
3075 2529
2095 1425
364 2529
1495 1146
1875 1241
949 3705
2060 320
2022 134
2063 2706
496 2523
10 466
138 3334
1566 881
1982 2201
2205 1567
352 3932
3959 1963
1261 2434
2763 959
51 3282
228 1239
3755 1558
2471 1312
3223 1804
2753 2404
923 1683
2103 3180
2399 3631
2099 3878
758 2844
3939 3356
2451 2095
3589 1278
3517 1566
1095 1688
3827 3185
1896 3664
3238 3489
1834 2111
765 2357
452 595
3907 1817
1446 23
3730 1182
3949 3186
1934 1570
645 2022
237 2667
3393 253
2976 3043
208 3705
555 810
3781 2580
3053 1677
2759 2968
2063 318
1384 1493
2599 2927
606 3418
1646 849
3249 313
880 3102
740 274
2201 714
72 522
3850 1964
1431 128
3889 3157
3715 935
1791 695
3158 3395
1239 1777
478 2673
1493 819
351 3408
1199 2927
1917 3119
2938 942
218 2613
3519 2188
2430 2063
3679 3754
1102 3866
3524 3889
2443 845
903 491
591 1196
1739 2125
2440 2303
1210 2716
3055 3965
2312 1063
526 632
997 1211
2842 3281
935 1629
2467 473
885 1197
202 1457
2792 3679
3128 1994
1133 824
2415 3340
893 124
2730 3482
1422 3097
2853 3853
446 3920
114 1029
959 2788
1916 3185
3381 625
3155 1591
178 154
1460 2808
1253 1963
3681 80
3967 1446
591 1781
2002 306
2232 784
3392 975
3745 1251
1493 531
3751 2715
3395 2778
2035 3898
906 2617
1143 2812
3055 2702
2636 2097
1346 557
3403 1319
2226 2257
601 1752
2806 3502
3562 3874
3061 1342
1471 2885
525 2885
3292 222
3964 2957
1195 3607
2232 3192
3545 2544
2424 2689
1664 2036
2436 2195
2157 3561
2216 1908
1509 2881
2757 959
1319 2023
1021 2312
265 1567
3090 487
3641 1009
3750 1290
941 3755
846 3310
3391 3774
1707 119
234 379
3238 3744
35 867
1894 2434
2686 159
3265 2187
1544 3531
229 302
2472 768
1672 1462
988 320
3853 3359
1491 2591
3701 3251
980 1964
1538 2226
204 750
595 3386
2295 2454
3641 2955
3194 3206
1834 2330
835 1675
1438 2039
2722 973
3718 338
1748 3678
1948 552
3684 445
105 262
2591 1842
2267 2269
3678 190
440 367
3621 1963
3498 2478
525 3967
1169 2755
1623 421
2686 97
1526 3706
2696 3678
825 1688
2938 2453
1798 3670
2436 2125
2341 1325
1323 3228
3586 3641
2218 1706
286 1014
1493 1263
820 957
1270 505
1446 923
3948 1619
3225 2002
3936 34
864 667
1368 1077
3159 408
3992 2454
3465 1743
1859 1834
3221 755
17 2569
503 1485
880 2505
572 1995
784 2303
1737 3711
1478 6
1868 3066
325 462
986 3151
483 2226
2105 2179
3266 603
2494 2911
2298 1899
1276 2776
1649 1270
1874 3365
1964 3637
3308 3562
1954 1835
1966 3213
1789 3670
3492 2350
2621 3084
3211 1632
3600 2151
1366 2101
3678 2582
1493 1185
2019 2321
977 1502
3684 2555
3814 1136
1700 824
3174 214
1337 2849
3941 2462
1337 1351
1509 2338
1984 727
2179 564
893 2374
466 2027
2927 2980
1422 1262
2833 3442
871 3907
2779 808
737 3057
1547 199
3112 1544
3383 231
3080 1918
419 1155
3772 2915
3706 2437
2703 552
1700 1900
2667 832
824 3147
1417 383
2752 2689
3799 632
2312 511
1986 552
1521 1578
2725 3428
3108 3582
2131 606
3841 533
2859 824
11 276
606 2602
1495 71
3184 348
3638 3154
2962 3651
1869 3889
3691 2494
2976 583
3423 669
3843 2580
140 3055
2647 3267
2734 2844
3313 446
825 535
40 195
1094 1029
1987 3562
1917 3729
2214 1707
1891 3061
77 2494
158 1786
1966 1731
1336 999
1176 1834
3015 1683
62 3060
342 231
610 2667
1437 1465
1471 2554
3701 3687
2226 1969
250 51
3795 572
1707 1268
440 2463
361 1922
888 2050
2002 2502
3798 3715
2842 2501
2151 1321
1600 3060
3582 2255
3498 312
1790 3639
3774 2736
1831 304
791 51
1016 1613
2578 898
3102 3217
1084 675
2598 111
621 2580
862 3901
1446 3063
260 2187
3032 2125
536 603
1068 3706
3870 2350
2537 2844
504 262
595 37
2812 2370
231 3477
1251 2889
320 587
1970 1846
2835 2319
1493 3356
3465 2296
2671 398
2695 1882
2755 1181
1529 2992
3552 1270
1742 72
666 1900
1540 2835
3267 2333
3849 1918
431 2472
1566 3831
2365 1643
2998 14
885 2696
3062 317
2576 1538
3659 606
2022 939
1143 1460
169 3679
2187 1869
514 3311
1856 2871
3281 3438
1759 1865
3199 2730
3619 2930
2180 1709
2756 229
3221 1714
3643 3223
1966 2463
3964 3612
495 3184
3986 1662
1495 3232
2552 3607
1404 3061
1684 466
1592 375
3613 585
1157 1016
3020 1946
3468 2399
643 3750
3826 3743
1917 2059
196 2545
331 606
383 2590
1367 2730
1240 986
2684 1785
2890 3706
27 2992
446 3421
3206 3262
1557 822
3964 2371
1523 1963
3020 3126
2397 1567
2759 1936
511 3904
3234 2298
2399 609
2563 3262
3498 2719
1346 158
1223 775
1855 1896
401 3936
3498 1086
3912 761
2624 3939
1896 2114
2819 170
2048 234
1446 2617
1614 2533
2529 3186
3598 1095
351 2646
2140 2321
2831 3819
663 2501
3393 330
3736 3376
1874 442
3213 246
653 698
3056 1756
342 2686
2807 2505
2333 389
2775 360
1997 1337
1182 1098
2033 1521
1707 537
2700 622
1071 446
147 3037
2321 1177
2918 11
1337 3720
2291 2097
3369 1964
2085 3354
1458 231
3334 3586
940 3159
3987 2555
2423 1544
3881 3852
377 29
3840 580
3840 3844
2228 1968
2033 2195
3025 3751
1331 3238
1023 3815
1211 1679
2831 2970
1199 3840
2298 3727
2759 3543
676 2195
3669 2846
3361 1858
2462 1070
2497 1368
1618 2085
1891 462
2817 3750
2150 700
2466 533
1855 3576
3636 1871
2398 1675
1151 1984
1104 1831
2111 2334
924 1785
682 2201
1974 3369
277 1460
2671 869
1319 3649
742 966
2201 3916
1096 1858
809 1072
3317 1807
270 3613
3889 196
674 3789
2841 3392
3329 2546
622 444
866 3698
3826 1005
145 1389
1831 2173
1954 190
2283 3310
3098 3008
3898 2903
80 249
204 2354
3292 2046
136 2411
2563 459
2304 3769
229 2863
818 216
3037 2916
543 351
2326 3177
229 2078
866 2637
1850 1969
2890 2226
2127 2303
2795 3228
3564 1278
3612 231
3964 3543
2018 636
631 3907
2692 3249
2394 3211
3553 3750
2092 1908
656 1555
3159 509
3281 7
1813 2209
1336 2255
173 959
737 291
732 1082
2946 1491
1994 2446
2052 3228
1965 246
329 3898
2247 560
1544 3718
3306 2722
1808 1939
674 2498
616 1067
3325 212
336 2730
3701 3036
2451 1832
363 1318
864 270
3177 2728
4 2150
3228 3860
2101 1655
3987 2711
1946 2651
2905 3845
552 725
2944 2145
3310 141
3837 3591
3074 918
2620 3840
2021 3751
80 1527
195 3385
3451 1837
356 1966
2195 2276
754 1460
1701 3987
3376 376
2187 2740
2412 3191
941 740
3718 2962
1442 1236
2218 388
178 408
3258 297
583 3291
2667 3006
1493 2575
1796 314
1917 431
299 3853
3833 740
2412 3619
2384 2103
1172 3249
2195 2969
2880 1245
3534 632
555 1123
3225 2116
3755 210
2180 1205
1732 2109
3991 2357
3711 703
199 2129
2218 930
2443 1476
3150 3750
1999 1304
2472 2435
2095 1610
3533 214
864 3108
2334 3091
3428 1210
555 2889
352 856
709 1567
2596 959
2016 3660
215 493
2820 1709
318 906
2867 1082
1375 808
684 2056
3286 2777
2571 297
473 3446
315 1582
1503 3910
769 3177
539 3418
142 555
2818 1100
1834 3805
825 1833
2812 3244
1236 2664
2922 3286
1831 688
1325 3098
2499 1566
579 379
2930 2461
3808 3067
2682 3368
1502 3755
202 1851
2404 3730
1994 3315
1675 100
610 1994
2444 898
3493 1337
1570 2373
1956 488
698 2832
1881 314
2095 2410
1177 622
864 278
2085 463
1236 1025
2316 2046
3689 3292
3037 1993
1946 2758
1456 1253
3579 3766
2147 1502
2673 920
104 1236
1672 504
3459 2129
1772 320
2188 3446
306 2312
2582 3317
3053 1906
3731 246
601 2720
2598 2196
2613 716
2376 787
3126 1472
1274 1016
2523 420
378 737
1148 724
3168 3770
1131 1566
1173 1446
3049 1954
3514 3658
2413 3131
675 2389
2720 2334
3451 2640
3824 1946
421 2410
429 1251
3568 1245
422 2961
1886 2725
2938 617
1261 1387
808 1645
2722 2871
172 1812
2667 2349
492 2399
2939 1968
2580 1061
1606 3060
1946 771
3112 2101
1123 1239
764 2722
3267 2411
1760 2357
525 3886
603 108
2195 1841
2755 736
2125 3346
2472 377
320 2589
2730 976
629 2618
1918 3190
3014 698
972 1488
1710 246
351 2825
204 953
3157 1029
3168 3167
695 2367
1108 3053
1433 2422
2443 136
913 1521
1924 1566
1832 1068
3898 1851
2229 1894
2170 695
2103 3776
1270 629
1894 376
935 3648
47 1368
3808 2511
574 2510
3381 3473
881 583
3498 2891
1300 3045
2536 1908
3252 3090
1325 3781
3249 44
1882 3831
3948 3234
360 409
135 3184
1769 491
1509 3855
809 3637
201 3262
2283 740
585 2150
429 2097
591 1848
3182 562
553 351
824 2970
2472 1080
2008 2844
1340 636
1966 2427
1917 1281
2492 3679
2040 1016
3810 2304
1142 383
1368 927
2558 3393
106 1785
810 3751
2186 2316
3491 3061
1749 1456
1525 3249
2886 3037
1253 202
503 316
2112 514
3670 1610
2523 2993
2443 3988
2820 506
2863 3576
808 1449
3756 1570
3041 695
3965 2411
3924 3684
1678 3026
912 2673
1560 2968
997 2961
3347 1882
3164 3454
466 1350
1716 1509
1471 92
888 2555
1547 2334
824 1394
72 1926
2789 2846
1319 277
1438 2328
3826 3521
1663 2013
3570 2569
3124 719
3249 1039
3037 2830
1069 1917
49 1327
2816 1917
1133 3613
1871 929
1931 3334
1456 823
2801 1456
2739 2399
3751 3749
2658 3317
3404 2218
246 435
3083 3228
3621 1535
3171 3168
1874 682
314 2038
520 2316
1568 3159
2337 2069
888 1058
1566 2276
249 3678
698 3290
1390 1918
1767 2145
2055 591
2036 3430
2411 2330
3853 184
2730 448
1592 2737
1471 3675
757 1946
632 1120
1166 2337
2347 1756
1029 1088
145 1380
231 61
1278 342
546 935
3711 1032
674 2853
652 2151
3402 867
2526 1161
2188 1200
178 36
2501 1378
1225 3223
1850 996
1488 1539
300 1067
2820 1235
3907 259
1665 684
1278 2756
2730 2797
1245 1374
3853 720
2621 930
2002 1752
2036 2184
1124 3516
3573 1237
3213 2905
3679 3547
2563 1539
867 353
2403 1882
3576 3524
3808 2853
246 1486
818 1474
3447 1325
1383 2773
957 3175
675 2191
2054 1582
2281 3934
360 2042
3060 781
246 3689
3712 2013
1890 986
3705 1898
628 1954
2195 847
162 2671
473 1056
1422 233
1630 3522
3401 2002
542 3061
2017 3701
2256 1095
1238 601
3055 1002
3011 3298
2069 3837
3784 3705
2350 95
1278 1865
3690 3750
2567 2956
314 2793
2473 3037
2505 3572
3062 1328
3484 3325
2171 2124
3755 578
1916 2998
2228 1251
2188 3370
167 82
2188 477
3820 3184
1920 2454
2626 824
2892 1699
2669 3238
1983 440
2671 1021
2835 3518
3925 3166
2812 192
369 3459
3247 833
3011 1588
3769 2818
3026 968
2517 214
2883 1963
3879 2333
813 893
3305 695
1597 3168
2366 591
3706 157
316 2345
2665 199
3102 2380
2321 3207
1155 1101
525 3570
3281 2006
3934 1060
2624 1261
2399 2957
186 2147
3558 983
1319 3624
1968 382
407 80
1807 898
2745 3412
3642 2545
1812 301
320 1890
3177 225
606 1193
118 201
1241 1797
1495 2106
1210 872
558 1161
3936 2648
1711 1900
3625 2992
2774 406
667 3334
539 2593
2671 184
675 1352
1863 2505
2063 677
3507 773
541 1485
246 3194
1568 230
1336 271
229 340
339 1918
1348 2097
2358 3936
2472 1545
3901 3857
514 2743
583 2912
3957 2725
1304 466
3032 3376
2725 2391
3780 1438
1032 824
1788 1963
681 675
2812 3682
432 514
3577 3228
923 2844
2218 3314
427 1984
3697 492
3984 3742
1278 2919
1219 2714
495 986
2544 1770
3509 888
3319 3496
2992 86
1704 2304
1662 430
3787 784
14 2415
1900 432
2924 2998
498 1858
1245 1533
1550 2018
571 555
2736 3684
765 3964
1336 2003
1567 1012
1002 674
1186 2961
2312 3369
769 885
2699 1567
3166 2152
2752 2722
411 1319
3334 3817
674 1685
3815 2203
40 572
1033 338
3818 466
931 2812
2605 51
1047 1368
1404 3061
3211 3779
3297 3579
434 3907
801 3948
123 809
1642 11
3062 1233
2022 2239
1005 3904
825 3760
229 1212
885 1461
1349 170
1966 1660
1270 3979
3826 3856
2600 578
1181 533
2101 2704
3430 3815
1931 2211
2420 3837
1858 2265
202 3767
3691 2085
1165 195
1756 2397
293 2818
1368 357
320 3763
808 2453
1499 3641
3888 698
465 2472
1984 140
3889 2542
1917 789
1325 1910
3292 3700
3804 195
1012 3286
3432 3798
614 3381
3582 1864
3190 935
2116 3312
983 2164
1196 1707
2742 3670
591 3734
555 1260
1261 3421
230 2877
3583 1381
383 2733
1683 727
1222 1368
1643 1487
3292 716
632 613
1148 875
2099 3379
496 1422
3459 1907
262 1778
881 3043
3934 3841
3238 3167
2265 2833
935 1134
818 1550
1797 3019
2069 2820
535 1946
3606 928
2146 3755
3139 2312
1182 2491
1714 1595
1431 2754
2036 2344
2454 1700
824 378
1914 1790
2426 229
1239 1084
1706 1646
3099 864
2867 1296
2856 1340
755 2145
1963 3651
692 3102
2354 1743
1509 3807
3228 2190
3787 651
3705 510
1845 1834
2666 488
2231 833
3061 2405
2187 225
1049 1460
22 1588
1150 737
1136 2384
1460 3485
3502 2533
3221 358
654 539
3899 2150
2833 1713
3561 560
3881 289
183 1672
466 380
2109 1183
395 1994
176 864
3157 3381
1489 885
1595 2782
1578 3912
818 2765
2151 2733
825 1680
3014 204
1832 14
2831 1583
3670 2302
2598 667
3599 3498
3157 2145
1567 3160
622 354
3292 615
2694 2545
3395 3691
2621 3050
2226 1403
2561 3164
3807 3901
1722 2298
2215 742
62 885
703 3582
2546 2426
3471 2018
525 2891
546 1812
2671 2585
3223 83
2290 540
898 343
229 2629
961 1662
2773 3368
1607 3393
1431 2265
3381 1482
3206 3657
1117 2179
383 1316
2845 3168
2562 742
2475 3319
1471 2279
3181 2545
3239 1797
1495 1017
302 742
1827 2013
3573 181
1582 3846
1767 1592
2206 2179
1392 1210
508 1200
2167 2544
440 2727
3386 2103
2812 2352
3805 1456
3195 1567
2411 3052
820 1495
2867 1166
1994 704
1786 531
3787 975
1245 2585
3964 3457
773 2782
2180 2231
598 2304
1219 1422
352 3324
2472 2478
3172 2187
1922 74
1148 395
2150 1637
566 3186
22 70
3855 1918
3102 2434
448 675
2422 1313
1908 282
2113 3062
856 3987
1021 22
1696 466
1236 1231
2498 3881
1465 2444
3286 1877
2600 261
127 1966
3849 1566
2717 1340
3613 659
3940 507
1960 1875
2187 2564
3931 1211
2048 3757
2673 1519
2842 316
402 2321
2095 1127
2892 1150
1756 2457
2063 817
3605 3634
3177 605
2846 2805
3990 314
3362 3164
129 1832
623 1882
986 85
3889 390
3711 254
3939 1787
2643 977
3090 1492
3829 3898
3769 1754
1502 2831
3652 1963
822 3033
3038 2007
3144 231
1614 560
2867 407
374 2298
2689 3550
2732 1592
3711 481
2572 1874
2412 3862
1029 2072
3487 2567
2962 2460
1812 3586
2321 206
2775 2846
2389 2022
2905 1794
713 2612
1747 2927
2726 825
971 1812
3061 2931
3562 177
1161 2270
3807 170
761 2567
2835 1572
1157 1994
1850 2943
3189 965
2663 2412
3402 3866
3046 787
684 1108
2654 2180
1503 2301
701 1251
1261 143
1014 3355
3317 1749
2048 3968
188 3281
2036 3330
867 3428
893 2969
1983 2116
2352 2598
986 2294
1614 2331
1464 170
572 1378
1918 2413
2745 3844
1535 1324
1746 2116
3711 2744
851 1555
1850 2129
1856 758
215 1516
1495 847
1592 3145
1444 1595
2940 2510
1712 2321
1735 2905
2598 2176
864 1730
200 1251
3912 1237
1897 1327
3670 3260
2036 2691
1824 1014
3904 398
2813 3062
1871 2251
3221 865
3360 2201
52 2714
2481 1630
539 1868
1604 825
3670 693
2204 2618
2930 3550
3100 3008
1366 2333
1336 2524
657 2211
675 628
1219 2647
2218 1203
595 1796
3066 2810
1924 1422
893 2322
28 622
2002 1208
3343 1614
3808 996
3053 78
1244 1493
2505 2428
3680 3890
1345 466
2296 1326
3281 2141
211 1488
2861 539
1643 138
2392 2831
1465 1321
968 566
2515 737
898 1157
204 2883
2833 35
3652 1858
1578 3286
3750 71
2473 740
1994 2709
146 3774
1485 2511
2054 2567
1224 864
340 2667
2523 2731
2765 3249
3826 2220
2365 1672
351 551
2745 249
3755 3439
90 2600
3750 1062
2188 621
853 2774
2099 706
759 1300
3702 2411
3310 3630
2831 2185
1811 906
161 2116
2831 697
1896 1961
2844 2164
1251 1802
1900 1539
1914 2298
1161 1889
2602 1922
906 2767
3912 2590
2812 969
1270 700
1999 661
93 2835
2009 3901
1967 3317
2241 1974
1683 1298
2725 1636
3043 975
572 3193
646 3124
3041 1270
2209 1888
2647 1622
698 1235
1943 1834
888 2960
1414 3166
1460 135
928 2994
2176 204
2150 3217
3585 2818
3451 3980
2247 2042
1465 1623
1016 3559
1388 2462
2151 454
2937 3907
2211 3637
2043 145
1834 432
3034 3907
3177 658
3898 2706
605 3750
898 3973
2170 2812
3748 2591
159 1460
3904 1469
2404 3731
1963 2752
1313 2022
1075 3774
1578 3061
1261 124
1520 3159
1029 3085
3808 2094
991 983
3512 2545
2471 605
1874 955
818 2670
2544 1342
3713 2247
1383 34
819 2600
2312 58
3700 3131
2472 59
2545 2837
393 215
1251 1897
3837 652
2715 3223
212 1465
1325 3835
301 2962
629 2673
2209 3394
832 2569
2710 3826
1985 3053
732 651
1531 1456
2364 2412
2399 2339
2905 880
1786 2121
1335 1485
1875 1331
551 1456
2844 3845
740 1424
3853 766
614 1211
1325 3265
1093 195
1922 3271
2570 3164
13 80
1958 145
1630 87
1853 3750
770 1908
1211 1051
2001 2446
1789 2563
2048 1548
2171 284
64 1785
3124 1552
446 3968
1666 3798
338 3609
2703 2844
491 1822
2488 3697
2914 2337
62 2022
963 3062
1637 3936
635 231
1994 568
2232 1616
3964 3989
1688 2745
353 1570
562 3329
3028 3772
2799 928
3044 737
1968 3747
1837 379
3641 1658
2335 421
1155 1991
1724 977
1175 3706
1579 1016
1488 891
611 3658
3815 1253
3061 1986
295 2730
2303 50
3630 1894
3392 405
541 1812
3697 3765
3393 1657
1346 2027
3703 1136
1835 2905
2830 3798
3794 1917
1495 2255
574 1095
1381 800
3974 2820
2566 3808
1221 1278
2304 728
2068 3238
1161 743
3699 1614
326 1503
3061 2143
3292 2659
682 262
170 2361
2298 1895
1136 2604
3670 604
2269 1995
1310 2303
199 283
1630 1058
2350 502
2214 3901
2095 2429
3043 1603
41 440
2122 2018
3929 2598
367 262
1643 1387
215 2199
202 2609
2580 2
370 674
2303 3198
698 3821
3060 771
422 3853
1922 1025
2824 684
2594 2116
3221 1030
3206 1924
968 1918
466 408
2931 1675
72 1492
1520 986
1007 2247
1533 1155
1325 3169
207 711
2510 1698
1771 2835
3750 1404
2924 864
1290 1922
591 3203
2147 2703
3292 2769
2026 229
2095 1998
1079 3658
1595 2931
200 2232
3053 3192
3395 3914
3127 3008
1016 2972
80 3788
2480 458
3451 3879
981 2290
498 867
2295 1894
879 1327
3537 1210
2206 1894
1946 2773
2226 3297
3131 2224
1612 1922
963 2316
529 3061
1746 3037
462 2102
63 1875
2547 2171
3043 1867
2194 1488
1908 3230
3889 66
1431 1839
3219 2522
2676 3984
2524 1014
2095 57
3939 2139
2891 1683
2180 991
2103 2243
2542 3317
3680 1399
1968 278
1456 2130
989 3238
2962 2475
3023 2002
3038 1285
2832 215
1935 1452
3899 3634
1950 1875
2543 1708
3786 2404
2725 2342
6 2510
737 146
1103 2846
2644 622
813 29
352 2849
739 2833
2785 1846
1310 1874
1909 1754
1973 2998
850 1261
2730 3015
2759 1912
3948 1039
1858 3620
3167 3334
1896 785
2296 3865
2021 3573
981 1595
2125 433
2399 1398
491 1282
2370 1874
2332 965
2927 1059
1344 2013
2109 2539
918 2240
2905 196
1672 328
2125 2056
818 305
84 2621
3939 1733
773 90
2674 2494
3156 2745
742 2727
320 3329
193 1896
3396 1456
1733 885
539 1636
713 3920
380 1994
3782 3829
2660 3159
3582 1430
1591 2837
2223 3755
3124 1086
595 1034
2561 1438
2759 3207
29 849
1538 3206
2116 1700
3131 2965
1438 1704
2269 1001
2563 2819
3905 2226
3452 1834
1270 1142
1472 3634
2892 2059
449 3798
109 3026
2484 833
3711 2788
871 316
660 3912
3721 3392
3325 2165
977 1301
2116 2723
3055 1468
3549 1319
2998 2646
416 2563
2804 2109
1268 3808
3422 1672
2209 3294
3160 2187
3038 340
614 2598
957 1050
1566 2049
3987 3740
1805 3658
3755 2348
1210 171
2594 3310
2104 3798
1871 741
3728 2443
251 2844
2415 2863
1917 821
1786 599
126 2722
2480 3762
1565 2671
2591 3604
3984 313
2613 3647
1403 170
814 2002
965 148
1236 1283
3889 694
2494 1579
1846 2866
3769 1595
3527 539
1926 825
1642 199
2998 1696
1966 2553
2334 1720
2946 2162
2006 601
2097 3583
3615 533
2459 2946
3502 3872
3857 3772
3319 1616
2933 2145
3476 1488
2826 214
669 426
2750 3238
772 2545
588 1535
1394 2580
3642 1495
582 2992
3977 3576
3701 854
935 705
2567 1281
39 1643
1456 1587
2097 349
2106 3219
892 1614
3753 2510
762 3670
1431 711
1918 941
1992 2125
3059 3562
1955 533
818 2973
296 488
3583 2961
2195 678
1521 2069
2598 837
3592 229
3897 3055
2056 3934
572 1363
1645 2333
695 1459
3815 690
102 3166
15 2171
3420 3395
1075 2337
3988 2412
1236 2949
1396 1871
1900 3781
29 756
1392 1896
1866 2218
1239 3975
1318 2503
698 387
3889 2862
3110 3317
182 2103
3929 3223
809 1457
1493 1301
3066 1439
705 1935
3576 460
788 2002
3131 3342
2350 83
2686 1441
3815 890
291 508
2109 1863
2576 3508
627 1182
278 2226
1593 2201
678 3395
1917 3017
3777 3008
2591 2782
3070 2399
1366 3750
1249 2211
3066 3506
200 2946
909 888
3489 965
2101 598
1465 3831
2217 2316
2762 82
833 2383
1708 168
1797 2751
1910 2454
3954 314
2016 1570
3678 2134
1145 3658
1211 2596
2814 1918
555 2596
2522 2673
1591 570
733 51
2 2494
201 89
1939 2307
1182 2654
33 3687
82 3019
2495 491
2499 867
2686 3108
595 2444
2181 1984
3274 2505
2948 3866
145 3556
1270 1758
1900 3063
1029 3330
1894 3052
1004 898
514 2449
2412 2160
3150 2150
2823 3964
2995 2179
888 1309
3283 2333
1422 980
2859 3037
773 673
3678 1795
687 199
829 2151
3750 2119
2071 3774
1966 3453
3177 951
2660 1381
424 3011
768 1460
3498 636
541 2269
2121 3939
2927 3922
2245 3936
508 728
534 3949
1098 338
2166 622
2850 2598
3641 3322
3290 2938
2924 2867
3803 1591
215 1659
3534 1759
3798 163
2036 646
2892 635
3684 1723
1954 7
2546 1226
1662 2845
2563 1343
1730 1471
1478 1770
2905 1298
562 1347
3512 314
3184 3477
1409 229
935 1693
2269 1626
763 1270
915 866
3323 2232
768 297
1493 69
902 3392
1724 675
135 3376
2053 2048
3783 2333
1567 2050
2404 3085
2916 2569
492 3502
866 561
2693 297
22 3571
3918 1591
2472 1619
508 1779
864 1998
3166 3869
986 2890
2930 2310
3199 352
2322 675
1226 2002
2303 2554
1908 1087
2218 1673
3580 898
1714 957
674 16
421 1926
3053 1898
3395 3234
178 578
3000 2722
1616 822
903 3755
566 1130
863 3038
1954 503
473 3640
533 1620
3711 2332
2969 473
3908 1708
3901 2202
2266 1918
3378 440
2090 2018
195 419
738 2284
3874 2095
1095 3042
508 3517
323 2833
2950 669
3286 870
941 3679
379 876
969 2563
3545 3451
3989 3641
3936 1613
348 1016
2145 3800
895 1438
2195 2526
2867 1281
3038 3083
80 477
1811 440
2472 1130
1974 2960
1899 675
119 3660
3670 1828
1471 3905
1676 1340
3211 831
2303 2694
1567 3770
1251 1699
241 1488
3234 2454
906 2586
1683 2295
1659 2188
3393 3687
2933 1786
2878 3131
178 3002
2188 2362
3543 3573
2725 2713
3211 1038
38 3459
836 1582
3143 2226
1081 1591
3904 694
3164 1094
1735 1832
2116 998
269 1754
2048 639
832 1984
3899 1211
3244 1756
1708 2128
1964 3971
2298 780
2269 111
906 2958
2523 364
292 1999
2449 178
1327 1449
1833 1856
3890 2179
2153 2831
2670 2833
319 824
1095 919
1894 2038
2745 3337
1416 1029
1760 965
1378 3705
82 2339
607 3798
706 1327
1247 675
1159 1672
2992 1402
2188 2875
923 1368
337 3987
822 3637
2149 507
1110 3826
246 2584
3615 11
338 1991
1742 2316
2350 3580
2594 1984
32 3964
2820 299
2523 1910
2603 713
3325 2861
2667 3970
43 2745
3798 656
533 73
3901 3525
3061 626
2905 593
2389 199
3098 3062
3026 3794
3362 82
1691 2529
685 3090
1095 3119
818 2514
1785 2615
1708 68
2381 2480
1805 740
1842 2109
1871 38
941 3334
3863 2673
2812 366
3708 3837
1488 2959
899 3168
428 3154
3038 74
2155 2304
1678 885
2946 605
647 3502
3889 333
1460 3730
2125 3
1157 2998
3459 1200
2034 3705
1062 170
3321 3751
2988 3907
1921 1493
21 959
1243 533
1466 3325
195 1617
2016 957
1241 3755
324 2316
3855 3211
1919 2321
3720 3381
439 2201
33 2919
2333 1714
352 2292
3319 2506
3958 2591
219 775
1177 1535
1136 258
2833 55
3071 3184
1743 1341
1858 3704
2468 2722
2673 2396
301 3168
3654 2462
1566 1618
624 1832
2759 511
835 539
2927 2707
1903 2689
808 1296
809 296
3751 3563
2898 2501
85 3066
1793 2471
215 2941
1419 488
3770 3787
1963 1377
2714 3005
3166 1615
2518 3634
60 824
698 2570
3817 230
3392 3468
2732 2689
2097 924
2145 889
1751 82
3967 1935
1319 2526
2472 2903
2395 1994
32 3154
2961 561
406 320
3368 952
426 1917
386 3159
22 3538
1431 65
912 1900
2962 941
918 2513
3026 1026
3683 1471
775 73
1995 2209
1963 2934
2200 2930
2334 743
2109 1670
1068 3026
1940 1485
2103 2492
3537 214
314 249
1340 2090
2101 1612
2833 3018
1874 565
866 3225
2591 778
340 2099
173 3934
3319 3850
141 732
3012 51
195 3594
2471 2554
525 1833
1835 3061
72 3253
1954 3454
810 1683
818 451
2745 403
2730 3638
952 3376
3865 3055
2290 516
2372 1567
963 2961
3837 764
3281 681
3845 491
2328 603
3185 753
3326 1966
1463 603
3292 2925
3027 1570
2544 2780
2063 1724
2578 421
1973 1555
2666 508
3750 1227
1555 427
175 572
1748 2962
1812 1388
3500 2145
246 3406
1094 2303
2029 1438
203 1381
959 3186
533 816
3530 2689
713 373
833 3077
3798 1316
3238 687
2904 316
3565 2998
3593 2247
3857 508
1319 3284
606 3307
496 669
3782 3432
1646 1669
789 898
1977 3325
2685 2269
3519 822
1611 2671
1016 2978
2962 2574
2482 2776
2808 3684
1920 3607
48 2844
766 1485
3870 773
3523 2472
2199 2686
3745 3774
1546 1544
3953 2820
1912 3658
3168 2096
1850 2922
3334 2794
1016 3340
3206 1073
742 168
674 2396
52 2337
2237 446
3936 3444
2473 1383
1263 2833
3177 2595
250 965
3037 1249
2028 2001
1959 2147
2001 1986
3523 2290
750 595
2667 624
2529 422
2820 198
825 2965
1069 2598
3504 1759
2211 1304
3403 822
3837 1001
170 2012
250 2523
675 3830
875 1014
934 446
740 1436
3904 1518
1621 2097
1436 3451
3346 2337
219 3211
2195 1645
491 2208
2232 426
798 2905
2247 1228
1595 3773
725 3660
3076 3516
2161 2209
898 1924
342 2399
511 3751
3097 3701
1984 3261
2162 684
1438 3234
1683 1888
3928 2337
2714 2649
2950 1946
1210 2735
413 3168
2071 1460
2269 310
1896 2655
918 3205
3166 2349
1126 1614
389 3325
3939 469
137 3697
581 2618
2749 3066
1918 1890
1966 2227
1239 2278
1846 330
3317 2625
1446 2574
2709 3043
1643 283
1225 230
2494 2874
677 2846
466 1986
158 2755
68 1683
1130 555
1243 2099
621 959
957 3293
3829 1786
3167 2569
2722 2760
1532 360
2291 3573
2446 2812
2316 1691
809 75
2128 2820
2125 3639
2546 171
2416 3286
3974 1422
3907 2989
2730 122
2468 1896
3062 2035
1890 3562
2566 2404
3720 965
1255 3166
920 936
3206 2653
601 93
3184 1186
877 1917
2296 1553
2529 2702
1844 508
125 2085
3479 825
1605 3124
2647 303
977 365
2730 1638
1496 2099
3774 3337
379 339
2762 3223
199 3094
2422 3921
3678 3065
2438 2209
1832 2024
601 2134
769 202
3325 3625
1155 2782
2179 410
2060 809
1346 336
591 332
2367 1555
3964 3183
749 1756
3197 11
1327 3300
2207 246
2686 2868
1614 2878
2491 3037
1596 622
1278 3079
292 3281
3964 904
508 2149
476 1067
2232 2637
3159 902
1687 2188
1114 2211
3645 3660
3879 491
1485 2293
2290 774
2992 3358
977 3681
3202 2179
606 17
2412 3282
3745 2357
1917 2424
2269 135
3358 1300
1549 2303
451 3043
1199 684
3774 2130
3915 1999
22 2925
3872 3837
2618 1551
3751 3802
721 2284
3741 2992
1424 1488
2412 2530
575 1896
3292 3877
2285 351
2437 3561
1465 2386
2909 675
2623 3582
3669 2415
2389 2722
1488 528
3005 552
2412 3358
214 848
2522 2022
2102 51
567 2545
3824 866
3887 51
2876 977
477 552
2298 2440
2040 3936
3026 116
3915 1460
1745 2097
888 2738
1143 2501
3055 1925
1095 3700
3011 2662
1728 1707
2361 204
2407 566
2853 983
2116 31
3561 2049
2089 2671
3750 3887
3643 2480
818 55
125 552
2113 1707
541 1239
3338 1337
3246 1560
1044 2938
1937 2938
382 2247
428 2462
956 3853
2095 2765
833 3521
3322 1239
1210 2796
415 3782
2199 491
3383 1874
2216 214
3900 2304
3561 3275
2304 2620
16 2247
444 351
1079 935
2956 1917
1337 1538
362 2480
3303 2510
3151 466
695 3423
1161 208
1994 535
2103 1817
1770 2576
1596 986
3651 204
1748 3249
195 3823
3493 1460
2651 1582
936 961
2435 1894
2940 1465
2808 262
1431 2421
443 1954
2827 1922
3658 617
446 1849
33 3594
3815 616
2013 2990
3946 11
2283 742
692 3634
1846 3550
1866 2600
2737 2774
3263 1874
3711 1098
2218 474
2529 2898
2109 630
1968 3667
1876 199
3946 3987
935 725
2284 348
2820 886
3523 1743
3459 3192
1258 3670
3429 1856
3060 3914
2230 3907
1643 496
1607 1643
3637 11
711 1465
595 1973
3774 1992
3779 421
1912 606
1029 1873
2905 2073
1175 2179
2309 3934
2323 983
3546 2337
1707 3586
1375 3684
2982 3576
1662 3805
2002 1650
485 3787
987 1478
1344 1327
698 217
1707 558
2115 622
2844 3823
71 1900
3502 3183
2333 2893
2109 3825
3451 3500
1251 1810
2843 3368
610 202
321 1535
1211 2033
3582 2159
1598 1831
2505 307
1946 3825
155 1182
986 668
2573 3154
796 1521
2101 3032
1970 3334
1089 965
3300 2116
1570 3741
1708 2394
2472 2851
2905 1470
2614 3008
2125 842
1570 3757
3228 1575
2818 979
848 3607
3102 1795
2489 2232
2225 3319
2919 866
517 1446
1999 3968
3608 2673
1343 195
1768 2613
822 3786
1406 2844
1756 2237
3856 3798
2187 498
1485 3710
2361 986
2464 2357
2745 541
2071 695
2675 3634
3191 1790
3861 2022
2780 2097
3704 3319
3492 822
3268 3043
3787 2597
3206 3844
2405 3221
2745 1113
2245 3292
555 172
3945 1831
1016 3915
1251 2493
487 231
1327 2585
2282 3026
2641 360
2878 867
2828 808
2927 1152
1916 3751
3680 2220
1017 3582
2411 719
576 2337
1352 2569
204 2622
1471 2666
2835 2331
3971 1984
1456 3661
1662 3041
720 533
1358 601
809 3273
1676 3904
668 808
316 3630
2316 2102
3055 1011
986 3449
2415 1825
2393 2998
3705 2698
106 3787
1121 3381
3948 1166
3368 2635
3404 1555
2391 1544
3984 2194
1968 2385
514 1417
2896 3221
2462 3156
1599 33
1999 2679
2148 1340
1592 1541
2462 2520
3631 201
2298 3313
2259 1974
2407 2546
3670 100
2578 928
175 1850
2324 3634
2289 3936
3302 2501
1025 1630
1151 3211
1705 2357
2151 3918
2180 2595
1359 262
3772 2452
2964 2337
2105 3062
977 30
233 2304
2334 2883
2147 3533
1014 3789
80 1242
906 3661
231 3422
1567 657
3124 2402
491 3950
1882 2042
965 3659
3090 2094
1344 2036
1446 3875
2333 843
2667 3147
2116 2552
2563 3914
2411 3861
2714 2484
3012 1210
1566 406
1643 3497
2018 2089
583 1807
2835 3224
167 1994
753 775
2135 1325
803 2147
1456 1656
2195 41
66 3376
3670 961
450 2334
2927 2463
3219 909
2321 3307
446 1391
2494 1584
2226 3040
3522 1251
1521 2294
2048 3788
2759 3358
2791 669
1645 2412
2334 1171
2001 1144
3984 920
1398 684
1555 743
11 784
3287 2618
1675 2685
867 884
2846 3081
395 603
2447 2312
1325 3895
1147 3840
2704 1683
2022 2265
508 1445
2145 2780
3471 2846
732 3544
1635 3319
3816 514
851 1850
1917 2347
2048 1804
2725 4
3246 1592
1555 3623
1236 3321
3431 867
824 1689
2618 3767
3005 338
2311 2892
2180 2082
2987 3907
1672 733
3384 2523
2621 276
1841 1707
3344 3066
1099 1503
1495 1307
3501 2835
3060 2299
153 1871
2298 62
2745 3692
3211 2711
2122 446
878 3936
3649 3815
2446 1846
2676 1974
150 1672
3755 3256
2303 2173
3853 3235
1346 2137
202 1720
1270 1072
240 2992
2720 1485
1975 1707
3148 11
1844 2399
2549 1148
1453 1300
3437 3751
2933 822
501 2671
2918 3062
207 853
1818 2412
818 3868
3061 3297
2384 201
3194 507
199 1821
554 986
2240 3392
1842 2316
1381 2457
3221 3140
290 2226
2722 1114
3050 3393
2529 2682
1834 418
2835 770
1110 740
2598 3918
3751 813
1251 2387
737 1203
3949 1649
402 713
3886 3755
2396 1683
3366 72
3600 3680
1591 3770
3695 1555
3317 567
3221 952
3071 1148
3854 3164
2487 3782
237 1095
3038 3623
1868 1446
429 488
2707 2545
3776 2730
3889 1621
3227 170
3292 2274
1396 2048
2246 2312
640 2580
446 3611
1644 2321
3495 3948
3683 3907
3082 3936
1525 3043
986 1944
2530 1832
2610 1300
1871 3707
3061 30
3130 1592
383 89
2232 1116
2880 1422
2042 2480
2493 262
3904 670
825 3454
1900 1927
1498 1875
3984 1938
684 586
3595 713
2296 3494
3605 2472
2303 2230
2529 3741
1759 2675
1112 202
3816 1278
3798 2377
1595 2387
525 2616
2097 1353
3469 1336
3880 867
1839 1270
449 2001
3364 3221
3677 2759
787 624
229 1004
595 1405
2468 1340
3376 3758
53 2095
3435 1786
1890 3238
1067 655
3934 2144
1332 936
1318 2752
455 928
1974 1758
2389 1300
2377 1790
3123 352
101 3964
3435 3281
2842 1874
2580 1123
262 947
211 3043
1456 3775
54 3934
1327 1985
3466 2063
3139 2930
893 227
491 3032
2174 2501
3909 3168
2613 3945
3826 3894
2404 2912
680 2618
3938 3062
1044 2725
2867 565
572 1499
2275 3395
3309 3607
3484 2867
533 3575
2722 3594
3624 1797
1500 2218
3327 488
3319 2400
1251 3112
3792 3502
2822 1614
734 1566
1176 338
2001 307
2987 867
1858 3453
145 1815
2266 2722
583 1574
935 2557
1999 2391
1426 1325
2669 473
3562 3290
717 2818
3939 2988
178 1262
3079 231
297 3668
3425 1935
3800 566
3120 1858
3010 3782
1440 2776
308 3334
2018 362
1129 3670
2732 2846
2529 3295
2151 1711
720 1095
72 3251
2855 1503
1787 446
291 675
601 2904
2618 1249
595 1990
1118 3516
2356 3678
2671 1628
3334 3398
1726 2085
2022 3022
510 572
2962 2076
1655 2048
2880 2150
3368 3781
3053 223
170 2830
808 1291
1062 1595
3343 2232
2304 2807
522 2892
867 226
3143 1831
570 3866
3876 2905
2545 1288
202 27
508 1141
195 1862
3706 3931
595 1000
379 490
258 1270
1808 825
2725 1516
1952 808
426 1340
2808 2211
2941 3562
2268 3755
906 1950
2686 1841
145 579
898 211
1528 2563
1922 2009
670 2103
3751 1784
3191 3579
3062 3955
898 2281
3297 2099
3969 1797
1790 3280
1210 3770
3090 3087
1296 3060
1812 3341
470 3684
3607 1484
297 688
3808 49
2454 1312
893 1522
338 1129
2852 51
230 6
3751 3358
2202 2722
2567 2469
1127 1614
818 2876
3622 3184
3948 3590
3607 1073
2344 491
3660 2830
2688 3660
264 3498
3821 3238
1292 1896
988 3292
2191 3607
1825 2494
3826 3982
2176 3281
2000 1812
2472 3365
3164 3175
3173 440
2460 3901
1589 1381
2959 178
1261 3857
1068 2598
3167 1336
893 1863
3907 1206
3166 164
1873 2412
616 1675
3022 2284
1148 1854
387 314
3066 307
700 1630
1858 3880
1740 3613
896 675
1635 1939
2905 2589
3182 2992
48 1521
113 314
3866 2572
2501 2582
2579 2116
2962 2489
1014 974
2647 419
11 1604
3264 514
3837 1098
1278 490
2367 3516
2636 2151
2247 30
1136 1351
856 1850
3751 1271
1708 1013
3743 2002
2544 1253
2337 2309
3126 553
2255 2103
3576 2364
3164 1862
1234 2905
2833 1989
2505 3098
440 1678
2730 3462
893 967
3325 2531
1832 581
3215 2316
3709 1300
2671 1190
1773 1560
214 486
22 3699
1582 2429
2247 1322
2631 80
603 365
1503 642
3599 1595
1856 1011
3334 522
3688 2097
2745 317
207 982
491 1085
1319 3589
1929 1922
2930 1055
2820 1992
2096 2048
583 3045
249 360
3898 3545
286 3679
2175 201
338 3560
191 2730
201 2945
3881 2672
696 2831
3660 3976
1757 2247
866 2993
2095 99
3154 2104
439 3395
3063 1856
542 632
238 1708
630 3381
986 1764
2619 1336
1705 1495
2007 1954
3441 2001
3939 2294
1591 3207
3798 350
1570 2811
1952 82
2346 1894
978 3680
2410 1646
1509 3909
2510 78
1999 296
2222 2671
2531 1471
1806 3607
3410 2334
2671 3010
595 540
1240 1318
808 3010
1691 935
3260 1675
544 893
3535 1095
1756 962
352 3390
3792 2422
3419 3238
2671 2096
2774 1889
2546 2025
383 3257
774 1871
712 3164
2399 3977
1675 2875
3559 1465
1236 2146
751 893
1496 2846
