3973 3972
1258 1314
3556 1018
2896 403
1608 1937
3822 2373
3395 406
538 2774
2302 2129
2220 2117
1936 1327
1438 3787
2666 3755
2691 525
3416 870
977 723
653 482
3766 574
2214 1010
1279 1994
575 2435
1146 2735
1474 3775
3958 622
2495 860
2456 3439
3170 1475
859 2555
1122 3357
2007 2153
3292 1818
619 3791
1019 1010
809 1058
130 2669
1846 3403
186 3807
1989 2470
3780 504
310 376
2078 2648
1993 746
1214 3261
1157 2224
3145 2486
2549 921
110 1121
3516 307
1965 1774
2099 3076
2570 2170
962 1321
1350 578
160 2741
1933 3122
453 2714
1455 2171
3371 2496
2345 119
297 326
842 1524
2313 1723
1841 3107
1310 460
2183 259
526 819
2286 3266
3398 2246
1000 19
1932 214
2713 3167
1323 271
2233 2315
1158 3490
3029 973
3724 807
1572 776
1297 473
1862 3345
3352 117
1504 362
2900 3647
144 1295
1200 1041
3334 1165
3643 3094
2284 3458
3933 1277
543 1781
3827 931
2484 1540
1846 508
3358 3196
1428 3233
1999 3529
3496 2827
849 327
2108 2427
3560 1988
882 500
1737 1860
1588 493
1092 1049
691 3814
2576 1447
1803 718
971 253
2447 2422
3725 2135
1818 2751
2820 139
3615 48
284 2990
581 3417
2095 32
490 1773
2686 2394
745 409
3908 2884
3291 942
753 2450
1435 304
1660 1315
2093 193
2931 2562
3943 311
155 2039
2220 508
1011 2373
2402 23
1411 91
2910 1888
1551 2953
1032 3488
2926 41
3154 2069
1455 1145
1750 3487
3253 2666
2212 846
2191 2089
1915 1241
2907 1299
878 3030
2628 79
3098 2952
44 1107
1483 1915
1321 3277
3316 1261
1522 2710
2447 1651
3956 1998
931 488
1726 2423
350 2020
1137 3222
707 455
2772 466
2810 3585
607 260
2517 1264
2327 3921
3445 3650
2803 3230
2225 3337
1698 227
631 3204
1347 165
2987 273
3679 392
3883 2957
1250 119
3862 1066
342 1089
1703 920
781 1823
848 2467
3426 1593
2735 2082
3780 2367
1628 2144
244 2556
2449 2133
1837 2627
3276 1570
3196 1546
1847 3562
1731 976
2938 3508
113 3013
166 2590
2561 3473
530 2941
2219 1238
3026 3793
299 2303
2238 1434
2616 3308
476 2227
2673 1517
2768 1205
1205 3034
3035 1220
1474 3032
872 3847
3067 511
3902 1535
1063 3951
3056 3084
2901 2711
42 1953
2719 942
3655 2158
518 2704
2202 1277
228 1844
3428 516
3007 3112
883 44
3755 1088
120 1511
1391 630
2940 1828
1121 3273
3505 3530
1677 2745
385 1330
1214 2984
2717 2634
2313 2435
2664 3330
1020 2118
3872 2053
732 3268
125 2693
741 3767
2712 2384
3383 3162
1695 2908
260 1607
2516 1681
1592 3472
3142 580
1710 2113
2846 3565
3945 3469
814 3663
2700 3706
610 1359
2004 3882
3555 1023
9 1706
3583 820
2229 1650
137 399
668 1877
2789 25
443 2030
204 1437
3934 767
2433 3078
77 2873
3323 1677
2450 2586
1562 3595
433 1634
3534 383
3795 380
3944 2518
3568 3219
655 73
799 3471
1892 564
3147 389
3612 253
367 2280
3541 1600
3529 3484
3240 468
1042 2700
189 3448
988 1129
504 958
2999 1494
1284 3895
342 1661
498 3365
85 3253
3352 3212
930 2838
2800 1021
3800 2199
3549 874
3339 2776
3605 3837
25 1826
2951 1655
2487 1723
3884 916
140 717
1423 1837
2897 1949
1964 2953
2423 1370
2124 257
1531 2694
483 1169
1325 2286
1945 3623
1336 700
1452 1902
3891 239
2736 845
3646 1151
188 2920
98 2220
1165 1349
2566 2613
2226 3198
1005 2316
1651 3155
1882 2325
1124 2474
3157 1734
583 3898
2163 347
3399 1269
2546 1774
3628 3567
1554 948
1584 698
2600 1818
481 3639
535 3676
799 596
2436 696
1360 24
2356 1149
3722 2107
499 90
2405 3305
3365 1857
471 702
2016 3328
2298 2100
2315 757
1446 787
904 2169
3603 1038
3856 2890
1341 3524
1495 265
438 247
670 1727
2881 2367
3830 886
3932 19
2020 2479
1539 87
2338 2567
1631 3017
2254 1076
2445 2443
720 1829
2073 266
1240 3135
3165 3433
692 1049
3887 2544
2105 3111
820 1608
715 1375
1101 3733
3368 399
1498 1262
2352 648
1932 3744
2702 1668
1761 263
1061 628
1056 2131
3537 1913
494 567
2930 3798
3116 1213
1561 3604
3719 71
1411 1550
3036 61
1542 2794
1490 2462
2807 3949
1944 1207
1595 2218
1393 1146
1295 569
2326 1563
1630 2049
1020 270
3178 3642
2506 1208
2303 693
1381 1345
3965 2935
187 3417
2257 429
3515 1745
1826 1635
86 181
1082 57
3372 3709
1810 1254
2826 2457
926 2684
2673 2332
369 1928
1382 553
2036 3182
2006 1012
2074 3274
507 1396
3415 2871
2918 1999
2716 1834
714 122
1780 808
3350 3360
381 179
2800 2402
1132 476
329 3230
3705 2506
698 1385
1776 1225
1761 44
1820 1839
2929 354
1891 1276
1543 3861
160 1934
151 1500
1728 238
1794 156
962 2691
3622 327
919 1878
3540 3389
84 2343
128 1683
2408 955
1168 714
386 2002
1759 3044
721 893
3436 3457
2512 2857
1532 1224
3943 2795
264 2565
3304 2430
3453 1124
927 2584
1575 2069
2818 3748
2277 3691
2344 3279
1128 1435
2834 765
3252 3751
3907 970
910 409
2218 3265
831 3653
709 836
3257 2925
3138 1224
2985 1924
3708 3674
2312 1359
1245 2256
3069 2277
2749 1259
3362 3316
115 1848
3402 1736
1774 882
98 2940
3958 1194
3086 3416
3778 467
1269 2342
1773 764
3006 887
2900 288
1958 1118
3404 280
1859 706
3112 3351
2509 2961
1072 3948
3973 1646
3505 2575
943 201
1744 829
3723 360
2705 2005
483 2687
2200 1312
2972 3927
3696 3172
2719 1563
260 1584
1816 2913
1915 3002
454 2327
2587 1866
1494 453
2601 2738
326 385
1755 2954
170 302
1095 2118
3142 2410
126 2044
3780 344
2702 1510
2372 3476
3073 3638
883 1460
741 3744
1090 320
275 1922
3886 3168
2220 1134
1882 2408
3417 1737
2333 3535
3393 1380
2808 439
2006 1648
1135 116
3123 1593
38 2309
2948 222
12 1007
1740 892
1462 1150
381 596
2369 2414
3094 841
3715 2877
423 1701
1783 2116
132 3001
3822 587
3518 1397
1479 1505
3898 2351
3649 272
2988 156
3404 3538
3021 1220
1767 3362
789 1273
1271 2816
2351 18
3154 297
2068 2522
2206 3557
1046 1995
37 2890
892 2374
3438 1903
3643 226
2564 2958
309 93
2314 2715
1453 2025
2424 332
2765 742
1144 1154
2678 646
1584 2028
3324 2195
375 1064
2525 2373
776 2668
1178 2658
3915 1137
3675 374
3582 1786
956 3300
1074 956
3298 1577
2218 2258
642 86
205 199
3844 412
3115 3852
766 983
2735 1027
2102 2990
1758 490
1830 2455
642 2473
1362 2419
2172 1736
1965 2350
3502 1042
3824 3935
1249 2307
207 1085
1180 2876
1250 2668
1105 2435
3040 3852
3826 1269
2317 878
1136 3846
979 1861
3606 1285
1771 1093
1238 370
1583 590
3247 747
3936 352
3091 3901
1738 3809
250 3410
1988 3137
3179 1248
1184 3401
84 1376
197 2888
22 1939
161 2867
3096 3947
1073 2977
983 3060
3941 1445
2621 968
2290 2524
3231 2696
1134 1799
3786 3414
3483 3106
1163 3168
859 2019
102 3388
3501 2498
2166 3235
2007 1000
457 3943
2113 2731
3060 2742
2054 1322
3527 3681
2733 3391
1058 699
2846 2709
2697 407
301 756
2184 3845
3938 1400
3326 300
1738 2138
1240 2262
3064 1314
574 2063
1239 2573
3122 2956
2289 922
2599 868
1741 3254
2239 812
1083 1076
3822 3890
1206 1121
3169 3552
1726 1064
3730 1939
3682 1883
214 3198
2097 101
2829 3734
2447 890
2142 272
3581 3335
555 2230
3155 1580
2963 1037
3928 266
258 2717
2824 3356
3369 2478
1537 2958
2979 3559
303 3170
1425 2001
103 1450
993 745
1614 3865
2411 3479
2562 186
3972 2350
1626 3929
2805 995
1469 1080
2027 2914
3448 1449
2764 1274
2019 3287
687 3833
371 1564
1469 2628
3441 437
3257 2421
1302 260
3549 3959
1247 1607
912 2366
1336 580
309 1400
2363 580
3838 1059
1179 30
2671 1120
3191 3897
2430 3789
3378 1001
3029 3184
2549 3555
2282 761
229 2077
517 2838
949 3702
3783 2993
3436 3882
561 626
700 3204
1198 2993
1742 3747
2070 2843
1025 2725
99 3765
3224 1950
2522 909
1600 1942
1925 949
232 3488
2822 1998
1365 804
2316 3050
2262 1676
3355 879
609 1059
2451 3000
1402 1285
3605 387
704 1788
3631 2936
272 1776
1288 2071
3910 3828
3151 2388
1588 1608
1992 3929
432 2447
555 975
2486 3957
3668 725
371 2168
603 3966
106 523
3274 3075
3956 1744
2922 2149
1130 676
3139 3186
3702 425
2979 3350
3451 3783
148 2177
2654 678
3689 1415
229 2285
1581 1215
1133 2922
3201 3140
3609 3191
3011 2676
1142 3841
142 2308
2121 3490
3718 3591
2765 335
3518 3307
3100 2660
1245 3708
3133 955
553 195
2753 3819
87 1190
1571 1086
895 2307
2820 353
3039 244
3610 1778
2145 380
2337 2430
623 1774
3519 2782
2931 824
1630 736
3304 2043
2473 3941
1583 2721
3635 2642
2489 676
1408 3264
1189 268
1723 1311
1886 2957
2681 1000
1191 3834
3735 661
3289 123
3091 185
16 1267
621 590
1466 1056
2718 3420
119 1743
1876 1234
2862 186
1269 1591
1724 2950
1419 1302
666 1366
2598 3188
362 2766
2234 1078
57 1243
1022 2439
1520 2149
3832 3645
2799 666
399 3025
1021 2372
3461 2360
2026 757
920 2958
2867 3316
2219 3146
2419 2587
158 1720
2250 2135
3107 727
1193 1347
2579 2374
1654 2010
3331 3726
3552 80
3749 1054
3246 3156
1449 3323
2667 663
457 2401
1411 3390
2192 1481
3784 3598
333 3947
2005 3930
3501 779
3309 3215
637 1275
1324 2486
2881 1651
610 68
2503 1840
1896 2515
2022 452
774 744
3263 1878
3909 160
3281 1056
966 3945
597 3438
1148 965
1754 263
3200 1634
3519 2278
3529 3905
1583 3531
2519 2177
3609 1180
642 1016
3277 1281
3951 2392
1191 23
513 3567
2583 2322
1337 2835
3935 277
1210 2043
3173 2070
80 3614
2942 1427
1463 1317
10 796
1223 453
443 3815
1876 619
2049 548
965 1696
1371 1028
742 2610
3023 3225
902 2530
3044 2452
2384 3262
2255 2106
2034 591
3183 2253
3698 6
981 1696
3618 2544
1238 2082
1200 2860
3785 249
2649 3249
227 535
783 525
103 3906
480 3542
701 2465
3133 1990
262 1167
3221 1918
970 826
497 955
573 2074
1306 842
2244 704
2059 3473
1619 273
3449 3092
1577 2341
696 2045
447 3273
401 73
1317 2503
155 1854
2023 89
1509 1038
1396 3016
3478 435
2073 3529
151 218
223 2129
3053 594
824 2580
1093 1160
616 1707
836 292
3895 964
206 2903
122 1057
2524 3570
1208 3089
1451 3091
3733 298
730 1954
1761 147
1300 1741
1429 1493
1230 3203
2456 3134
2626 2118
1357 3396
1868 3080
2285 638
2558 2533
3756 840
3184 1286
1480 2873
2909 2351
1489 2872
1080 613
2733 3955
250 3257
2310 2461
1249 310
2666 647
956 1973
2634 2267
459 2605
1869 2
3674 646
3700 1280
3115 638
3793 3216
632 2381
1992 1581
3162 1043
2131 3111
2328 1017
2462 129
3478 3125
1543 2564
742 225
1600 1374
2601 1713
2242 632
542 2908
174 1350
3221 1138
3723 2092
2678 333
1954 3671
2557 3051
319 1376
2606 865
2528 960
2524 1686
3736 3212
2263 292
2862 1803
2795 196
1481 2086
2563 985
1959 3119
1410 3633
3230 2987
3517 1694
3712 1998
3200 1690
1295 3334
609 594
3873 1780
575 1759
784 2417
789 1812
883 918
523 1822
1666 1716
1665 1614
2687 1385
1774 42
1484 724
2532 1237
64 197
150 731
683 968
2812 3158
1977 1521
2507 3263
1502 2275
323 515
1012 1405
1447 1294
2735 2117
3167 3357
1174 1225
244 542
3830 1345
1497 3745
1181 3027
2150 2137
2755 2599
3569 1695
515 2349
3457 779
3181 1735
948 931
462 2872
2018 1905
3318 2863
560 2552
893 245
1839 1586
2722 1299
1941 3690
2115 592
3118 2290
3798 2769
3482 668
2197 703
3135 2356
669 1512
2657 1032
889 991
1947 2422
1903 737
264 1054
2491 2178
3688 2432
1974 2662
1991 1315
3147 965
205 654
1723 2070
2315 3520
2336 3008
689 2256
3289 3237
63 3034
3167 2234
3412 289
2988 732
3242 3732
615 1801
2922 325
2980 3678
1631 2746
2478 3176
2242 1419
134 155
2075 3380
3471 289
1730 1031
943 1731
2058 3306
2106 2545
2875 258
3673 278
1161 2951
2914 553
228 422
2397 2676
248 1740
643 2108
1471 2164
2558 2981
3819 3164
3647 2215
3878 772
1420 762
14 1822
465 1372
1750 2418
1761 1655
352 1278
1666 2589
3861 2984
1611 1833
2538 323
3148 2403
3217 796
3369 532
3634 294
3100 2638
3203 3376
2602 2707
71 3352
340 1505
51 2880
258 788
1543 2484
2813 2050
2020 93
1164 1174
875 432
2367 2226
247 2871
3189 1936
3261 252
1200 1588
2232 2480
3214 1717
2610 2384
626 2651
475 2918
2262 1025
3129 3895
1439 1614
1914 1220
3438 2286
2921 1974
1401 3269
1780 3946
392 3928
671 3813
1034 3322
1824 2244
177 3215
2698 3546
920 3884
2776 1170
852 1294
1595 2618
950 1643
224 873
3910 478
1554 2579
1892 398
1900 2874
2002 3423
1580 1512
1816 1904
3230 2636
1426 1211
31 3230
3078 1843
2427 768
1758 1142
2672 411
478 1009
2249 3399
3069 2909
3113 2184
2048 3560
1241 1413
2513 3066
544 3904
1435 2377
1985 3685
3927 2973
1411 24
2485 1120
3632 2722
3389 350
1773 678
2743 57
1035 3324
929 1589
3255 2076
3723 1635
3258 875
2141 3936
1833 220
3455 3094
1176 3352
1997 534
195 3559
2123 614
3398 3258
281 3191
3288 89
1503 74
1733 131
3743 809
3944 2244
1778 3561
150 3782
2115 2479
1902 2578
1766 3584
2676 3733
1670 3231
1963 527
2610 1837
1288 3118
2169 1450
298 3488
3955 2394
775 1127
1898 2027
585 478
1120 3559
860 2592
3137 1128
2841 1304
2798 3506
1253 1031
3877 1222
645 1902
3015 3202
565 775
360 638
385 1530
2349 1151
2366 3204
478 2866
3664 282
3412 239
3180 3879
3339 2573
1608 3872
955 3169
2301 316
241 3423
2836 1780
106 1887
147 3891
2693 951
2808 234
1597 3576
3471 2877
1122 1815
2218 1681
534 1046
3265 1112
114 115
802 2512
10 3533
2576 3617
1354 1343
2465 2453
1169 3192
1273 338
477 1216
270 273
440 2649
155 3887
2233 3768
2925 908
2978 591
2574 3540
3683 1899
1759 1661
1733 2435
3757 502
2112 158
1238 1651
705 3846
2110 1957
2776 117
2196 149
3191 1007
2893 1446
135 2793
3175 2664
1729 2818
1068 1874
1381 2267
2384 484
1532 992
2413 916
1724 2272
1464 2950
1767 2021
1382 2642
1078 2660
2132 1167
1323 987
1944 3739
907 3037
2288 890
2790 825
1306 3447
2261 3316
3677 564
1219 374
3532 793
3744 2177
3442 3304
445 1657
3334 1038
287 1852
1460 917
253 1414
2682 1152
849 764
278 2962
1898 352
3643 2437
1732 1090
99 738
1821 197
207 268
900 2240
2276 460
3087 288
1692 1335
3495 3912
259 3126
549 3383
948 33
626 2358
1208 3798
384 3530
1052 3972
3232 3471
2007 364
2022 2695
1355 2000
1291 3880
3630 167
2171 3143
2858 139
429 2901
3879 989
886 323
578 240
735 254
339 2138
3941 921
2446 232
1794 1338
944 861
2316 726
838 300
1334 3243
2102 430
2902 3093
849 2174
3863 61
1776 1723
1332 1613
1667 2708
2869 3960
20 3768
2740 1637
1106 2555
2511 2870
3291 2375
3389 467
3919 3284
1387 3479
3686 1202
3610 3290
1612 3177
2249 1490
1128 1715
2890 1472
3601 984
2757 2751
915 2749
13 1543
2670 2949
2036 81
3494 1299
967 2838
2968 1568
510 2467
702 2032
458 444
1416 2294
2071 1152
474 1997
940 3225
1837 89
2725 2037
3954 3867
4 23
66 2233
390 1888
3131 2185
2172 2338
3871 2329
185 3210
247 3763
3703 2834
3859 2807
392 425
3430 2558
1281 129
226 1988
1300 3319
2100 1124
260 757
3669 2015
3046 507
2757 2669
1078 2169
3211 1952
1089 1442
553 2809
1270 293
2849 1412
695 2269
293 1208
980 2293
552 2029
1074 1998
3593 2208
97 2025
2807 351
1675 1994
1703 1439
413 3951
3942 1502
2845 2054
820 2198
1565 841
1662 860
625 3779
3525 3826
468 302
3615 818
3637 3874
3896 2419
2033 3950
2625 1694
3915 574
479 1059
3023 2224
2536 3255
2030 717
3357 2539
2277 2642
1143 3812
1299 3460
1660 1367
2286 3299
627 2683
2208 2431
1609 1773
3869 946
186 1794
224 2479
2690 617
2358 3915
2049 1673
641 3641
942 1750
2764 85
3606 1043
3579 373
1356 1935
632 762
954 460
3745 1849
2117 2151
2031 2765
1406 3123
2396 1659
3407 3907
3833 3101
503 3790
2107 1185
213 594
11 2874
3686 385
3466 281
3138 3197
3961 1838
2216 1701
308 1065
477 3835
2807 2464
3137 1677
2989 328
3052 2186
90 3683
109 3560
1772 2258
1650 3192
2993 2938
3385 962
2359 726
3072 1943
695 2331
1469 2192
2462 2731
1695 665
608 3493
3529 2985
3266 1839
3053 820
209 3445
2171 3693
1580 2009
1156 1862
849 909
3046 3692
1064 3117
3006 2191
3645 2405
2452 896
98 703
2165 2512
2413 767
596 1201
1833 803
3151 3375
3697 2204
3080 1786
3778 3467
521 2228
3656 2758
1821 3342
1437 1256
1525 317
3203 1181
895 3366
1784 1510
2646 1156
53 594
2582 2761
1333 1162
1777 1907
1296 1715
1855 2249
445 1248
3645 1431
1414 3217
1795 1601
420 2594
265 3064
432 2600
2382 2161
2087 594
1703 737
2656 370
123 1686
1045 907
1834 1366
3793 1235
35 3892
406 1310
3204 3277
3494 3692
2591 1986
2956 2847
920 3420
2730 3380
2982 2804
1870 2457
3394 941
934 3160
354 1284
285 965
2560 3323
1887 3421
642 1793
2752 3804
83 1774
843 2874
160 904
3409 705
829 1242
3187 231
1244 1519
2068 1588
106 863
280 145
1785 1240
291 2507
2623 3902
2917 1296
2144 689
3229 368
2557 260
3538 2792
588 3075
1781 2173
659 353
95 1654
3893 3969
33 1913
1982 2753
2347 3686
3853 1490
2358 3822
3252 3860
593 1945
1362 3701
2293 2113
2045 870
2324 718
2355 3466
1751 170
1286 3966
1556 1301
131 310
2029 2263
2697 1319
2307 3917
1691 2578
1659 3689
1432 687
3900 3621
1988 1157
2097 379
78 3084
3439 2527
3435 3193
3633 1516
1575 577
1229 3823
3089 429
265 1435
3495 2715
2241 1893
3001 278
2037 3539
3538 2729
2760 889
1605 1051
94 2659
2683 3933
843 3973
2225 1527
1839 2401
3811 3751
149 73
1576 507
3886 2753
826 3901
2479 3855
3567 1792
2538 1445
2097 3863
2911 821
1603 2007
1865 2089
3585 3062
2381 1449
2581 1182
2250 876
2220 2186
369 1665
951 933
3559 556
1154 1638
365 95
2812 3174
2885 2356
2571 392
3526 3567
1323 3138
115 1391
358 331
3355 1737
2778 217
1834 2169
3699 2876
929 3544
1268 2725
428 2739
1271 2417
3437 967
3825 1559
3953 810
808 163
951 717
3486 904
3477 2093
2297 169
87 2199
43 2104
1472 564
454 2373
1461 658
417 2880
3685 623
2491 253
3131 1121
3758 1692
2630 2330
2556 3678
94 937
3039 2909
241 859
1430 1225
1239 3281
1898 2900
1263 1449
507 2759
817 897
1517 1479
766 3430
129 2558
426 2351
3084 405
890 2925
3542 622
2888 464
3671 2967
3001 515
3581 839
1662 27
2215 1975
3628 1120
447 2773
2593 3366
3302 2919
1875 860
1128 1885
2123 979
2033 1108
2005 574
3057 1964
1206 3452
2938 2804
1845 998
1414 3791
3675 379
2584 545
1226 162
2067 2552
2590 1953
2999 3131
877 866
3549 2588
2780 1392
1859 2109
3743 1740
2569 2752
3743 1068
3907 2305
3053 1832
142 3533
2757 1529
173 329
2570 1286
300 715
2876 120
3279 2154
3 2214
2897 3111
3488 2141
527 3916
2467 2524
2684 2887
2344 518
1050 3418
140 1674
1188 1061
913 261
601 2835
1439 1368
3115 3076
1933 3914
1767 1912
1774 2430
1521 1356
438 2820
2755 264
3562 1113
1206 3079
2958 733
1270 1052
1941 147
1393 572
2358 2507
1787 2749
1800 2623
2310 1186
106 831
3410 2162
731 2779
278 1642
1076 3450
3055 1151
1078 2718
644 2465
3202 2904
299 2174
1042 3308
2574 1171
268 3768
766 1038
2512 660
2016 2212
3627 2000
1328 3041
2448 3004
701 3420
2665 97
3624 158
3386 2249
2256 1770
720 765
2520 2819
3830 2361
29 3255
3072 2670
2849 3013
2905 2194
1334 1538
2315 3752
1146 284
626 3634
1249 2290
3216 156
813 3434
2843 3860
1688 2329
1316 309
2021 3869
3548 2900
80 2734
604 19
1881 1672
1552 2664
1088 717
3318 1312
1144 3615
3515 1434
808 2562
3879 3352
3669 1554
3425 2286
1577 1244
1494 232
389 1297
1140 2967
2699 824
255 269
1980 908
3096 1804
287 3290
901 1421
1343 233
990 254
2308 3679
3227 446
3091 1249
1707 991
503 2344
1092 1685
1043 3345
736 1183
394 178
3209 125
3768 103
458 2486
968 2899
960 199
865 1668
3539 533
877 2224
470 78
1107 2535
3879 910
1006 2130
1794 2588
3783 814
1376 1208
2569 2118
3410 1224
2879 1535
243 3889
3877 1613
2020 471
1784 2703
2816 2935
2086 1483
230 174
3805 1981
752 1923
2519 1271
8 1467
1201 2133
3167 2015
77 2154
845 3370
3465 2228
1564 867
3488 1388
2534 3481
1870 3560
612 398
859 2219
3782 929
866 3516
658 2234
745 1292
1737 354
2289 382
258 3707
2746 401
2665 3331
2042 3335
2347 1011
2899 3767
450 1094
931 2748
1189 377
1627 1638
1371 2059
1655 3323
525 658
414 1358
3609 1329
3698 1024
1516 3716
3869 2420
3852 3197
2259 2654
2595 3517
1417 816
1104 1247
1671 673
1944 2973
3266 2016
1839 547
1469 3195
2204 3000
2191 355
3238 2203
2153 901
2456 2587
1968 3839
3624 3369
2894 1371
3392 1579
3067 3207
2975 3609
756 2994
808 3312
1356 2421
3680 3086
3709 637
722 1984
1481 327
3256 269
96 2021
524 1584
2978 3003
716 943
578 1859
2936 1121
3282 683
3554 2542
1499 1163
963 2798
1526 695
852 1336
703 446
665 2266
406 3735
3186 1229
2856 526
1478 517
1587 955
2399 1164
2284 522
1469 1305
137 3442
3598 2453
3762 1580
975 2150
3316 1728
3526 2339
1215 3342
1066 2131
2125 1911
2862 2477
1768 3747
859 1890
1320 2154
38 2624
2307 2157
1290 571
3048 1863
2454 230
3899 133
121 2149
3454 229
2186 928
1248 3664
1935 2127
858 652
2205 1963
1233 2605
1060 182
3178 412
2478 2080
644 221
1073 1752
62 1377
296 3308
3961 3476
3872 1295
947 3583
2235 3690
995 525
1659 2619
2073 665
661 2071
3068 3926
1986 1228
515 3631
3056 239
3145 2402
3221 932
462 642
136 2116
3063 2143
2593 2442
1060 3409
1403 1959
3531 3470
1515 441
1226 3485
1013 3166
3806 941
1572 3502
822 3070
3751 3830
928 2347
179 369
57 3230
1362 677
482 1846
2940 582
3808 1629
463 453
2564 3905
3193 3686
3305 1041
2775 2907
876 791
3112 368
1461 96
3284 2947
847 3201
300 2095
2556 528
3099 2415
3735 3881
2585 117
2660 2609
1819 2857
1587 3196
3935 2577
919 3459
3383 2380
3818 1083
1010 358
3381 2618
831 975
338 3238
2357 3614
150 3246
3088 2224
2440 559
1047 1226
2153 3502
3730 1260
1058 2752
1360 2827
3086 3492
255 707
2113 899
860 2284
3450 2205
1309 534
86 3559
2779 3389
2122 418
2358 2845
2914 1444
1565 633
33 889
148 2343
393 932
3895 992
764 2299
1178 1899
2790 375
2517 3660
2888 1520
3201 2868
1880 3607
1955 521
196 2233
3387 2267
3399 2864
2130 3766
2917 383
3510 2776
2823 2965
3693 1427
1553 2396
3876 3491
255 2567
2168 3491
3592 1473
1826 1147
1562 2900
2865 3566
3132 2363
2913 3409
2076 2892
611 2420
1818 67
119 1475
3641 1397
3738 886
3238 3616
2440 1410
93 3720
2735 1565
10 253
1049 3698
717 2516
1501 1685
1416 199
3322 1627
886 1395
1627 2738
3607 2738
88 2260
3698 2487
654 2086
3947 1327
1359 1100
2703 1790
1286 1905
2571 3415
1985 3441
2250 916
3405 3343
3169 3650
834 2286
860 3688
3942 2218
3346 3298
2088 2882
2824 2685
504 1700
2187 1618
3943 3242
1978 3823
3423 3283
3760 628
52 1093
3647 3959
140 3440
2811 2974
2170 317
3308 710
2587 2516
1771 3077
2793 1582
93 2509
383 1241
1738 2311
3971 1580
2016 1472
2751 817
2850 2205
1592 1815
3670 243
2394 2775
3677 3395
811 2429
1264 1858
1410 2946
1498 2444
2069 124
1236 2837
153 350
1011 2217
1930 1096
1252 2209
3792 1053
2530 3810
3695 2639
2294 932
1849 1770
3347 1622
3634 3391
3073 3256
3389 1407
2642 3207
508 1746
3021 1523
568 1729
3334 1244
556 3305
3931 1457
1635 908
413 2595
2137 2301
2158 3099
3046 1891
3590 487
2488 1608
49 3971
2540 3721
321 2593
2585 3529
2497 1075
3199 1774
329 2489
1864 2498
3447 3303
3387 791
254 926
3709 701
497 1188
1793 2149
999 171
3552 3155
1355 2799
1399 796
196 872
2335 1636
72 1180
583 1502
1993 1053
3411 2241
1221 3136
2512 2815
2882 643
2384 1974
3842 2632
1676 1855
2291 166
1465 2949
2949 1220
1683 1798
1342 2734
1716 989
126 2464
1848 3741
3590 2579
5 2283
2563 1771
1071 1381
3400 1541
2179 184
2072 160
2550 1019
2916 438
1443 1429
2525 2831
3802 617
2586 3628
878 2560
3375 3657
3794 2205
3179 3003
2319 3155
1107 1367
2463 2519
45 227
1990 2154
1688 746
1093 1783
3157 1441
1431 2270
1048 484
191 513
3870 3721
3312 1764
2994 1956
3935 3287
2168 2969
1667 1730
1221 350
1955 638
691 517
3213 3912
471 2581
3134 2259
1886 2574
2163 480
417 81
1385 472
693 3607
3529 952
2148 2941
3309 1116
1742 1484
1831 1037
1732 2484
3948 2499
1207 1068
1827 2351
269 2099
373 2535
1383 3596
1295 731
2268 1188
1426 3919
1997 929
2730 1176
3319 1559
957 2754
87 1124
333 3924
3758 1245
1827 585
2558 3763
19 697
898 1440
3888 3890
1155 1706
3538 3464
1153 270
11 1071
2149 48
435 2819
803 751
2066 2488
3357 2357
1094 1587
1724 2881
3875 3767
3070 2670
3570 1662
2887 204
381 810
2049 2245
2745 38
1820 450
413 174
2733 2730
1647 3211
1237 1680
1253 3740
3739 3406
1057 1101
1807 3381
1926 1381
290 1708
2986 3706
132 3642
863 72
2079 3842
45 548
3033 2853
1026 2015
3806 3206
2439 1312
3340 3807
1908 783
2986 2508
1421 645
2393 2990
3134 3835
1179 3611
3382 670
3182 1803
2842 2925
3869 3165
520 1142
384 3073
3349 3915
1150 54
3124 1913
1952 1096
2729 1131
3012 3777
2904 446
1208 1740
11 59
2781 2415
2899 676
25 3523
2604 2213
3824 3934
3535 3283
596 2374
3501 3
690 2522
3713 3100
2956 1916
1904 673
3014 959
3189 3318
2200 620
3549 2030
2957 3534
1460 636
672 386
1214 2339
1538 430
2670 3524
1728 2866
781 3188
3192 2022
565 479
69 1510
890 2200
3304 434
3907 2896
991 2514
2578 3630
390 2365
1009 3006
3166 1365
3379 3177
1607 1748
598 879
2934 254
3874 1146
133 324
3779 1140
1003 1783
3909 2337
3677 3609
2932 1488
3552 1445
3603 2639
1346 2362
3015 2979
1742 3354
1647 2756
3155 783
362 1830
1135 2611
2915 571
2129 874
3902 702
1039 2330
513 2798
2017 909
649 3655
3697 1942
3967 1947
3661 2302
757 3227
1234 686
3220 406
938 1800
3058 3198
837 1499
893 1212
3571 3897
3958 565
2532 1712
2241 1386
1273 1152
847 3514
2539 1785
1979 3077
365 345
654 2471
1346 82
2004 2163
736 3226
533 1777
205 2594
920 1076
3959 3042
100 1560
2990 3765
3961 1824
3375 2941
2468 2214
2413 1395
3830 2760
3218 1247
2718 186
1144 250
1659 1901
1289 1461
3369 996
2818 62
3213 1442
3510 2903
295 7
3404 2877
1913 154
1734 970
3095 475
2490 3129
2521 1712
2098 1902
2528 3789
3839 993
3430 103
3647 2129
498 1445
2513 1317
2923 258
2631 2557
455 1842
2250 3589
2194 3208
1557 3017
1978 2215
2125 3468
789 2502
1115 1107
1577 925
2791 660
2676 2238
2420 2055
1884 898
1661 1993
3751 3788
1629 3076
1083 2182
3137 2641
309 3683
1083 1207
3517 3802
981 195
1895 1156
1056 416
61 321
756 3155
2014 2951
1109 1174
1996 3295
3346 1454
513 2058
772 3631
3879 1415
3572 3740
1577 620
3410 269
1793 2883
2314 1920
2727 3493
3241 2625
2409 1527
2648 2949
1698 3133
2646 997
3335 3623
3156 231
1975 3732
1931 2403
654 2613
2537 3113
744 1715
273 655
527 3586
716 719
539 2277
1702 2012
189 1252
1586 688
1673 3308
2914 2054
368 172
3187 420
2882 888
2080 657
3037 2533
2569 3557
3632 620
2386 1073
2953 214
1103 890
1220 32
3045 1389
3595 898
2718 3329
1130 810
3097 2291
3768 1893
2561 385
1454 46
2905 982
3554 177
2724 2561
2839 1183
2113 2051
1 1586
1233 244
2223 2819
1427 2993
2349 361
3516 779
1880 3122
2604 3764
3887 1022
2087 2396
3242 3420
2307 1387
665 491
1249 469
697 2723
2492 1192
2543 883
2828 944
2238 1400
1689 1701
3199 2784
2852 3030
2680 493
2717 545
2169 2880
2772 801
2841 824
647 2268
3593 335
663 1886
2810 345
3693 1404
3040 1318
3201 2023
2495 2650
259 3069
2777 1197
1135 2293
3211 2460
3593 3870
1125 1812
1238 930
3008 2027
854 1049
2411 175
984 3866
1353 2716
904 1540
1901 3085
1179 2974
1341 2842
390 3272
1868 1750
2939 1574
3734 3178
1869 1553
2675 3730
747 3850
961 2789
2213 1851
19 2571
3511 679
2343 1918
1922 1250
2879 678
2002 943
799 3759
1021 1935
2097 1780
479 1834
3725 2697
1602 1773
132 2666
664 2177
864 1305
3018 2210
719 3406
3460 3224
2949 1174
625 928
994 964
1305 3540
505 3291
688 556
1753 2399
2010 2822
245 2182
1963 2336
1664 3377
933 1890
871 3948
948 1966
1175 3614
318 1185
3597 521
3080 1277
3136 532
3318 2177
2189 2891
3038 2661
968 3830
863 2196
3808 579
2133 54
3036 1851
126 2275
2247 2735
403 2068
877 326
2403 1201
3752 120
3029 605
2002 3217
3504 1469
3730 779
2785 3143
1560 762
1106 1601
1598 1095
3717 1703
1230 1237
3111 3141
1699 1505
3688 800
2266 694
120 877
2190 471
666 3642
3440 2030
2828 1852
303 767
519 2238
1675 2139
2468 491
3180 703
254 1669
1601 1049
77 2596
3792 2029
1037 3112
93 3065
370 386
1322 3024
2715 951
2963 2599
2948 2448
2178 902
3856 3411
2127 799
1566 1555
3093 1779
2888 1519
2957 1114
593 1735
788 3074
3469 1084
1443 844
3077 440
134 1865
2728 2279
1150 1907
2514 2912
3541 791
2576 2234
1829 440
616 3249
601 1646
3383 2106
1440 2005
2003 2356
1554 3662
1825 3726
1765 2743
3130 553
2639 2140
3044 63
738 343
482 1031
3537 1632
235 2197
1407 3163
1378 1891
790 2937
436 68
3463 494
2389 3620
751 184
1505 169
3551 2255
2039 1036
86 3164
3088 2763
3474 1724
2861 1837
3579 3604
3152 2801
1937 1387
1970 681
3934 3111
1116 3782
2392 3802
39 3227
1907 268
778 2820
1757 1823
2003 3931
1976 981
3966 1708
1225 2169
3605 3240
1217 3851
3717 841
2649 3769
1401 3251
1133 2821
2819 1275
68 3889
1766 3277
2373 2628
1617 3838
3091 3523
2811 1671
387 518
844 3716
1328 2568
1906 3193
3393 1826
2480 1163
1664 1249
1008 3538
1475 1355
656 2806
3418 1599
1826 90
606 2405
3258 448
3399 1465
3363 3919
326 3026
2132 1313
455 300
1610 3228
2431 664
72 2520
1581 3015
2384 1094
1279 3083
2470 2072
3579 3483
1606 1529
944 66
2486 2431
2447 3614
2501 3049
2622 274
1940 724
727 291
1448 1676
1120 3858
3378 2403
1578 457
838 219
3173 3630
3209 228
2941 1009
991 3417
1675 815
391 419
1755 2884
2420 2926
2434 1755
3902 3906
3424 3342
2284 1837
690 2642
2947 1515
3101 3834
3885 3495
3328 209
544 968
945 1648
2889 3597
2478 2985
2687 628
873 3118
2376 2974
3313 2408
2919 1550
3876 2767
2754 1942
3438 1318
1634 655
3922 259
201 1608
1222 377
1001 1317
1810 259
1260 2192
1093 1405
3206 3632
3827 3948
1344 1078
3772 1140
389 2770
474 3046
2412 3252
1272 2536
1909 1807
3126 979
1928 2650
82 1926
3879 2672
3776 3586
236 3744
2122 3616
214 802
801 2269
307 200
2781 2416
501 263
2138 2642
804 3353
3501 1520
821 1071
2452 2666
1090 1417
178 2909
3345 237
183 2785
2154 2941
3023 1450
3716 3368
2391 3732
1011 2739
2178 985
2246 2657
2152 2071
2588 3664
278 2468
1086 409
2750 897
575 2672
1813 757
1512 1410
3699 105
1462 1866
2987 3070
3416 1065
127 2873
247 2427
2193 1966
2429 1667
2242 3177
3900 1942
1611 903
58 501
3894 3118
2406 3174
1347 1658
588 1929
1201 2521
3300 3825
826 716
1178 534
61 3921
1230 649
3331 949
1511 1161
1656 2725
3589 3183
3473 3304
2245 1915
3251 3076
930 2270
1403 3762
54 3561
3045 1353
749 2039
1200 649
2825 475
1146 2272
3261 351
1794 2128
654 109
3969 1575
82 2228
2959 3563
2887 22
1646 3059
2897 1761
3008 2560
3404 202
656 3104
94 2600
3904 3479
3622 3571
365 29
3741 1722
2605 414
364 1927
2920 943
3329 2485
3436 1259
2480 3280
1733 2772
113 1374
2487 1990
77 248
2573 3655
1352 1312
2791 3745
3867 305
2894 1305
2532 3436
1225 2112
724 3951
3097 1603
1182 1974
3305 1969
312 2982
3362 3215
2748 1836
1465 1202
2685 3457
3210 2606
1769 1225
2880 1249
1022 649
46 646
2544 3704
3849 3793
2159 1416
3785 174
1771 3402
1025 467
1712 956
676 116
792 3071
2530 2299
3094 1951
3761 2659
761 177
2080 1362
655 724
53 879
2193 1449
1141 1094
2257 984
1707 1581
3311 3451
1199 3465
1612 342
1316 3638
606 1936
1236 3904
380 3598
2772 752
63 1735
2313 3163
3308 3271
649 868
2028 3252
3115 613
3808 3355
806 2722
1917 1613
2984 2329
3052 247
319 813
2933 2981
1718 785
3245 1203
1130 31
2834 3274
1189 1111
3464 1435
567 3358
3698 145
2199 268
1135 946
410 960
3153 2725
2216 361
2127 420
2594 2271
3755 1682
1392 611
389 3129
1326 941
3788 1690
3786 3548
1611 1268
798 1480
766 3007
3543 3190
2596 3531
2912 368
2087 2525
3713 830
2444 2560
2864 2137
3366 1751
3892 553
2056 489
2420 2002
3554 3360
3721 1332
1907 3547
701 1827
2161 762
657 1418
3762 202
2705 961
790 220
2762 2408
140 1719
847 3530
1308 1774
3844 3888
2989 3795
1328 1492
802 2013
911 2300
995 3750
1234 299
2408 1094
384 1631
3216 1603
2437 2273
1596 2617
803 3747
2245 155
2255 2227
97 1131
3655 3219
3540 204
3692 146
1928 1879
480 436
321 2334
523 2609
1184 1921
1276 1619
3530 1076
2631 587
2724 2760
3518 3590
1793 2158
1058 3695
827 2619
1004 2488
2435 2665
1312 3591
3285 2976
123 3032
870 2042
1653 97
675 2918
576 1446
33 1116
11 1054
3583 3393
1954 2686
3492 2596
1595 3970
3742 1159
423 130
3883 2612
1567 1148
2875 2939
209 1998
2864 2343
312 763
1922 1547
1071 2423
1594 3707
306 3777
2283 3535
1843 652
2800 1681
733 3481
2945 2938
1972 3786
2485 1250
3509 2016
2382 2207
1099 2916
1908 1376
2465 2540
2873 3937
353 3047
62 860
2116 1280
1536 3334
53 3678
323 184
219 1079
921 231
2909 202
265 3228
767 1563
1674 3298
3370 2937
3832 3552
2100 2463
2011 268
2157 3900
1834 155
2247 953
3685 1325
3959 994
2725 3538
673 653
2105 2429
971 1807
145 259
1454 2917
2206 608
1731 2694
3670 3696
1636 282
3016 207
3626 3659
3874 2709
1565 3464
2590 2524
2641 3070
2726 488
3973 523
80 2294
3378 34
1801 1302
1848 1101
1447 1656
2500 29
3188 2552
2057 524
3191 3131
3434 603
2642 3470
3694 3279
1211 456
752 2120
524 3652
1361 1291
968 2987
2841 2524
3140 839
957 669
324 278
1001 1972
2976 224
1680 1390
29 1598
3581 1248
3377 3681
959 2131
3481 3220
392 332
1062 3011
3584 3322
3380 247
1226 2445
1375 1167
2780 1836
2877 2528
975 1152
2871 1127
2049 3476
3591 1913
1570 699
3097 1921
1585 2985
2012 2826
3819 1529
928 2463
3868 1220
601 757
781 1134
1140 531
1050 3540
3876 3825
1296 461
1368 674
3347 3408
1279 3895
3533 3140
1910 552
1717 1591
1929 2612
3877 414
1518 1175
113 3865
322 3713
3921 3842
2351 898
1301 899
1772 3637
2750 3337
1848 307
544 2430
3347 793
496 2178
1263 3365
2716 1735
3163 1189
1368 1277
678 3625
256 2451
895 1297
1181 30
2387 3914
2991 1359
789 1794
81 3284
3500 43
3183 761
1749 2089
20 2059
1948 3641
3040 739
412 3948
735 3282
3788 890
1351 402
529 2591
773 2127
3043 3559
1066 416
76 3874
1359 2714
3581 296
3029 2160
1609 1070
1823 1976
2435 116
248 1387
3254 1021
1584 2675
3501 2644
2302 632
763 3006
1364 2698
254 3274
3187 419
2401 1713
2102 404
2167 3726
1172 3051
1461 3494
3598 673
767 3719
836 869
3665 1987
364 3151
773 3851
2804 1010
1597 1464
341 1271
2912 3921
3405 2117
1400 3183
82 3097
1839 1110
3566 2433
1414 2489
2461 633
915 1955
1741 573
2674 3909
1099 2893
3808 1463
1419 183
463 380
3110 1823
1368 1771
122 3668
2061 1552
1172 985
1780 3672
998 131
1900 1904
755 1532
3342 1164
43 2387
3123 2156
3133 3633
726 2919
1934 3003
1886 972
883 15
1546 2246
2251 2677
2122 1230
3671 3922
2143 3803
2438 128
3359 1831
3512 2941
153 3694
3700 638
1231 3499
1241 2248
2195 1092
3377 1731
2516 1856
2415 421
9 3453
35 661
1917 997
3567 1598
2764 2790
2396 2941
2257 1410
502 1802
2721 1798
2203 3455
459 1894
1907 3210
274 2607
3759 157
2217 417
3276 3147
2265 1080
2402 1652
3582 657
1975 361
1542 3230
388 2259
1984 213
1990 3867
409 1039
3065 321
2465 771
2260 2169
1758 3549
2072 3334
1496 3268
3614 3172
1024 3946
1842 1412
1863 52
1870 3353
2469 1724
2739 3165
380 3099
3590 3790
1516 3050
1849 3218
3098 23
3622 3090
1473 2476
619 3270
2791 460
1975 2830
2501 3749
3122 3365
3712 3742
165 978
3406 1827
970 3542
1890 1694
2927 3904
3116 1072
1463 2298
3904 3214
1716 3805
1149 2591
1058 3125
25 3746
3814 1168
2082 2404
138 449
3921 1590
2411 1319
818 3396
3360 2337
1049 1715
3440 990
1654 3794
2024 3096
1468 3832
328 1215
1945 3693
1528 1593
245 2290
3279 3115
1307 477
1236 1006
2705 1773
3010 1384
1297 2327
163 1517
3415 3905
594 341
1800 424
918 1273
1497 1078
3354 1394
2735 2207
1890 3223
2661 939
3091 2317
728 1979
2747 3352
542 1485
3072 3005
3881 3741
466 1799
2313 181
2971 563
600 1719
3285 789
1624 684
2024 192
1936 3739
2794 11
3083 1728
330 2707
1720 800
3182 3754
1225 1483
1995 3242
2963 2448
1300 1855
1751 813
1221 1757
1621 2448
2791 1769
275 325
792 1383
1732 1960
1088 3074
2101 1695
2203 2152
3901 668
3133 182
734 460
2759 3752
1641 883
3395 2047
1131 271
1704 120
1686 2506
1381 2175
3785 2268
3148 1213
599 312
2766 995
1568 1018
3951 2124
3688 2360
954 2931
817 1124
1444 3733
3525 1418
101 1037
3634 2333
2103 223
1768 3868
3402 2224
281 804
1743 2551
2263 2941
3715 3409
127 77
763 418
1666 3749
3910 3233
3201 1287
2458 53
1419 2421
433 2050
2237 2534
3248 3592
376 2554
3434 721
2555 1549
37 1457
220 562
1481 3333
3716 275
1893 384
1745 2168
43 1787
77 1796
846 778
2353 3915
2159 3583
1906 1347
3193 1748
3728 2112
987 2855
58 858
2404 626
1868 1791
1758 1538
516 3826
2294 1594
3354 2547
1839 1902
1952 1649
3438 677
1655 3519
2156 3750
1821 1117
3746 1258
3895 2256
335 3911
1134 3177
1258 637
2557 497
3650 1361
3212 1315
2749 1661
3194 491
2016 3526
3667 5
3862 3541
1997 201
2706 2132
1575 2094
2005 1601
2914 1819
1950 372
898 508
3665 775
322 510
3598 3913
3458 583
3865 1006
732 320
2762 2389
1757 3862
1013 2836
114 3448
1980 2195
564 1376
2744 2907
898 3906
1615 798
3009 3595
3910 2243
1848 861
1052 2189
837 1071
1198 1241
1896 2851
1331 2630
3379 3554
1973 2712
3174 3815
3550 3208
1604 2833
3972 1016
2233 1609
1869 1175
2616 848
1453 3007
2641 1232
3815 859
1089 1534
2346 2649
75 1528
3307 1899
3971 1683
2 2054
2205 1478
2948 657
413 2111
780 3279
2977 3080
3629 3544
668 1655
2994 3151
3228 432
2748 3432
2830 3340
3018 3362
1665 1440
2198 1754
3968 2136
444 1158
2571 700
1782 2537
720 370
3765 1946
1811 2031
2358 647
3596 847
97 824
55 3065
1801 2239
621 2587
608 3847
3810 3091
760 762
478 47
7 2254
1460 706
2379 131
2405 2611
3137 1139
712 281
655 3421
3146 1263
3928 220
2775 2751
297 10
3150 3962
1585 2609
2814 123
3425 3705
1763 2270
3710 1819
2834 3009
3707 2774
307 2525
1763 2462
3189 2721
2942 3577
3616 425
2992 3361
3889 3706
3170 1255
1348 3504
737 1504
3850 132
2608 1430
1972 796
1743 1784
1442 3444
2133 3403
511 2582
3221 2604
1671 237
1475 1910
1252 3859
3912 1479
1360 1909
1452 1856
541 2026
1166 3669
1835 2598
953 1891
1151 759
7 1440
184 3798
2462 391
281 861
3492 2583
882 1303
2514 2292
209 3318
3232 374
44 2242
375 3315
1848 1364
2408 1070
694 2571
3485 2593
2565 3123
2872 1974
815 3556
1486 612
1814 994
1702 1800
1878 2455
3678 1871
3730 2604
2448 1035
2123 2626
3204 3041
1825 10
2334 704
369 2626
1475 616
3595 3091
943 2223
2084 1844
142 83
1183 3726
2959 3493
669 1379
2801 3565
2873 3746
1045 1807
417 3818
1585 2064
431 2645
599 234
2089 1419
344 3618
1009 2026
2985 1979
1595 447
2885 3482
2001 2981
1175 3414
19 450
1266 3712
3463 2252
919 1504
2009 2279
3813 1794
669 603
2974 2200
1904 950
2893 2656
465 1233
2468 2943
743 3035
848 2331
2976 2604
1827 1390
1627 2063
2135 2425
343 3857
2010 1576
469 3192
2535 601
3263 2440
395 3013
2058 1671
1362 1770
2458 3208
814 1480
3030 961
2246 3009
1826 3775
2083 1194
515 169
242 676
3549 3816
869 673
3318 1449
3114 1103
3053 2
1135 1115
1205 3908
528 694
2592 1497
1825 844
1919 2390
3661 2856
3252 1903
1030 832
3143 45
965 3296
2673 377
2755 713
3597 653
3255 2126
2167 2244
2549 1848
2402 961
1050 670
2753 2475
3091 3267
440 730
3907 3181
1602 3850
3625 1126
2532 700
2922 53
2993 2552
357 2781
1409 655
2134 81
3086 3196
1357 2562
2673 3607
740 3047
1377 3932
3697 2282
2067 3203
1050 1085
184 992
3748 3279
1097 3973
890 664
2396 2495
3136 31
2652 2661
1859 3318
57 20
3174 1343
3023 1517
2449 2402
3329 1615
304 1
148 1965
1697 1814
1938 1621
3406 2841
2933 907
1654 3845
1021 518
1473 2602
3494 848
51 1846
1820 635
3677 2037
10 2294
638 3825
902 963
2048 2096
434 3205
3507 2746
158 2770
3085 542
172 2077
3633 1773
1352 9
3290 2084
946 1923
1981 850
1961 750
671 2386
2276 2142
3391 84
902 2406
2834 2600
3876 2940
2390 1673
2258 2028
3692 2886
1192 3389
3583 2865
676 3224
798 1850
1211 2173
3134 291
