642994012883
750024681219
705876486032
750520246001
750520246001
503038765019
679818767843
638533535645
606125325222
631252312743
750520246001
750520246001
576220193603
527755435481
529819922516
750520246001
506372776468
600476236748
546503264631
505784381499
750520246001
595053504098
750520246001
750520246001
656553269895
680228657602
564247673788
528860202519
510258625132
745108203431
729309105316
506802857670
510258625132
509527233501
669779072127
566536244797
750520246001
626652452915
750520246001
707225031008
537694432856
530941117025
746086492201
635961307525
632688930381
640387722736
508166072252
750520246001
508015132213
734974516308
502825718700
575146371543
750520246001
503411911814
513466871642
740248653363
504187647965
750520246001
556324113929
750520246001
558261157004
642249933543
508389891651
750520246001
508166072252
750520246001
750520246001
554878698891
708125733252
750520246001
747557624311
669383411623
542773453731
560992480033
503899604873
750520246001
750520246001
710833267015
671759683685
558017259912
731659219885
524702346741
612984697128
557288889812
535869984458
512297662014
663891343257
524702346741
651977796399
508166072252
503612846153
750520246001
619409397679
750520246001
542367826822
750520246001
586377479259
750520246001
683103314686
546503264631
529819922516
579729015073
611331182009
750520246001
750520246001
706325674308
545023973667
750520246001
650095476149
750520246001
511995965903
705876486032
750520246001
603582224012
538441880581
532584917663
750520246001
509439417076
565516475305
518065536958
750520246001
750520246001
750520246001
558017259912
750520246001
558753621694
519342788726
583022848005
573283570650
618042909741
520419291831
504541982968
543787597556
627000940458
750520246001
750520246001
511019147821
554163012350
614319141090
689768211191
750520246001
634497026047
634133242659
650847864240
527912794130
750520246001
516617202744
517447620720
750520246001
535690344878
506740884981
503231313450
563995770536
600785010340
505522951621
613648737713
750520246001
522244942000
508702246905
535156045752
523246256855
725588252540
580822190190
750520246001
750520246001
666634459991
690613603033
506679131893
747557624311
593879089514
506433834638
720954311378
750520246001
586661000775
727444528241
558017259912
750520246001
557773695536
516271213498
750520246001
750520246001
668989273160
626652452915
750520246001
528860202519
564247673788
647474801479
502760686800
509796169370
695316648374
599556349565
502999438839
750520246001
502784716020
750520246001
750520246001
675348049145
507940793401
502840163506
509796169370
750520246001
552521432234
750520246001
666241790393
678184472057
540177738389
637795986340
503832642698
750520246001
541566811079
750520246001
750520246001
505625301242
676563202157
635961307525
750520246001
750520246001
539588738850
750520246001
750520246001
750520246001
750520246001
540177738389
656553269895
750520246001
506012636187
689768211191
750520246001
747066285137
750520246001
652735994524
598038265425
578913663663
750520246001
651977796399
750520246001
561492156268
546503264631
750520246001
545233486285
745108203431
750520246001
508466663543
504384657644
750520246001
678184472057
750520246001
655788768221
750520246001
518568155412
683514951005
750520246001
711287916575
606125325222
750520246001
523967327913
624914020193
503968691198
629464640887
566025975841
552521432234
600785010340
750520246001
628753199441
534805003394
671362829751
540177738389
558261157004
750520246001
580001592432
600168977204
564753003582
550466252239
723274593452
504799250297
567048359952
503180537857
607084103747
750520246001
586661000775
646353140013
714489589002
515368679444
633408436834
750520246001
526355835621
704979088533
516850504132
750520246001
632688930381
510448362730
750520246001
750520246001
503768401332
512399134607
750520246001
546503264631
529020618771
542367826822
623184740936
712197269128
536957858095
725588252540
641877176218
747557624311
508166072252
750520246001
512608185653
506433834638
634862980247
597738060208
750520246001
503180537857
586377479259
622155595590
520282452669
530300123136
747557624311
523104567176
539202902093
619751901204
643737972955
711741794173
750520246001
734023772560
750520246001
688925539322
750520246001
750520246001
508780447080
525594265262
577290414179
527127761569
562989972276
513141372894
540570510860
547148528857
666634459991
750520246001
634133242659
509183820855
674145691114
750520246001
652735994524
600168977204
584127097386
502797930449
694886816333
512608185653
506012636187
658087358118
750520246001
637059605455
750520246001
647849271478
642249933543
750520246001
750520246001
503440181561
710379203122
750520246001
523389170447
628048465835
647474801479
750520246001
750520246001
609352851237
546717769380
702755825078
679818767843
502738421571
605485979975
520693525920
655024116233
661178667156
750520246001
668595234233
563995770536
558017259912
557288889812
596543982779
692741936167
705426677040
517205347379
750520246001
750520246001
616684019472
686410749580
750520246001
750520246001
512297662014
710379203122
567821220630
504665990938
702314213257
709475112583
750520246001
750520246001
712653692339
503529114671
613648737713
549115651725
750520246001
750520246001
644483901521
520693525920
537508764688
570152841261
506070827332
702755825078
750520246001
528227259763
679818767843
590677543482
588946866262
503499091168
533265531538
536230215198
710379203122
712653692339
735450768378
512297662014
681866720979
502700751642
526818685258
592708613704
746575895198
548893459729
750520246001
503205861426
691461670012
512297662014
532250453832
567048359952
571444364481
605805670615
508939378797
750520246001
750520246001
750520246001
750520246001
750520246001
645604858445
695316648374
524997374019
526664829610
674544969904
528227259763
750520246001
750520246001
594465297911
599251701394
732129116259
593295545963
750520246001
502728187437
707675433620
733549320885
552521432234
505123014376
750520246001
750520246001
750520246001
553926332742
750520246001
516850504132
554640326113
724199865596
580548498821
750520246001
628048465835
561743218668
694886816333
750520246001
750520246001
502649374532
750520246001
599556349565
505728786978
567305118731
709926632570
510353663222
579729015073
537508764688
519342788726
656936629103
584405797327
750520246001
562489990199
679818767843
638903443583
721883135358
523967327913
574078907352
750520246001
523246256855
644110295342
687246267386
568080012621
686827442339
750520246001
750520246001
668989273160
538441880581
750520246001
750520246001
525594265262
508702246905
613983488376
570410641891
750520246001
700111291626
666634459991
612984697128
530941117025
750520246001
750520246001
529980004052
503038765019
548230606102
533776386146
750520246001
502853519465
578913663663
638164996487
516387030052
750520246001
507311452655
750520246001
750520246001
552521432234
510734724515
503385043377
541366624053
697051997256
504187647965
597738060208
750520246001
534980288318
694456994264
519342788726
573283570650
732601930981
613983488376
750520246001
539588738850
505728786978
689346402134
750520246001
750520246001
609025852964
546933473206
551374578915
750520246001
727444528241
750520246001
517816064810
504002981364
657320316968
750520246001
615667040959
610011355942
686410749580
612652510879
750520246001
750520246001
571444364481
514688784402
554878698891
505123014376
750520246001
750520246001
603267601412
750520246001
657320316968
608052381448
598038265425
523389170447
531755242335
619409397679
549338122415
530941117025
750520246001
505368770667
676563202157
563995770536
750520246001
503529114671
650471454612
738804372591
533605931383
750520246001
519212273470
750520246001
750520246001
510164265553
750520246001
750520246001
533265531538
583298446576
503333358119
594172072867
504384657644
502645955781
553689852503
530140196652
750520246001
661178667156
750520246001
514914832059
750520246001
750520246001
615329077359
750520246001
507444459337
750520246001
601092921507
502870697621
595053504098
750520246001
750520246001
750520246001
750520246001
711741794173
694456994264
731659219885
547148528857
750520246001
546289512743
628399417681
518315112094
588088923044
598642004026
509019928418
504073045930
502784716020
571185476327
750520246001
750520246001
507940793401
532584917663
518441934559
750520246001
571444364481
526510356667
565007027959
535156045752
530779911896
602329783839
504582769162
750520246001
750520246001
549338122415
674544969904
612984697128
503440181561
506740884981
750520246001
633408436834
517325152953
509615518429
750520246001
716329666953
511115189491
750520246001
566536244797
750520246001
692314710349
750520246001
510923691076
750520246001
504110668050
502700751642
546077219100
634133242659
731189218022
750520246001
604529900335
581646136406
746575895198
605805670615
582472817591
750520246001
750520246001
536230215198
750520246001
504073045930
750520246001
575413519263
502999438839
749034297631
581646136406
640015354016
750520246001
750520246001
504037447388
504384657644
750520246001
750520246001
750520246001
502772513265
502738421571
736885298719
577559455745
543381854646
631252312743
636327467260
574611151143
528541711455
522387256308
536049435332
677371077995
507444459337
709475112583
750520246001
689346402134
502922968344
516387030052
750520246001
505728786978
750520246001
520693525920
640387722736
694456994264
734023772560
679001009375
653115821227
657703721980
517940320231
503411911814
750520246001
750520246001
570152841261
595053504098
542167339164
750520246001
541966567095
546717769380
750520246001
750520246001
750520246001
750520246001
750520246001
525443457902
567048359952
525294472025
502888466406
513685235861
574344232886
709025398701
512399134607
750520246001
583849984693
527127761569
750520246001
750520246001
750520246001
699235060672
750520246001
750520246001
556565129947
750520246001
747557624311
502650770180
534118124071
561492156268
531426825760
655788768221
686827442339
584685994065
508702246905
750520246001
502672425451
750520246001
567821220630
619409397679
691461670012
706774552483
667809434713
557773695536
546503264631
714489589002
676563202157
562240948563
541766042123
658859274519
750520246001
750520246001
529819922516
564499716718
750520246001
750520246001
750520246001
695316648374
526048601545
699672969255
647474801479
540570510860
535690344878
581921091990
506130860449
605166600801
504423000930
750520246001
750520246001
532584917663
521113160110
595946959138
750520246001
724199865596
510734724515
515480634437
588088923044
750520246001
605166600801
524555109715
524997374019
750520246001
577829388311
750520246001
750520246001
604848405179
522961941725
624220084102
605166600801
750520246001
750520246001
628399417681
574611151143
502811630784
750520246001
509615518429
541766042123
750520246001
531919134076
669779072127
704532554644
670966849560
724199865596
529819922516
536957858095
519876041611
512713168327
509615518429
530300123136
702314213257
632688930381
676563202157
599556349565
750520246001
750520246001
750520246001
663502150013
636327467260
575413519263
750520246001
623529049716
750520246001
552521432234
564499716718
750520246001
750520246001
709926632570
554401240956
536776202080
750520246001
750520246001
750520246001
509352162342
549788326379
529180625681
750520246001
683514951005
750520246001
750520246001
527283381048
750520246001
660015783689
607084103747
598642004026
633408436834
562739664605
522102600625
750520246001
645231626549
507940793401
523104567176
560992480033
750520246001
540967190211
670175468361
523104567176
690189966730
570152841261
516617202744
721883135358
509266893265
507940793401
750520246001
750520246001
599251701394
550466252239
504384657644
672554023349
568600129464
607728658197
541566811079
687666391334
584405797327
602641313523
750520246001
750520246001
658472554042
615667040959
722347216933
750520246001
567305118731
750520246001
750520246001
750520246001
507116267522
504037447388
522674554613
531755242335
750520246001
681866720979
750520246001
623184740936
658087358118
511115189491
504037447388
750520246001
750520246001
512297662014
504345067456
619409397679
720954311378
745597264715
502922968344
502672425451
502692331523
721418786748
750520246001
750520246001
524849728289
704087012047
750520246001
544402821174
552521432234
646726527695
513794894479
574344232886
683514951005
513794894479
750520246001
508466663543
676563202157
554401240956
579185454019
748542228480
745597264715
531426825760
564499716718
560494269935
523967327913
750520246001
559749530329
681866720979
750520246001
502700751642
581646136406
750520246001
549788326379
502646274208
504073045930
521395943089
749034297631
750520246001
584405797327
513358903656
750520246001
534460718867
502648176460
504461877017
550014210358
635594113656
505028768993
529499364465
572493343267
611660673643
708576037116
504110668050
672951473498
523676717094
598642004026
731659219885
513575711100
705876486032
523967327913
504073045930
526972656495
750520246001
514575926153
503704157352
521536988340
508090471144
732601930981
737364094787
600785010340
541766042123
515254709581
584685994065
553219057644
510448362730
526818685258
551374578915
606444353853
588374719542
614655814891
750520246001
750520246001
530941117025
750520246001
732129116259
507581851263
613983488376
720954311378
507246018815
506070827332
505676989630
516617202744
617022635367
750520246001
750520246001
615667040959
750520246001
665850322859
732129116259
543381854646
502709398489
517205347379
666634459991
543179243741
750520246001
535156045752
630894652659
505728786978
631610622677
750520246001
722347216933
555599180006
584405797327
614319141090
530779911896
750520246001
750520246001
551374578915
539010546519
531426825760
517205347379
747557624311
516156059594
504461877017
709025398701
614655814891
503499091168
750520246001
522387256308
506070827332
734023772560
527912794130
750520246001
585811791026
502667273893
750520246001
647849271478
502672425451
750520246001
750520246001
675348049145
505728786978
638533535645
513685235861
532584917663
586661000775
502922968344
516387030052
698360001263
552521432234
558507070118
750520246001
750520246001
729309105316
502922968344
617022635367
691888148067
637795986340
511019147821
504002981364
548230606102
517692582363
546289512743
530300123136
750520246001
580274780039
521395943089
509019928418
746575895198
566536244797
526510356667
574344232886
524702346741
600476236748
528541711455
507940793401
584685994065
558507070118
520010623159
540373958750
738804372591
747557624311
750520246001
750520246001
694456994264
523389170447
574344232886
750520246001
750520246001
750520246001
667417731620
523246256855
523967327913
563240883010
750520246001
588088923044
750520246001
702755825078
543584458777
597439784440
741699394380
720954311378
706325674308
571444364481
503038765019
505368770667
503231313450
606763846710
589810749686
706325674308
502941569621
519608023140
504187647965
750520246001
502999438839
528227259763
510258625132
702755825078
574879102757
750520246001
528541711455
719103376443
548671965411
691461670012
522244942000
750520246001
502684083495
750520246001
750520246001
611001817751
645604858445
515480634437
661178667156
519474955795
750520246001
580001592432
538067549687
516041665792
568340516442
502646274208
565516475305
503038765019
750520246001
750520246001
750520246001
683927194186
750520246001
525443457902
645604858445
750520246001
541366624053
538441880581
540967190211
552754004561
725588252540
750520246001
505171061494
539588738850
683927194186
558261157004
506070827332
656936629103
531103329745
587232599006
750520246001
653877850453
615667040959
575146371543
750520246001
520971575479
721883135358
516850504132
750520246001
512713168327
600476236748
507795448107
669779072127
696617656579
564753003582
750520246001
750520246001
750520246001
750520246001
513033210220
515028322920
648598744171
697487166061
506012636187
750520246001
750520246001
517692582363
713111484346
750520246001
567048359952
509796169370
691461670012
750520246001
522674554613
750520246001
527127761569
750520246001
527598505244
518315112094
503130811280
694456994264
750520246001
627349582125
750520246001
690613603033
503440181561
516501654210
749034297631
677371077995
564753003582
524997374019
750520246001
672951473498
750520246001
542570338973
750520246001
666241790393
503499091168
750520246001
515254709581
734498394812
717252932134
694886816333
750520246001
750520246001
509019928418
505898249790
536776202080
554878698891
739284928271
515028322920
552062286963
567048359952
518823034782
558261157004
538254176166
712197269128
544402821174
642249933543
503059993960
643365740422
539981108262
573813669924
550466252239
699672969255
652735994524
658859274519
750520246001
546289512743
506990441446
656936629103
551832807362
604212560201
750520246001
544608709877
543584458777
650095476149
524407615489
517325152953
750520246001
503038765019
740731852384
506865714328
632688930381
750520246001
503529114671
509527233501
535869984458
715868770882
707225031008
502922968344
750520246001
750520246001
651600737926
506012636187
655024116233
507867964635
523967327913
558017259912
541566811079
750520246001
750520246001
672951473498
505955028677
615667040959
750520246001
750520246001
666241790393
615329077359
507940793401
723274593452
525146557619
750520246001
657320316968
704087012047
590677543482
559498820072
512608185653
665850322859
526510356667
526510356667
639273207508
750520246001
750520246001
565516475305
503059993960
622155595590
742668333182
750520246001
690189966730
592708613704
676966648706
577022053410
750520246001
568340516442
503180537857
750520246001
510923691076
750520246001
570152841261
750520246001
510829279526
507512462636
750520246001
750520246001
635228726375
598038265425
605805670615
750520246001
664673889999
750520246001
503768401332
502853519465
750520246001
598642004026
750520246001
729777436077
724662382689
635594113656
719103376443
521536988340
581646136406
666634459991
703642735669
750520246001
510071542592
584405797327
750520246001
750520246001
506190632706
506070827332
655024116233
750520246001
750520246001
527127761569
750520246001
613983488376
750520246001
750520246001
584685994065
638164996487
666241790393
738804372591
750520246001
683514951005
503556986666
731189218022
544608709877
667809434713
750520246001
675348049145
544816123438
750520246001
719103376443
740731852384
506865714328
656170680030
631252312743
520971575479
594758805706
557288889812
652356378974
750520246001
557530943873
750520246001
574344232886
515703164647
581921091990
750520246001
750520246001
504037447388
705426677040
544402821174
717252932134
570410641891
675348049145
714489589002
700111291626
668989273160
628753199441
506679131893
648223982972
545443125583
750520246001
508166072252
687666391334
517325152953
534632354036
590677543482
750520246001
750520246001
504384657644
593295545963
723274593452
750024681219
632688930381
529819922516
502853519465
512608185653
570668579526
750520246001
593879089514
750520246001
750520246001
544608709877
502645955781
618384125359
700989108775
504982334414
607084103747
685579505825
676158412798
695749971392
750520246001
732129116259
750024681219
527283381048
750520246001
750520246001
631610622677
640015354016
586377479259
523104567176
535512096925
530779911896
750520246001
673349126532
709475112583
677371077995
542367826822
598642004026
516501654210
546289512743
750520246001
750520246001
561743218668
750520246001
575681825532
674544969904
750520246001
608376921807
504753916553
750520246001
750520246001
750520246001
684340052745
598642004026
750024681219
750520246001
717715584019
685166304386
750520246001
583573899128
615667040959
523389170447
750520246001
741699394380
509352162342
615329077359
750520246001
750520246001
750520246001
704979088533
574879102757
502655579008
545233486285
515703164647
516617202744
750520246001
628399417681
734023772560
667417731620
750520246001
750520246001
530300123136
750520246001
520971575479
634133242659
750520246001
750520246001
750520246001
503155442586
509352162342
745108203431
678184472057
552754004561
697487166061
544608709877
548893459729
504148461123
502840163506
663502150013
750520246001
519608023140
631969712015
667417731620
577829388311
597738060208
750520246001
750520246001
561743218668
750520246001
522674554613
585529205206
750520246001
624914020193
674544969904
528860202519
670966849560
526972656495
582197078018
503385043377
635228726375
750520246001
544608709877
552986010408
568340516442
515591787188
729309105316
587232599006
705876486032
531103329745
721883135358
750520246001
626303999342
750520246001
531264873632
750520246001
750520246001
651600737926
750520246001
750520246001
534980288318
510258625132
507246018815
505268117102
528069715564
508859231322
750520246001
698797234062
522102600625
750520246001
750520246001
580274780039
522818064065
505840715761
596543982779
750520246001
750520246001
671362829751
561743218668
605805670615
562989972276
750520246001
750520246001
629108572758
571444364481
750520246001
750520246001
615329077359
559000715101
750520246001
502811630784
719103376443
541766042123
672951473498
704979088533
528069715564
504148461123
631252312743
508544865155
670175468361
506494860424
702314213257
750520246001
750520246001
503968691198
750520246001
750520246001
526201093148
552062286963
591837776870
505028768993
534805003394
539395762146
702314213257
520971575479
750520246001
617022635367
750520246001
750520246001
645979024939
592417453702
543584458777
531919134076
567048359952
518694464944
657703721980
555840710155
631610622677
667026406735
549338122415
610341630326
750520246001
603267601412
750520246001
553926332742
750520246001
533265531538
510071542592
510164265553
601710001611
549788326379
504037447388
545443125583
522387256308
516501654210
720954311378
750520246001
503865845994
509101184294
750520246001
533776386146
505784381499
549338122415
514128540103
526201093148
750520246001
750520246001
750520246001
750520246001
504582769162
750520246001
516501654210
508780447080
686410749580
506130860449
750520246001
750520246001
609025852964
508090471144
733549320885
750520246001
678184472057
750520246001
750520246001
504710100820
504073045930
699235060672
597738060208
502853519465
595648470565
505420507306
558507070118
652735994524
619751901204
725588252540
596543982779
591548042608
750520246001
623529049716
602329783839
670175468361
697051997256
561492156268
534118124071
750520246001
750520246001
617022635367
750520246001
750520246001
615667040959
508090471144
750520246001
503411911814
593295545963
503038765019
750520246001
562989972276
732129116259
697487166061
674544969904
700111291626
750520246001
750520246001
541766042123
505420507306
640759223599
502941569621
531103329745
515368679444
645604858445
536410893941
673349126532
512297662014
632688930381
538441880581
750520246001
509019928418
511995965903
595946959138
750520246001
554163012350
591548042608
529819922516
572756528700
677777315494
750520246001
705876486032
618042909741
519876041611
514801538095
521677784340
750520246001
607405790118
686410749580
531426825760
515368679444
504037447388
750520246001
750520246001
651600737926
503385043377
502870697621
619751901204
556324113929
750520246001
613648737713
719103376443
750520246001
730247349326
750520246001
750520246001
675348049145
503529114671
669383411623
750520246001
530941117025
660015783689
562989972276
575413519263
609025852964
737364094787
512399134607
639273207508
523821614925
556324113929
674544969904
504037447388
750520246001
628399417681
750520246001
502870697621
584405797327
750520246001
508544865155
508859231322
536593181188
750520246001
597738060208
529339677976
676966648706
750520246001
750520246001
671362829751
750520246001
628048465835
750520246001
689346402134
563240883010
671362829751
505840715761
654641967127
502960686238
547362656986
750520246001
529819922516
502922968344
548893459729
750520246001
568340516442
556565129947
614319141090
533435665830
515815924984
632688930381
605166600801
570668579526
502649374532
738804372591
743154453564
691037486422
511406642628
750520246001
750520246001
750520246001
520282452669
750520246001
518823034782
515368679444
683514951005
647100457011
595053504098
750520246001
511115189491
503385043377
640759223599
502700751642
534632354036
612321188065
660790444616
517086383619
519474955795
535156045752
518823034782
503612846153
750520246001
750520246001
646726527695
506190632706
536230215198
503130811280
697922945845
505625301242
574879102757
725125296903
675348049145
742183728642
750520246001
750520246001
527755435481
554878698891
525443457902
502906120002
558507070118
750520246001
603267601412
505728786978
512925351142
567048359952
750520246001
570410641891
750520246001
504582769162
547148528857
504753916553
750520246001
642994012883
750520246001
750520246001
750520246001
750520246001
536049435332
666241790393
529339677976
686827442339
531590879031
730247349326
572493343267
712653692339
560494269935
750520246001
750520246001
503082371456
750520246001
561242963545
570152841261
525146557619
531755242335
634497026047
639273207508
750520246001
750520246001
516271213498
750520246001
602329783839
627698889881
507053082772
750520246001
750520246001
504710100820
541766042123
595648470565
508241077344
519342788726
533096534026
628048465835
595053504098
604212560201
617363139057
638533535645
607405790118
603267601412
704979088533
506990441446
702755825078
708576037116
612984697128
644483901521
750520246001
750520246001
518315112094
638164996487
615667040959
750520246001
507444459337
750520246001
536776202080
526201093148
699672969255
729777436077
750520246001
547148528857
505784381499
508090471144
702755825078
675753529210
521536988340
639644212716
508544865155
744618303555
631252312743
750520246001
509796169370
687666391334
750520246001
507180366575
576220193603
750520246001
691461670012
746575895198
510353663222
531103329745
716790589766
541766042123
625956551281
748542228480
