180 140 455 468
98 42
70 24
86 112
81 46
107 50
65 136
12 104
20 139
33 20
17 87
107 93
110 99
93 34
59 83
158 103
152 94
69 101
175 128
90 36
87 89
84 120
82 140
146 114
132 121
77 42
142 112
105 119
52 15
136 67
115 52
117 47
72 53
30 29
11 110
27 98
69 94
144 120
50 38
11 84
164 84
104 85
9 134
143 140
113 57
113 66
2 78
32 121
15 57
34 6
18 100
42 5
38 96
11 33
25 101
135 64
142 85
170 49
140 101
12 57
158 28
134 13
117 53
129 135
157 66
30 81
113 76
33 108
50 124
126 31
167 97
51 65
72 95
135 50
87 9
8 119
177 80
134 62
179 78
35 107
55 124
9 29
2 17
119 6
157 120
88 102
9 110
49 24
169 110
144 13
44 39
160 15
88 93
78 100
20 56
115 108
179 139
123 18
135 107
156 132
171 62
141 51
174 52
107 48
45 86
84 81
177 137
39 32
70 11
113 11
153 115
62 119
7 76
109 101
160 114
144 128
25 97
157 16
158 32
132 57
9 115
163 122
5 86
37 14
100 107
79 3
17 40
45 90
22 66
58 57
19 79
180 93
150 90
133 19
157 89
93 7
56 18
89 89
8 135
18 46
128 48
164 21
108 65
175 103
1 74
102 126
14 133
87 135
150 11
168 116
28 100
157 38
150 42
27 12
94 62
106 107
72 54
112 112
94 44
33 21
11 6
129 128
8 4
93 54
130 2
58 93
30 63
108 59
75 11
152 65
172 49
50 41
139 30
8 68
80 88
21 28
159 120
87 131
30 93
86 99
93 122
71 112
71 84
82 133
12 29
48 87
5 118
101 16
170 103
151 130
144 118
109 113
164 23
129 140
162 90
59 57
99 80
20 72
47 66
87 108
119 53
71 51
169 77
15 5
135 137
145 20
12 88
168 139
43 87
18 14
74 17
55 16
80 98
163 46
135 61
12 93
43 122
150 55
145 52
109 138
80 60
106 16
132 48
107 54
106 82
165 34
98 140
112 82
34 96
22 102
16 115
89 48
140 41
139 25
154 86
108 88
59 101
102 69
144 14
100 80
42 26
143 7
112 46
84 139
5 64
180 39
3 66
146 20
117 136
1 91
30 10
160 30
159 28
152 84
101 104
21 32
89 4
121 14
86 137
119 114
78 121
70 38
138 102
111 4
89 81
131 23
93 131
10 117
90 16
61 127
57 119
149 65
51 83
114 70
87 93
53 133
7 47
102 83
99 55
123 30
9 106
19 83
40 114
172 33
121 117
25 36
85 3
169 140
144 119
154 107
99 59
7 14
47 7
104 10
19 89
96 101
175 25
9 98
29 131
170 75
37 10
163 120
180 63
104 77
113 61
35 125
123 44
22 104
105 47
129 34
65 62
126 121
30 132
130 16
114 54
179 130
8 138
149 119
90 85
20 11
56 9
37 81
131 79
101 2
136 87
12 59
79 84
51 43
164 17
19 118
97 114
152 55
154 35
178 103
63 67
35 15
170 90
23 10
147 92
27 117
141 88
63 126
112 14
76 57
53 126
118 22
20 91
43 1
135 24
2 12
176 62
41 101
51 4
172 129
89 78
12 54
134 7
117 137
60 131
12 125
6 49
97 135
142 13
26 140
7 24
88 47
7 7
155 20
93 80
135 13
20 92
2 67
114 98
120 32
63 30
142 113
151 137
80 77
40 76
47 92
25 62
151 73
8 35
63 65
124 49
176 77
4 3
42 48
51 101
75 75
125 57
133 34
72 101
40 90
21 34
122 90
47 99
2 33
60 40
74 139
3 115
4 63
171 63
160 138
106 104
57 63
83 36
40 33
57 70
140 100
25 125
76 81
152 13
99 117
11 94
32 54
41 27
48 10
21 29
50 53
1 29
30 8
92 89
85 45
169 28
131 76
117 33
142 29
129 68
64 139
93 82
57 126
35 112
26 90
10 39
87 46
143 127
178 42
4 75
106 126
120 55
137 37
148 95
39 106
29 69
4 22
3 114
162 140
20 49
44 91
175 123
132 136
165 118
90 86
67 127
147 100
