53409 94435 462 473
36092 70853
35195 59656
1483 82822
44362 80998
42444 65616
3596 62464
33441 43234
13539 40149
15467 44901
19958 16692
27700 76340
9896 54004
51076 62392
10732 66015
24279 19873
6755 81192
41621 38619
28095 9954
45727 76463
22041 86249
10410 657
35124 39641
13095 64800
32357 6689
24562 8238
24120 90680
5368 54344
48849 672
1533 31492
13458 17687
17142 74501
44898 48989
35527 38564
28490 59423
48809 87101
26545 57989
30967 55556
11613 45930
3917 61040
47844 71288
28312 14041
20475 16595
3352 19879
51087 73079
46324 16363
7639 18587
11306 94188
29676 86145
29188 78805
635 47775
52540 3096
44924 18253
12391 84781
52273 26021
35195 955
47302 65821
38958 11904
26685 3818
40237 33561
25045 49251
4263 51637
33394 33858
51996 25790
6976 55889
3078 72256
30481 63109
15826 9608
33589 92112
45602 33394
41206 90416
43820 29961
27164 16580
30425 43950
23369 3115
38825 88383
35758 62827
43826 393
38711 28707
39732 87304
52056 38986
44112 33248
21932 24147
25598 26476
29075 73653
23831 65163
48369 78862
1929 56398
3606 72319
10998 5700
49224 52694
40054 58946
10875 78471
14742 42162
41713 15286
11869 51514
14096 48603
28288 51505
4137 20554
21770 50279
15849 92253
38225 12224
36908 23009
10098 45262
46932 86650
20106 66776
14197 3040
50475 7706
41409 93460
2394 56873
28151 79815
27813 83744
41874 26873
4604 11597
20684 55339
40870 33210
9058 86743
8183 71939
18409 58786
27985 77506
14245 18407
3148 30082
50791 79787
22064 53992
43093 23630
5195 54462
44447 16167
12384 50301
28317 4850
5013 6767
15883 38902
2873 61453
28009 19080
12883 91261
37936 3690
14922 46848
22036 55188
18373 20445
27224 5242
35698 51908
51129 60280
53287 63308
30878 89274
1565 8051
45395 44946
43536 66140
52848 36779
7117 52182
7808 46244
44240 52387
19995 33533
30631 25842
34373 2016
10898 48793
21580 10633
847 18211
1718 91698
47485 58485
51708 1164
11219 23731
3404 76035
15047 27506
4160 46879
23223 54313
24085 77482
50462 46873
19253 1608
42241 70964
18630 64924
8661 35616
18119 83623
14814 60336
30353 47554
31961 32935
42235 26627
29359 34036
4432 23383
32851 20625
28786 76318
3659 8378
28597 31276
25479 67546
16882 47425
45462 79816
5914 21290
35971 89074
13579 26835
44397 59786
41072 53477
19818 54853
35379 50597
46220 4356
51475 62658
12998 25149
18604 88802
46857 52274
26554 1113
41608 76432
33976 84701
42756 24366
29560 64961
12185 73644
47515 71764
19235 33642
13181 82092
93 91107
50473 7606
37831 42235
34272 76966
3676 8882
30362 80372
28008 53577
2934 34052
7396 79736
18913 88857
15403 15996
2203 43172
25743 94292
52215 42703
48634 4583
1360 67280
38843 84191
27671 84696
19479 86065
7464 82161
22959 86728
10394 51208
1165 12243
42624 74548
10053 43309
22852 88359
19146 57681
43962 45179
42115 35942
34845 73222
30920 55527
21338 45515
20160 39762
21153 27899
52192 87038
34426 49495
32594 21855
40517 57431
49688 5074
20179 67387
3868 24894
32367 74715
48370 74240
23222 16954
36120 85198
45292 23072
31366 1027
43763 63138
47288 39958
40086 66691
40049 64696
10590 50613
17440 16881
30277 84235
31871 17196
41523 11146
25352 90970
17413 60218
13997 79707
29249 71604
4273 47384
31610 91250
2148 15897
56 7195
24517 37780
39315 32974
43778 71961
46895 21709
1500 94286
22251 30813
12644 79154
8643 77348
35867 42939
739 14733
4683 45615
18702 69757
37690 84325
29983 26074
42562 22687
30191 89938
18220 4008
42928 67492
40457 5320
8286 30417
7457 32306
40739 4782
8099 35131
16556 26343
6577 20957
48914 53437
3437 13001
19843 51113
12888 63318
40857 43119
30404 34859
45259 39325
36606 34460
51302 83468
17462 5333
2654 10503
29947 37868
26974 78682
25059 86961
21055 79806
24809 78800
41718 25325
11973 46044
20745 76950
10488 85238
52653 884
36173 43904
51794 88495
40018 26865
15332 30783
27041 11458
19893 55940
52294 53769
24100 13179
17925 88318
44937 93626
40285 91863
4343 11158
16131 61948
19258 85316
50976 69752
23393 77066
1850 55747
23895 72450
3553 39585
53017 54122
33898 42938
36313 8182
30933 21546
1752 90761
51091 3287
41601 77842
28450 50424
6748 48612
38333 14049
38525 20692
33 38430
31930 68122
30286 39500
32155 75624
23043 82781
41387 31708
26743 4230
52936 50734
31835 256
15667 87976
14086 11394
22054 87842
34020 77831
6486 56241
38918 26953
20738 4331
7043 85070
44837 58552
13889 20372
2729 59341
51419 27554
16218 50687
34783 88656
23865 56665
19782 3861
14044 66817
18125 81466
38657 65309
15184 16410
1974 28664
8660 77619
32898 24539
8514 16576
34669 37802
22583 35032
34555 69529
20292 74586
32359 67383
14513 20592
301 22252
39743 45520
10462 10628
52050 87652
29522 5720
14683 77139
29329 30921
38796 36590
50209 11962
46670 82902
22372 8212
40450 477
23771 50809
12032 27704
18452 41738
49576 85471
1705 66929
7264 69266
12899 87189
1220 68276
36375 46290
5108 55576
13440 72899
23858 47670
24749 27229
33671 28990
22197 71953
29441 18056
47456 27882
18618 92610
19557 33802
22799 32926
3382 6674
41617 32992
32611 90750
35400 56412
38053 12738
46636 7943
28251 41569
50831 89605
38942 31360
10777 31154
5088 59429
51004 17430
21024 14679
20261 82332
23844 25311
11215 64483
46646 53522
21846 20390
34091 48552
43936 30626
2099 34664
9701 63991
772 52964
3837 6724
28413 34242
25396 72255
26770 67584
8248 6952
22287 57760
12160 85583
22080 19936
32443 57179
9201 86839
25633 17918
37187 76528
26948 28239
52092 70852
42280 566
18970 61563
719 57379
14236 60142
17745 27933
22648 51603
49944 24500
20742 66777
4599 83890
46834 74536
