10
51 50
13 32 47 48
3 32 46 50
3 35 13 22
32 40 8 8
22 35 42 50
3 16 31 42
15 22 1 11
22 25 37 50
16 41 5 10
17 22 8 15
34 41 36 37
3 51 10 13
4 16 1 6
35 48 44 50
28 40 26 33
24 32 49 50
4 20 24 24
27 40 20 25
8 25 16 26
40 46 30 41
8 36 4 17
17 18 3 3
19 28 29 37
6 48 5 16
6 7 1 12
20 47 43 49
17 31 1 12
17 23 22 25
36 42 16 22
1 23 44 47
14 22 19 25
47 50 29 29
15 49 1 7
3 5 46 50
2 22 5 6
1 10 12 12
8 43 50 50
12 31 48 50
15 33 1 1
31 38 41 41
29 48 21 35
13 39 25 32
3 9 28 42
30 42 40 50
45 48 1 2
10 21 24 26
3 37 38 48
22 26 11 12
44 51 43 49
11 44 47 50
51 50
6 45 22 28
3 6 18 18
6 22 17 18
3 29 30 36
6 44 27 35
3 51 39 41
22 28 4 7
33 44 29 33
30 44 44 50
22 35 10 13
29 31 44 48
18 31 27 34
31 38 1 10
5 44 42 42
14 51 30 34
25 51 1 13
18 36 10 24
1 36 11 17
25 46 29 42
3 15 11 15
7 33 49 50
5 21 35 38
7 16 4 19
18 40 29 35
5 48 44 48
26 48 8 11
1 27 2 7
7 10 5 8
2 16 17 22
20 51 6 10
13 40 1 8
2 19 30 37
5 23 11 17
49 51 50 50
38 41 24 27
23 34 1 10
8 20 7 12
3 39 20 30
4 14 26 30
39 47 21 27
12 27 24 37
7 50 1 5
14 42 41 50
4 37 5 17
24 31 37 50
17 18 1 11
9 37 23 38
3 11 6 19
37 43 5 5
24 32 39 41
51 50
11 13 16 25
11 49 44 50
3 49 17 26
38 49 3 5
17 49 4 14
11 16 39 50
16 20 8 20
20 24 25 39
35 49 8 14
2 35 30 41
43 49 11 12
24 32 27 32
20 40 4 14
5 40 28 33
16 37 13 17
13 25 27 31
3 29 1 3
12 17 6 11
19 32 44 47
13 30 4 13
10 38 9 9
32 48 3 11
17 42 8 19
27 48 14 29
5 39 6 17
6 29 22 34
3 26 1 3
10 18 15 19
7 17 15 18
25 44 5 19
23 44 1 7
8 48 12 18
34 44 8 12
3 47 20 31
42 46 47 50
4 34 35 35
1 42 38 49
34 50 38 50
8 36 5 13
4 15 43 44
41 43 1 3
16 28 42 49
3 33 39 50
26 51 34 39
9 25 18 19
17 45 35 36
22 37 33 46
14 48 39 47
14 31 1 7
18 21 10 20
51 50
22 46 17 21
2 22 38 43
18 22 14 24
2 8 33 36
3 18 41 50
3 20 7 20
2 30 33 47
18 29 11 21
21 30 1 8
5 30 20 23
24 29 26 35
29 33 30 36
22 41 30 41
8 10 1 3
5 23 5 13
24 32 26 29
25 30 21 22
31 46 31 43
11 22 43 50
4 33 12 26
5 43 26 33
23 44 24 33
34 44 1 5
8 37 42 46
22 50 10 19
21 47 33 41
4 26 35 36
6 10 32 35
10 17 1 1
5 12 30 36
28 32 1 2
36 50 15 22
37 49 26 34
16 17 42 42
6 45 10 19
8 51 23 37
1 43 20 34
36 40 11 14
26 39 17 19
19 21 4 8
5 48 20 25
14 40 38 49
8 15 1 8
13 14 5 11
38 49 1 9
4 7 23 29
19 42 1 11
27 42 38 39
9 25 34 42
2 35 8 9
51 50
13 39 18 29
25 39 10 24
6 25 1 10
25 47 1 13
13 46 1 8
37 47 44 50
18 39 35 35
44 46 25 33
25 27 1 14
10 44 20 30
24 44 14 16
10 22 38 44
1 10 19 32
27 38 3 12
42 47 34 37
39 45 2 5
7 27 33 47
6 16 10 16
33 47 1 14
24 40 16 27
42 49 23 24
22 26 45 50
9 27 26 41
14 49 25 36
12 33 12 13
18 48 17 27
2 6 1 6
15 16 28 30
12 32 22 34
16 51 24 36
25 36 32 44
17 22 15 25
21 24 10 25
3 47 2 17
16 28 30 32
22 35 3 6
11 13 1 7
47 50 44 44
16 20 16 19
29 46 22 30
29 30 33 33
5 7 21 33
4 40 46 50
34 49 43 49
34 43 13 22
36 41 15 15
19 43 6 17
15 23 2 13
28 31 19 32
8 28 1 11
51 50
36 42 21 21
13 36 39 48
15 36 1 5
36 48 31 43
21 48 10 14
21 31 22 29
14 31 2 17
14 50 20 24
13 49 13 21
9 31 31 32
13 39 10 17
13 18 1 2
15 37 23 31
21 25 30 34
10 36 36 46
28 36 4 14
6 39 34 35
19 42 18 31
3 19 1 3
1 28 9 10
32 36 3 18
17 48 11 21
1 20 2 5
18 47 17 20
23 47 20 21
14 16 24 32
39 45 36 39
20 29 30 41
2 20 24 27
34 39 46 48
26 34 38 40
20 41 12 19
38 42 39 42
35 45 31 38
11 29 5 18
48 51 7 11
12 31 1 9
27 37 41 44
7 27 37 37
20 43 20 35
30 39 25 37
1 33 39 43
6 22 14 22
44 45 45 49
4 11 2 2
31 46 39 45
24 29 45 49
5 41 40 42
27 40 1 7
8 39 49 50
51 50
10 16 22 28
6 10 3 5
6 21 20 29
21 45 18 30
16 23 15 30
6 12 28 39
23 49 30 32
16 36 37 40
12 26 29 29
4 49 28 41
12 30 45 50
13 49 30 33
25 49 11 17
4 35 24 30
5 25 16 30
11 35 27 35
12 41 1 11
19 41 3 5
16 38 10 21
12 29 43 50
5 47 1 4
13 40 1 16
1 25 34 48
24 45 15 21
26 51 47 50
22 47 49 50
11 48 24 27
34 41 14 22
15 16 1 8
24 46 1 12
17 41 1 9
27 51 1 4
30 39 30 44
7 29 11 23
17 44 37 48
14 51 10 14
18 36 15 20
7 42 6 19
15 37 5 11
50 51 2 11
2 45 35 48
43 50 48 48
1 28 1 8
3 17 25 38
27 32 19 21
20 50 9 10
8 23 12 12
31 38 8 23
9 18 34 35
28 33 1 10
51 50
19 23 8 13
19 50 36 50
17 50 8 8
17 21 1 4
21 49 44 50
11 17 20 30
1 17 36 48
11 32 17 18
24 32 1 5
5 50 4 19
1 10 7 19
5 41 8 18
6 24 21 28
6 16 18 30
5 28 36 49
24 27 17 19
10 25 33 39
17 46 29 43
5 42 1 8
17 44 35 40
42 45 16 17
19 38 35 37
6 14 17 24
24 34 48 49
24 29 36 42
16 31 3 8
19 22 2 11
10 30 27 29
8 38 36 37
38 40 8 11
36 45 48 49
3 30 4 9
26 27 50 50
1 7 33 43
6 18 19 29
4 41 39 47
13 31 25 25
11 48 41 48
35 38 37 40
13 37 27 34
15 31 38 50
49 51 8 15
20 48 12 20
9 10 19 34
6 39 19 23
43 45 16 23
30 33 36 42
12 31 40 50
2 7 5 8
1 47 6 10
51 50
18 27 21 36
18 46 19 21
18 32 35 38
8 27 7 9
8 47 22 32
29 32 44 46
4 47 8 10
27 31 31 40
1 31 42 50
31 37 35 37
1 9 1 15
27 39 46 50
4 14 18 21
14 25 28 28
14 22 1 1
11 32 1 10
22 51 5 15
9 24 45 50
39 44 4 9
25 40 3 11
26 46 21 36
23 24 1 6
27 33 3 11
24 35 1 5
35 50 13 28
24 45 34 42
11 48 1 12
36 48 34 43
21 36 7 14
34 46 37 49
22 42 1 6
1 41 16 26
38 41 46 49
11 28 11 25
13 34 39 50
7 33 3 10
12 35 1 3
30 34 3 13
15 51 7 9
15 17 19 34
40 43 30 45
5 50 1 11
6 21 26 40
16 42 17 29
8 20 25 33
10 23 28 37
19 37 42 50
35 49 7 21
3 41 37 47
2 12 29 34
51 50
32 41 3 4
37 41 35 50
20 32 41 50
20 21 32 36
21 44 37 42
13 44 1 4
19 41 1 16
22 41 16 20
29 32 39 45
19 31 45 50
20 39 38 48
22 50 4 8
41 42 40 50
36 39 1 13
7 31 10 23
7 30 35 35
36 49 1 5
14 30 20 25
4 13 17 22
34 49 37 43
2 21 30 32
20 33 28 43
5 22 13 27
9 42 22 25
30 51 44 48
36 48 21 28
7 26 31 36
21 28 47 50
18 21 18 22
38 48 29 37
17 39 39 48
17 40 38 44
1 19 20 34
9 27 16 17
30 46 24 28
11 20 2 7
18 25 46 50
35 41 17 32
23 34 35 41
3 20 43 43
16 36 21 25
36 43 1 9
1 8 11 21
16 24 30 32
12 17 8 18
40 47 5 15
6 47 30 43
2 15 13 22
10 11 23 38
19 45 42 45
