50 200
213 6002 1006 5157 2160 1104 4140 8609 5140 9657 719 2467 1876 2794 7981 7777 8379 956 4479 1191 776 4982 9196 1466 7756 4771 9221 1227 7058 8166 8708 4126 7199 75 6847 6140 3482 9408 8225 1318 1181 9988 2202 9659 476 9630 7285 7067 7110 6321 
33 16
29 42
37 18
20 28
48 2
16 4
38 15
38 35
46 12
13 17
19 26
39 18
50 20
2 17
46 30
6 17
49 9
48 4
26 6
24 36
42 5
27 21
6 23
39 31
28 7
26 2
23 34
31 30
16 17
4 27
42 20
41 42
49 25
28 23
42 40
37 15
20 47
26 4
26 12
20 27
13 2
40 2
19 16
26 13
42 38
23 17
9 38
4 6
16 2
15 14
23 4
8 2
28 19
7 15
9 36
19 48
40 6
15 29
40 17
16 11
25 19
14 21
6 48
27 28
37 10
50 44
44 27
8 4
4 31
48 23
23 13
24 18
17 4
4 43
4 24
16 40
33 8
34 9
43 40
43 23
36 48
40 23
37 50
48 26
6 19
31 36
10 16
21 29
21 42
40 18
3 24
44 9
40 4
20 16
46 2
35 25
28 50
2 6
15 1
48 8
31 50
25 37
6 16
50 27
16 44
16 43
25 44
15 11
46 33
28 36
37 42
32 36
15 39
41 22
41 28
26 17
20 3
42 11
15 26
13 19
40 13
26 23
39 49
9 14
15 18
19 39
33 6
14 27
10 25
46 40
6 13
13 24
46 22
8 46
25 26
5 18
3 46
25 48
27 10
44 20
21 10
45 15
16 30
15 31
19 43
39 29
21 18
48 17
40 24
2 19
4 13
42 30
31 41
34 18
16 26
46 18
40 19
30 0
48 16
43 26
6 43
10 42
17 35
41 7
17 43
19 23
21 15
4 2
13 48
48 43
43 30
19 17
40 26
19 30
28 3
43 2
2 23
16 13
41 11
34 4
1 37
14 36
28 44
48 40
21 12
46 15
31 20
13 49
16 23
29 18
13 34
19 27
41 46
48 37
21 39
22 8
22 34
19 4
43 13
26 9
