50 200
7731 1735 3128 1740 2745 8251 3737 5569 9749 3696 4807 2824 37 1217 9174 6892 328 8540 9412 4063 1174 1054 5874 1201 1664 6062 9924 7537 8985 6520 1531 8595 965 5965 480 4035 9808 5704 2083 7241 1491 1972 7702 4606 8386 2589 1587 3582 5145 1285 
8 41
11 29
28 9
26 20
45 32
16 47
42 37
2 15
0 0
31 4
28 41
0 0
5 27
41 46
38 30
6 28
22 15
33 28
40 19
46 34
42 35
23 3
31 35
6 49
48 43
40 48
28 4
4 36
17 18
0 0
39 29
0 0
32 8
43 8
48 10
29 7
42 33
42 25
0 0
34 11
44 30
43 2
37 31
37 18
12 27
41 38
26 5
27 26
22 11
46 19
15 39
40 1
33 18
21 28
10 29
7 3
15 11
0 0
38 43
17 39
4 14
3 50
14 6
9 1
50 10
23 22
0 0
33 46
12 5
12 37
6 34
22 3
0 0
46 6
19 2
11 32
29 15
10 23
3 15
39 32
39 11
0 0
29 28
10 11
50 12
31 29
22 7
47 1
37 33
46 42
0 0
7 32
40 7
39 7
46 4
32 29
50 7
22 50
31 42
33 22
50 32
4 38
19 43
39 10
0 0
19 35
28 8
4 24
49 46
8 50
4 41
19 8
25 39
6 41
17 9
0 0
50 29
31 47
7 11
43 42
22 28
6 35
33 29
22 1
38 8
25 47
19 14
44 3
32 36
4 6
31 18
35 37
29 35
15 17
31 26
0 0
17 8
33 5
3 29
38 28
38 6
47 24
7 4
0 0
24 37
47 23
0 27
47 36
15 50
32 22
48 19
47 37
37 21
47 35
42 15
10 22
39 3
23 26
38 50
15 7
47 10
41 2
3 38
26 45
3 10
22 29
17 23
18 9
25 23
50 39
4 42
47 42
42 21
0 0
15 46
30 45
22 39
50 11
3 11
43 40
46 28
20 38
32 15
35 40
46 38
48 26
38 40
10 15
10 7
0 0
36 39
0 0
33 21
3 32
47 45
3 49
0 0
32 10
14 15
33 36
