500 250
3394 8223 1870 8638 1416 5609 6505 7058 9995 9746 1815 844 2551 4118 2678 9148 1543 9937 177 1401 3835 1735 1020 6960 3112 453 4736 7644 1248 7639 488 4759 1092 3324 7322 768 3912 8231 1850 8638 2182 3527 2876 980 7381 4297 4665 5413 1162 5036 1123 3977 4832 1029 7052 9457 6389 3284 2132 7688 8549 8919 4258 8714 2986 6638 1269 9705 3140 9823 9387 6958 9302 8123 6785 3293 8609 960 8460 764 1685 6784 1272 4709 69 3634 3807 2729 2970 4840 2524 6328 6235 1585 9008 1103 5452 2767 869 1537 2868 8971 4322 1193 6483 808 6078 4974 5620 5845 5976 5960 719 1623 2886 82 7202 5399 8092 7313 2833 1687 8240 3076 1196 4859 4636 5965 3488 2758 7332 1455 176 9858 9528 4311 3014 9140 7339 7856 1108 4591 2325 8322 1728 744 7190 6762 2736 3306 9917 8608 114 1307 1192 2085 1935 2494 7004 8364 2864 2411 5288 9291 5457 9500 7685 305 646 8825 576 8410 1084 4598 4123 6193 6177 9019 9456 3285 3718 7172 3560 9199 1411 5930 3948 4915 9196 6611 713 9925 2435 1205 1721 7822 5182 7745 4672 1423 5291 317 5380 7749 4865 9938 6721 6174 9689 7768 2844 5595 7740 4110 4806 8230 1950 1470 5891 4997 2572 9392 4635 4992 1826 5070 8737 6160 8064 7273 7875 936 9790 522 9233 9929 6781 3675 9745 5888 9280 3063 8401 9811 5707 2366 2639 1404 9418 5822 7062 8708 2198 5855 3610 4468 6516 4685 8022 9128 7198 3596 3412 8677 3909 5559 1965 8109 7 5545 8785 3984 4430 7424 9529 1157 1834 7486 314 1610 1200 3330 9853 1528 1522 9383 3982 7514 4449 4411 4690 7887 5152 7826 1676 9966 7115 7996 8529 5626 5496 9812 5402 5670 4316 7051 1978 2266 881 3381 9825 9367 3303 7554 1776 9112 4537 3423 830 7081 497 590 667 9308 8878 3907 6259 8378 3029 2385 8996 4919 3046 6341 8196 8873 9505 2896 9389 5946 921 6795 1898 2380 2503 8502 8231 8988 8546 7025 739 1610 6461 479 5769 9368 337 8616 5024 6817 4973 6958 1328 4141 235 594 1734 5314 262 2359 7754 6876 569 4535 1534 4912 5896 5398 4201 1629 1397 9300 6261 8869 1068 8854 4934 1451 2032 4327 4573 908 426 4699 299 547 2415 3636 2090 504 3777 9289 8184 7145 1753 1779 1397 2252 1347 2218 2560 6611 1482 2192 1452 9345 2742 4172 8217 9116 8083 713 7472 5603 9333 2272 1343 1570 6552 1060 1302 980 4172 6748 2449 3480 6945 8230 2263 3479 8111 1082 5762 3685 6042 8781 4640 7318 8532 4103 793 2259 2083 8583 3330 8573 3028 2789 5010 3745 4624 9592 5683 5997 8031 7017 3595 2786 1930 7496 4267 394 5141 8862 9688 4476 92 3907 7352 8093 6253 8304 7423 6489 9239 8807 4955 1283 2546 4114 1436 6553 4687 6026 4745 4140 7792 1593 6399 1071 
142 470
142 461
38 103
63 342
471 237
436 470
59 154
46 206
462 271
237 279
206 223
208 276
495 340
223 342
287 276
485 355
74 303
276 185
18 210
471 342
223 63
93 491
470 59
119 26
287 232
94 74
18 97
223 332
96 200
495 63
208 30
210 491
59 63
279 342
154 237
154 223
97 210
269 82
436 63
127 40
495 461
470 495
223 471
232 276
470 63
271 494
154 470
276 355
232 355
436 237
232 208
199 185
276 199
46 142
276 483
237 332
461 279
486 210
340 154
486 491
63 471
30 232
47 96
30 199
436 223
142 471
93 210
486 97
206 470
59 410
491 18
199 287
119 74
206 142
303 119
495 223
483 485
63 154
462 494
340 142
206 332
59 342
296 143
296 271
279 410
410 495
46 279
410 471
46 340
279 223
467 96
495 206
279 470
491 97
344 425
355 483
59 436
470 340
30 276
332 59
208 287
279 142
332 342
332 142
279 154
74 26
495 46
332 470
208 199
332 410
237 461
355 30
483 208
410 436
342 495
142 342
142 154
46 223
471 495
223 237
461 436
471 340
237 46
425 336
495 154
485 185
436 154
78 334
342 410
142 495
93 486
94 119
471 436
206 63
470 223
63 142
461 63
332 471
471 461
495 59
232 483
63 46
237 342
410 470
410 461
18 93
142 59
279 206
342 46
63 279
40 326
495 279
206 342
470 342
199 485
143 462
185 483
332 46
340 436
185 232
342 436
470 46
461 59
340 410
410 206
46 154
332 154
30 287
332 436
485 30
461 470
59 237
303 94
340 63
410 223
467 200
471 46
276 485
355 199
485 287
410 237
332 461
485 208
483 287
410 154
185 287
471 59
436 206
46 436
94 26
470 471
127 326
486 18
461 340
206 471
59 46
332 63
296 494
143 271
279 471
59 340
143 494
428 195
47 467
223 59
206 461
208 355
332 340
461 342
97 93
495 237
206 237
47 200
495 332
142 410
296 462
142 223
199 483
446 379
279 332
342 340
154 206
340 223
436 495
206 59
336 344
471 154
237 340
470 237
208 185
26 303
30 185
63 410
355 185
355 287
461 46
485 232
279 59
63 237
436 142
154 342
223 461
410 46
279 436
154 461
199 232
483 30
340 279
340 206
237 142
