5
8592 8330 967
627 2891 6186 4993
1882 3947 4649 7414
4159 1021 7004 5050
4249 3223 6980 7309
1431 3910 6294 5150
1827 4105 8519 5076
720 190 4653 6086
2391 4239 8158 7659
3342 4472 5039 7244
2156 4473 5365 6482
453 1827 8535 4741
1794 4355 7278 8440
952 4368 7906 6676
2490 2388 6344 5176
178 267 4701 6764
1054 3325 4644 7380
2369 3543 4556 7692
4145 4162 7355 5440
2344 1162 6988 5142
784 1835 6765 4868
4276 418 7434 7938
1924 2424 7060 5128
2777 1687 7290 5015
1797 2187 7187 4981
1307 1220 4555 5564
1227 4679 7508 6426
4045 3676 7033 5858
3681 2275 7691 5044
34 2728 8400 5043
4450 2846 6956 4860
2724 2369 4578 5859
592 4593 5447 7503
2353 2568 8428 4964
515 3424 6486 5207
2789 4473 4864 7687
1215 1474 7721 4901
3523 2987 8175 4880
3108 763 6097 4744
4401 3209 7894 5571
3953 1248 7424 7044
646 4594 5003 7878
113 585 7617 4866
3792 3528 7020 5268
698 4381 6231 7624
2446 4366 5080 6152
1138 4670 6768 7090
1334 2859 5597 4867
4086 1340 5703 8337
4168 3673 5292 4836
4086 2358 6467 4987
4195 493 6040 7388
4337 2318 5085 7931
1939 4439 6223 8315
1863 2156 8323 5040
4453 3158 5904 5551
713 4586 5133 5405
2677 4559 6786 5465
4202 2841 8556 7122
789 4453 8494 8098
4453 2682 6540 6795
4109 126 7537 8323
3869 1735 7648 4887
4129 2102 6066 6562
2768 4251 4607 6382
4137 4126 8004 4893
4042 1201 6096 8250
1199 4485 5088 7807
4363 1602 5387 5410
2716 4483 5071 6310
2326 2890 4705 6152
2057 4191 5079 5073
2807 1384 4574 6735
3581 3254 5404 5229
4145 1023 7690 5969
1783 4356 7899 6500
1453 1415 6274 4929
4514 402 4729 8115
3287 1092 7718 4851
1794 4650 7767 6088
4437 2639 7666 7148
3989 23 7935 8124
3660 4629 5866 7140
2178 3570 4639 5304
934 1159 6720 4836
2955 4324 4880 6777
2622 754 5688 5075
461 4271 7126 7201
556 3215 6633 4888
3952 775 6704 5727
4250 82 7818 6607
1719 1041 5498 5181
4435 1155 6038 8430
4397 3659 8001 8230
4167 1799 7649 6350
2688 345 6010 5258
4192 1639 8555 7463
3518 2091 4855 4853
2731 4131 5004 4895
3914 494 6952 5155
1979 4174 7634 5166
3935 1470 5465 8298
2645 4342 7698 5669
3929 592 4637 8114
1888 793 7519 5147
4316 412 7519 8134
3297 3851 8525 4806
3865 4675 6044 6567
2218 1701 4653 5300
526 1173 4584 5723
1974 2332 8482 4791
4330 2941 6923 5589
217 4524 6769 5531
4368 21 7291 7540
1470 4666 7927 7309
4322 821 4750 5298
4166 3813 6004 5384
240 999 8508 4954
2484 761 6499 5001
4437 4032 6021 7737
3923 1201 8087 4782
3893 4343 7809 5957
4507 2035 5083 7622
417 4484 6694 7884
1841 1150 4609 7095
1071 250 8281 5019
1185 2272 4604 7703
2659 4514 4729 7187
338 2897 5173 5088
237 4555 5150 5353
4514 1335 5314 8401
448 604 5185 4869
3850 1395 5379 5002
4524 1081 7952 6671
4284 2360 5200 4951
254 4427 6239 7245
1655 3759 7253 5220
1439 4446 5706 8107
2013 4318 6440 6757
3999 500 6685 6057
261 2322 8411 4846
1784 4679 8164 5656
3941 372 5058 5738
3938 336 5916 5354
4140 3302 6158 8058
4160 672 8448 7825
4173 2742 7567 7121
843 1265 8012 5120
2409 3597 8248 5201
1526 4280 6965 6139
925 4233 8357 8497
224 1782 7016 4907
3277 1846 4699 6654
3941 3116 5359 5859
132 4653 7944 5699
3019 3587 8052 5086
4285 1774 5097 7629
4169 3004 5786 5852
4305 542 5623 6381
2814 2142 5272 4827
3059 2285 8233 5039
1734 2315 6570 4906
564 3570 8105 5214
178 4617 5960 6341
1152 1892 5857 5023
1459 4589 7636 7680
1973 4483 6022 7420
2982 582 5350 5097
1211 4443 5400 5614
1643 4537 6446 5378
4134 1668 7158 7454
3637 3117 6868 4816
1856 524 7572 5102
2946 598 8162 4835
4148 1889 4761 6593
4247 2673 4936 8003
1834 2334 4566 5531
2017 4624 7752 7673
1476 3040 7350 5094
4001 3952 8228 6105
1729 2452 7250 4916
3556 4321 7932 6614
260 303 6699 4786
4514 831 6292 7897
2687 4482 8104 5614
3441 4674 8432 5657
4405 3870 8053 5812
2845 1210 6224 5148
1080 1556 6093 5156
3979 1043 6319 7319
2549 4469 7760 5380
4126 2961 5212 5738
2952 3201 6900 5092
4345 2518 6223 6314
2609 4286 5394 7321
5 4498 4708 5676
4492 1305 5481 7202
997 4597 4723 5984
3386 4369 4912 7990
4262 2035 7792 5341
1472 3390 4641 6284
740 438 4659 6889
759 4579 7177 8307
1863 4278 4922 8217
1618 3822 5092 4791
4326 2490 8362 6238
314 1980 6851 5088
3745 4265 6674 7309
1264 3441 5846 4961
3033 2698 7734 4806
3414 1980 8203 4963
3315 4458 6556 5805
4431 1626 8428 8295
4027 3939 8349 7370
4347 3032 4958 6152
4201 3010 6320 6065
2883 2873 8573 5136
3863 1038 6366 4870
1304 4310 5337 5666
2641 1963 5821 4921
1162 1180 5685 5265
3108 4552 4563 6670
4069 1739 6231 6495
2656 4554 7920 6497
459 4235 6184 5630
2839 910 4714 7441
1870 2016 6591 4807
1322 2222 5951 5269
2313 2022 8437 4986
4002 1136 8527 6406
1233 955 4581 7054
312 69 6922 4896
4132 2064 5625 7938
3247 2044 5129 5033
4192 3451 8186 6594
20 2913 4706 7566
52 4151 4667 5611
537 164 6455 4983
1438 4589 7705 7893
2407 2435 5449 5268
4112 2786 8496 5553
4500 597 5875 4891
4458 162 7613 7369
1553 4630 5670 5655
2153 4010 4908 4917
3220 3777 7034 5028
2682 3257 4940 5069
1460 2617 6771 4890
2061 2700 8209 5151
3765 3533 5493 4848
4329 78 5365 7161
2446 4282 5719 8046
4428 2657 8164 7740
1964 277 6373 5010
2336 803 4685 6780
2990 1257 5028 4877
3290 3732 6400 5091
4143 750 5515 6950
987 1152 6292 4971
1624 2104 5896 4879
461 2328 7232 4890
4510 195 7342 6468
587 467 6390 4940
0 1386 5516 5247
1740 4266 7754 7777
943 403 8362 5095
1373 4665 5245 6850
2430 4431 7532 6248
482 4276 5286 6723
2289 4335 7244 7821
4451 1799 7836 7760
3290 4303 4959 5721
4117 1551 7104 6813
1418 2631 6602 5260
2330 4322 7624 6160
992 2792 7547 4948
3981 3962 5543 5517
4072 563 5703 5266
3321 1037 4648 7308
3210 4489 5220 6674
1557 4506 4596 7167
1697 2486 7403 5235
1241 303 7151 5235
1544 413 5341 4920
3803 4290 6358 7428
611 4526 8453 8206
4060 1817 8262 6876
4230 1119 7691 7498
4280 2471 6522 4773
1529 3372 6045 4884
2968 644 4650 5748
1159 2990 5424 5218
1824 2813 6203 5269
4274 3417 6639 6496
2315 4370 8103 6040
3603 4551 8324 6705
589 3769 4574 5998
3183 3100 5466 5086
2112 4201 7823 5276
3884 4538 8508 7734
2134 3235 7114 4975
3064 3625 7352 5073
24 413 4640 6144
4423 2667 5076 5556
2267 544 7339 4954
491 4476 8454 7440
2217 1280 7342 4814
4074 2080 6001 6460
4020 3996 7999 7005
2303 4559 5597 7772
4311 1022 7923 7030
1321 3894 5554 5019
4474 3870 6887 5625
2623 2359 8063 5213
4433 617 7378 5847
3406 781 8232 5096
4331 723 7941 7505
4421 1210 8377 6227
4205 2943 7643 7739
3951 1441 6337 5679
381 3914 6013 4788
312 1338 4568 5729
1374 4278 8258 6667
1870 2963 8171 4878
418 4488 7679 5888
2103 4621 5740 6414
2302 3916 6644 4791
1441 429 5308 5198
4288 3456 7860 5948
1000 3694 8356 5247
4407 3709 8352 5311
1162 1876 7199 5209
932 4497 5378 6288
1745 1293 5687 4914
4098 2037 5994 5437
4271 2622 5616 6553
3850 568 5295 5159
4504 3279 5335 6528
912 4060 4613 6532
4463 3570 5529 8216
1772 138 7059 4806
4159 814 7329 7918
4332 2840 5239 5706
3546 2831 7662 5076
1429 181 4639 6071
1248 1858 7673 5074
4343 1319 8548 5894
2880 1058 4562 5701
4373 2764 7035 6288
2957 3025 5479 4891
1496 2970 6441 5215
4364 2019 7854 7615
1335 2677 8037 4776
527 3380 7369 4952
4147 1662 8565 5231
3292 4365 7964 7123
2070 4300 7641 5947
3284 692 6494 5136
2530 3077 7736 5228
3345 2945 4587 5550
1541 332 6227 5125
301 3907 8204 5130
4521 501 7573 4914
3637 218 6496 4731
895 3726 6087 4773
4274 2590 4798 5922
1003 2556 7569 4990
1056 4613 7296 5909
4256 4136 5271 4730
4126 1771 5297 8511
1163 4511 8476 7148
3684 2546 6305 5037
464 1905 5774 4986
4079 3973 6055 4792
938 2607 5594 4754
2218 4521 7052 7475
4168 3081 5634 8244
4198 286 8573 7342
905 811 5989 5203
1128 3690 8125 4777
4275 1475 8037 5750
1043 2837 7499 4965
2805 4425 7936 8042
4013 2230 5489 5848
3279 4424 5924 7057
4103 3376 5501 5540
361 4258 7185 7726
3700 4460 8582 8541
4136 2407 5642 5831
1183 4496 7493 6651
635 2930 7946 5057
3179 3907 7594 4960
2279 2663 5901 5212
2102 4646 8557 7184
3037 434 4666 8385
4203 2948 6027 7690
872 3182 6808 4730
578 4605 6551 5426
1782 4283 4670 8236
4261 2004 7711 4796
3976 1375 7008 5094
4102 301 7358 7729
4185 1356 8081 6042
3939 2928 8443 6146
3983 2706 5734 7011
1347 984 7213 4754
3537 4499 5848 5849
2878 2891 4716 8111
1714 4280 4847 6854
4360 780 6684 7565
2838 422 5993 4752
4435 192 7541 7915
4315 3138 7663 6303
412 302 4695 6959
4161 4208 4971 7339
4324 3805 7702 8030
1098 4231 7983 6745
3766 4289 6349 8121
3468 4351 8122 6789
1226 4250 7180 8006
4047 1155 6590 5419
99 4000 7085 4963
3946 139 6116 6430
1747 4487 7319 7614
4412 371 7152 5923
4219 3085 7339 4807
4143 2233 4986 5749
2762 4619 5091 6191
2999 4328 6765 7837
4048 1733 8430 7137
4008 108 5385 6944
4278 2600 7196 6884
4039 1227 6519 7327
1585 3324 4661 7086
569 3244 8205 4931
721 3226 6955 4719
4179 729 5180 6151
605 4485 6727 6959
2210 4505 5836 5536
4223 1948 4820 6504
1103 4126 7797 5070
4193 15 7584 8321
4403 1701 5109 7467
1234 1043 7247 5047
3964 663 6827 5780
654 4379 7663 6602
1207 3747 7877 5030
2941 3129 4669 7207
3061 1667 5167 5091
4093 3623 5413 8224
727 4348 6973 6198
2169 3873 7860 4851
3354 769 5532 5019
1106 1939 5472 4819
4106 1165 6944 8272
2472 3347 6011 5042
82 1371 7872 5036
3234 983 6513 5018
2300 1034 5863 5058
3796 630 4635 7460
3367 3900 4929 5176
3034 3155 7634 5027
4353 3751 4852 7558
3950 1272 8185 6671
607 4401 4615 5765
4127 3480 7239 4803
4335 2482 4806 7467
1271 665 4670 5925
1505 4680 7026 5705
4082 1432 4868 6159
2512 1741 4596 8266
52 3027 5214 5103
2202 4246 5185 6539
2268 4325 6076 6743
3951 1053 6153 5838
2280 1620 7878 5181
4428 3629 7439 7109
4057 3706 8442 6052
1755 672 5976 4996
4433 340 8395 7972
384 4379 5817 7099
3265 533 6234 5209
4038 3847 5026 8144
1215 883 4653 7137
2710 858 4637 6927
3339 2880 7120 5160
1976 2447 6002 4805
842 4294 5038 8579
4433 1104 7982 5120
4400 4189 8115 4932
3458 2850 6191 5125
4504 2225 8116 7546
4425 3431 7066 6894
2640 2754 5881 5197
4124 2019 5562 6623
2195 4208 5114 4794
2970 4278 8365 6338
3941 2491 4799 7737
3952 3035 7713 5576
1010 3424 5310 5038
2122 3852 7727 5071
2926 4336 6323 6611
1494 2005 6237 4869
4195 1678 5091 8115
24 4024 5481 4763
2204 4266 8080 5390
2609 2315 8503 5204
1031 2641 4574 6530
4341 4047 5121 7337
3952 2920 7345 6756
4049 2667 8280 6683
333 2632 4606 6145
213 1463 5258 5208
3027 1415 4642 5352
876 4390 4925 5571
3989 2136 6376 6564
1428 3883 4642 6855
1136 4645 8396 5547
3083 4384 4964 7241
1820 2250 4824 5125
3416 1171 7412 4778
3252 2458 5066 4940
4365 294 7245 8581
3998 558 6962 8191
1469 2389 4560 8129
4499 116 6943 6559
1765 4141 7767 4971
4302 1239 5199 7465
3365 2967 7007 5078
4136 239 7559 7144
4298 4023 5622 6940
3941 226 5432 4955
33 3849 7796 4783
1894 3750 7956 4768
4073 2546 8008 8243
894 697 8054 4967
3545 2487 7270 5260
4189 4228 6257 6582
1891 2989 5802 4852
214 3275 6178 5037
2355 4581 7218 7422
4133 2834 8413 6434
3936 687 4741 7934
2466 1249 5922 4753
1708 4642 8578 7841
1218 4485 6426 8021
3139 2759 7163 4726
4345 3168 6835 6918
3023 2653 7069 4923
3837 2146 7189 4924
190 942 6648 5234
3745 1079 8268 5139
4141 3227 4746 7611
4083 2609 6170 5515
4512 2430 8133 6841
4129 251 7802 7256
2042 2363 8257 4996
4030 1123 4787 5983
4494 1572 8301 5182
673 4550 5558 7313
4232 1059 7834 8549
4467 486 6280 5613
329 2890 4883 4851
1833 4413 5804 6421
2436 1655 5801 4952
3487 4549 6159 5916
4403 3260 5776 7706
3157 3726 5554 4766
4210 1200 8491 4765
4238 1386 6842 6825
4159 1889 8386 7803
3692 1437 5158 4875
3349 4556 6299 7738
4269 1811 7275 5942
2534 529 4645 5642
878 3112 5422 5039
4336 3153 6830 8064
2102 1382 4677 6162
4319 2757 5071 6517
1761 3561 5601 4879
378 780 4606 7949
3831 4257 7261 7008
2871 933 5850 4793
4315 991 8223 6638
4086 2056 6954 7382
4161 1995 4870 7490
4323 3309 5175 6096
254 291 6421 4826
1276 4539 6371 7487
238 4343 6919 5346
2205 4374 6522 5330
2304 4515 7023 7150
4249 3558 5386 8330
1658 652 6003 4795
3977 3743 6103 7727
1391 1720 4576 7707
3758 4505 5201 7468
4425 2802 6176 4950
195 1000 6109 4833
3102 3016 7546 5066
4122 3674 7293 5912
4025 321 8107 8016
1070 4496 5810 6846
459 2048 5184 5067
205 3094 8298 5037
1711 3360 7323 4988
4255 18 7395 7842
3951 1708 7908 7950
1432 453 5973 5155
3914 2152 8207 5189
3294 3181 6655 5118
759 1592 5159 5070
1961 1553 6392 4917
2385 2235 7073 4739
2610 3167 4674 5952
637 4299 7191 6899
94 4589 7678 6406
2141 4588 6394 6019
708 1923 8177 4962
745 2628 6375 4936
2205 4258 4811 5606
4164 934 8452 6905
3894 4677 8565 5392
4441 3657 7853 8281
354 2690 8542 5039
3865 770 6812 4812
695 4382 5750 6619
2575 4632 7332 7733
2875 4287 4934 6886
3384 587 6463 4783
1330 4577 5637 5972
1935 2231 6721 5211
1978 4321 7096 8246
4135 2490 7340 7470
2643 4267 7307 5373
1524 1518 5095 4781
4523 4016 5551 6997
3959 3477 5478 7961
908 1764 4561 8233
2701 1478 5355 4920
3614 3497 4586 7270
4020 617 4979 6980
4472 1250 5898 6949
1154 2780 7943 4952
1815 2787 7406 5182
3957 3477 5377 6202
2674 274 6327 4863
4146 705 7008 6385
3192 2774 5876 5194
2640 919 5492 4860
303 320 4572 6774
4423 2168 6652 5263
4204 1015 6902 6300
3033 3471 8246 5218
4352 318 6921 4879
4096 3560 7563 5002
1290 4645 5057 5745
4159 3937 7745 5511
4521 2080 6146 6413
4423 2440 6190 5080
3107 4009 5251 4830
4380 1080 8116 5985
4190 66 7626 7443
2857 1443 8021 5130
4205 539 4879 5823
2888 4301 5803 5418
287 1522 4653 6034
4015 2789 6252 5642
2139 799 5341 4746
296 2736 4622 6730
1567 4008 7054 4752
4240 3089 6383 5550
869 4663 4790 6397
4201 1283 4975 6107
2757 3248 8502 5243
4420 4163 7202 4729
273 4284 7206 7881
1696 3432 6647 5252
4049 4160 5366 7640
3875 803 8388 5057
4203 2175 7387 5619
1075 4376 4975 5996
4377 1717 4953 6309
2622 1232 6323 5243
4509 4021 6601 6470
2254 4249 7079 7809
1887 1440 6330 4919
1330 3993 7925 4876
3394 4443 7515 5681
3427 4299 5829 5727
3071 4601 7279 7220
3930 2296 7150 6621
3956 369 6006 7195
3577 4598 6784 5320
923 3584 4611 5847
2396 3542 4733 4852
2489 4344 7891 8328
3374 3497 6739 4761
2487 2606 7363 4934
4044 1512 6177 8043
1633 4633 6817 6015
4446 1078 6875 6303
2655 3357 7584 4806
4428 1593 6662 6970
3081 4679 7785 5869
4051 3438 7144 5515
4489 1066 8382 5363
4296 817 7499 5437
3944 3326 8272 5667
3546 552 5781 4845
2971 4259 6760 7932
4285 3750 5291 5431
4201 1361 5860 5278
2886 3725 6879 4901
618 2884 7601 4804
4485 3224 8162 6118
792 1977 4707 5710
810 4680 6499 5905
2582 743 5349 5185
3009 641 6799 5260
4200 2138 7560 8296
2443 4510 6806 5677
4122 2806 8095 8163
3235 833 6557 5254
3563 2575 4614 8023
166 4550 7509 6123
3975 696 7046 6797
1479 1706 5824 5097
1631 3740 4637 5787
4445 3921 7060 5240
1521 4054 7590 4936
4221 745 7301 6513
2928 2829 4880 5035
3871 2598 5317 5161
340 1748 6895 5243
4413 2102 7380 7853
2827 1152 5488 4883
3694 759 8441 4779
2679 3658 8582 4854
4487 1699 5663 6522
566 3682 8157 5189
4282 2839 6652 7808
3700 2241 6215 4826
3522 4268 5550 7648
386 661 4632 6460
688 481 4903 5091
3782 3421 6604 5074
3934 3573 6835 6159
2963 2931 7561 5054
2341 1254 8249 4881
2030 4612 4588 5813
2735 4491 6406 6991
2784 2910 7391 4891
3629 3618 5375 5237
4482 698 6832 7964
4161 2782 5106 7648
2807 746 6580 4777
4016 1970 6891 6961
4027 2732 4909 7003
125 4574 5330 7252
3671 770 5652 4961
3525 64 5917 4916
783 1494 4622 6510
2009 2995 5790 4761
1420 4532 7007 6135
4254 1052 7427 7859
2908 4456 8069 7298
4090 3648 5270 5577
2521 4494 7303 8455
2084 4517 4728 6116
3479 2446 6286 5191
478 4458 7392 8283
3048 3682 8520 5257
3183 658 7337 4910
3306 1979 8556 5242
2122 2535 4587 6775
4026 4220 6273 6131
4512 2632 7504 7765
3993 2394 7682 6019
4522 1729 6539 4872
21 2221 7439 5175
3996 875 7633 8359
4331 1029 8043 8085
443 4329 8197 6861
3820 3059 5273 4768
4294 1296 6547 5269
2559 4540 5928 8113
4184 1749 8040 4807
3469 815 8293 5095
4054 3991 7648 8580
2090 2148 8154 5101
809 4368 7325 7553
4004 3644 5565 5466
4210 1942 5142 5089
4186 1616 7820 8167
3503 165 6758 4971
2498 1529 7552 5269
4234 4213 4744 7777
1045 4598 7233 6867
3852 1232 4700 7850
457 4535 4681 6762
3094 4442 7971 6464
719 200 7616 5146
162 4192 5014 5202
283 2346 4747 5195
1215 3210 6544 4815
2212 4323 4576 5389
1691 3576 4831 4867
2603 4630 7241 6214
208 3930 7038 4908
170 4192 6692 4839
821 4276 6297 5287
1557 2778 5122 4743
2672 3724 4653 6473
3483 3995 7433 5218
4067 4213 6760 7958
486 4492 5332 7686
4418 149 5696 5026
73 444 6571 5176
3975 4013 7441 6627
3225 1105 6548 4945
3169 4006 4573 7318
4219 1813 5594 6292
4523 1890 5232 5352
4306 2000 5117 5654
1233 2821 5290 4914
4033 3679 7504 6828
3181 4616 7333 6257
4133 3626 5666 6324
2524 1051 7611 4737
1053 4569 7813 5477
3962 769 8332 5783
4220 1515 8110 4976
905 1466 8517 5156
4454 882 7268 7390
3333 320 5558 4728
1880 2521 7873 5275
2864 4592 5020 7348
4149 2494 5580 5409
1363 1208 6621 5216
1921 3504 7456 5000
4178 785 7272 7375
4368 2843 6738 5719
1371 3437 7026 4925
3130 4539 8171 5788
247 1516 5938 5179
1461 2960 7034 5262
660 1320 7045 5037
3590 396 6507 4762
692 4176 8163 5135
1286 4251 7783 6539
3852 3762 4664 8017
1608 3948 7096 5263
4515 1486 6548 8304
805 3198 4581 6626
4176 1958 8129 8340
1736 3115 5109 5036
916 932 7918 5104
4335 2245 7583 7121
1254 4306 7393 5673
1304 3137 6994 4792
638 4543 6734 6697
3870 1655 5083 5121
3423 537 4685 7543
3428 1380 6045 5096
1854 1013 4854 4785
4078 498 8372 5108
4107 1145 7137 6222
3950 2467 7154 5500
2860 2525 6310 4824
4312 3771 5164 5931
2382 384 6875 5197
4207 1065 5328 6832
134 1926 6260 5157
2564 4675 6265 6489
4342 1092 8346 7403
779 4539 6981 6944
4403 4064 6090 6490
3309 2602 7623 4773
872 3705 4763 5075
720 4506 6507 5288
1218 3091 6537 5164
3294 1400 4637 7603
3544 1506 8328 5206
776 72 7106 5088
117 4364 7021 8409
1872 289 5689 5162
2482 2937 5378 5165
3076 4375 8270 6945
1178 3926 7570 5169
1202 2925 4556 5429
4216 756 8247 5749
4438 922 7050 5432
616 2276 7799 5250
372 4599 8269 7881
4210 2634 7231 7963
2896 4413 5555 8099
4459 3574 6791 6044
2611 2118 7892 4785
553 3101 4712 7573
3567 3014 5911 4879
1979 2708 4600 8129
4309 2258 8541 4977
3472 4505 5976 6976
1971 4291 5146 6472
4031 2401 6338 8081
3963 2722 4734 5502
3396 4012 7104 4878
4037 2524 8454 5196
1640 4327 5367 7811
4147 4163 5415 6059
1471 4626 7351 7477
4369 326 7198 7313
3904 1681 4615 5841
4442 1872 5499 5931
2890 4376 6428 5403
334 4608 8301 6174
1253 3625 6663 4827
1822 310 7775 4980
1923 3424 6039 5241
2088 4226 8548 4946
998 3460 6695 4842
3326 4602 5389 5575
4432 2828 6150 8092
4277 1037 8056 7997
4511 485 7581 7013
2678 2278 5508 4893
2926 4509 4867 6887
4243 3795 8522 7683
669 4197 4651 6107
3367 4203 4654 7656
3376 4338 7080 7847
1231 3450 4567 7918
2508 192 6928 4963
2251 3035 7979 5043
3829 4243 7002 7644
2059 4454 6090 6939
3221 4363 7899 7927
4210 3672 6217 6894
4343 2532 7992 4885
4137 1645 5837 5543
4356 1171 4915 6706
3134 4326 7412 7756
2087 3781 5982 5146
3498 4670 8423 6551
110 3803 5650 5224
2447 4366 8035 7847
408 4267 5040 8130
3952 1788 7408 6842
96 910 5014 5007
2369 4421 8152 5985
2443 678 4898 5072
1358 2942 6027 5011
977 4364 4891 7132
4378 1535 7099 7100
4177 1295 6214 6413
2429 105 4619 5719
1570 4408 6726 8200
1807 803 6612 5079
249 3695 5530 5235
3417 3125 6297 5058
1997 2049 4607 5375
1713 470 8443 4975
2661 2476 6733 4935
2608 2556 6337 5164
4307 2497 5773 6781
1081 1993 4700 6654
2586 2317 7547 5088
6577 8474 978
781 35 1141 5712
25 165 4841 3672
464 158 2212 1029
769 168 5698 4182
143 198 2440 7614
608 153 5438 2630
261 162 2490 4185
150 110 1102 3648
292 156 4686 6294
176 180 2368 6407
194 189 1304 4620
748 167 1295 6420
677 179 5907 7490
814 134 4314 1681
354 64 6330 401
617 173 3547 3084
783 170 5710 2588
763 180 3770 5643
356 232 3862 3336
368 174 2471 6114
702 185 5615 6121
461 205 5466 1708
440 42 2705 486
820 71 5302 4678
11 86 1180 586
20 229 1385 828
788 164 4712 750
650 173 5198 1048
474 180 3013 4944
364 130 5894 532
687 221 3086 2133
294 179 4064 3857
450 180 4732 2943
700 226 2172 8017
9 165 3301 1588
325 158 3549 1679
99 200 5642 2657
55 170 4503 4304
194 168 4352 4898
277 150 1478 4308
604 215 2775 692
334 205 1495 5090
434 204 5452 3338
407 199 3866 8198
512 185 4344 4579
774 168 5950 3214
440 164 2706 1780
137 194 3428 2338
312 203 989 3853
805 150 5752 766
41 202 2990 1204
49 190 5333 6068
802 186 3861 1030
68 210 2602 2718
92 142 2153 5308
182 230 6423 3516
296 226 1686 5090
374 168 4190 6400
124 163 4076 3994
393 147 5569 5792
353 196 3008 4961
666 226 1849 1980
336 184 5883 6164
622 139 5810 3260
534 195 6030 6384
75 149 6428 1434
234 169 4790 2251
101 146 1878 2058
178 194 6108 2339
502 15 971 684
84 147 4206 4462
442 190 1429 5268
683 227 5039 8051
436 210 2952 5222
116 229 2028 6090
751 101 1154 4180
224 184 2680 6238
118 152 4752 7331
673 221 4305 2173
750 153 6182 2169
820 135 3866 4628
374 141 3360 1734
261 219 4334 1839
251 217 5745 6093
800 213 2926 1804
566 186 6292 5506
464 197 3587 4165
603 230 1575 3751
250 177 6339 8283
53 209 5835 3381
390 196 3500 5243
299 223 2295 1018
450 192 6101 3886
72 121 984 6504
739 162 4694 1741
647 139 1167 2491
316 183 3260 5744
651 232 4776 5508
585 186 2936 4053
351 174 3224 5821
684 88 2288 411
420 179 5684 2453
430 218 5268 2238
406 221 5650 5276
176 148 6569 2550
362 225 3882 6746
637 170 1404 4118
787 153 2020 6986
354 144 1578 8126
172 202 6088 2220
414 231 6068 1827
625 149 2782 3359
165 167 5916 6037
74 48 1136 2597
120 67 994 1313
511 176 3556 4644
613 182 5812 4323
655 220 1254 1475
67 149 2421 7329
592 126 1115 4095
658 141 3538 809
796 199 5535 3217
621 229 3038 5411
728 162 4285 644
640 158 6476 1800
10 216 3856 6829
665 228 6091 1322
372 194 2191 6436
781 204 5000 2498
746 169 3866 4407
570 200 2753 5108
24 173 5226 7850
201 190 3933 5224
790 232 5030 5916
379 141 5674 5459
799 99 5571 281
324 232 5805 3357
761 186 5137 1393
512 200 1796 3456
720 191 5276 3694
815 117 1397 3513
118 180 3930 7146
257 212 3217 1198
445 152 3770 3487
714 207 6402 8175
691 197 1009 2200
84 195 1364 3227
115 198 5917 3848
592 203 3197 2449
127 230 6215 2610
478 142 4794 4988
46 212 5124 3989
349 173 2628 4230
0 177 3224 5590
644 96 1020 4626
568 70 5570 419
536 143 3536 4610
411 43 1035 3386
612 210 2389 6552
794 196 4664 3136
649 153 1786 2854
530 134 3731 296
290 144 4741 3566
786 200 4529 3574
214 205 1158 2668
406 196 5336 3128
584 153 2719 6042
325 206 2818 960
690 169 4596 2641
186 196 4696 816
442 199 3462 5008
36 171 5486 4384
294 139 1449 4590
735 143 5869 2076
781 222 5790 3432
112 142 4425 2514
686 196 2322 3534
788 204 3885 1464
78 202 1168 2848
88 96 1042 5094
292 213 6462 4198
7 195 3445 4726
355 172 1162 6429
345 74 1046 1162
496 170 1897 4384
120 225 5652 2364
210 220 1139 2329
242 161 2184 3050
590 197 1144 5833
766 194 4771 2475
525 147 6362 4328
678 176 1179 2530
789 197 4243 4549
519 199 1004 3971
169 203 2121 3345
186 149 2106 2989
730 170 3860 2463
417 149 4512 2702
780 158 2160 2721
596 180 6322 2640
528 168 4464 2924
751 148 5878 4041
770 195 5113 4811
51 196 3250 6089
105 143 5865 5947
812 100 3702 859
215 160 6313 968
706 202 5718 7833
28 188 3168 4491
487 97 1446 285
104 212 1894 1843
766 225 5098 3324
391 218 5458 3369
533 146 6308 2133
634 217 3880 4584
124 232 5628 5847
380 198 6455 7110
478 214 5587 2162
728 98 1066 4699
652 218 5886 2332
348 143 5406 5236
258 175 4644 6293
86 140 6531 5508
80 150 4809 1930
228 214 980 5126
767 13 4521 346
433 227 2983 6768
782 219 5132 3166
512 216 6299 3946
95 155 4585 4552
684 158 5434 2498
188 143 4423 680
320 166 1311 6092
735 155 4297 3971
759 169 2618 1034
37 199 2805 3969
431 210 6416 4614
503 166 2376 2650
576 140 988 1389
425 30 976 6172
154 172 5237 5876
355 178 4105 4297
359 143 3736 1684
198 65 1005 673
804 139 6474 1805
276 60 1133 3393
650 204 3751 840
225 196 3207 5928
780 192 5444 4555
320 229 5973 5967
62 142 5421 2735
224 149 2714 1248
196 54 5497 506
350 110 1032 4050
513 168 1386 4686
154 203 2120 4918
166 217 5158 5349
519 164 3796 2132
759 226 3406 2108
808 227 6487 2613
590 232 2890 3618
574 189 1569 7611
211 194 6276 5730
705 146 5128 1917
38 34 5330 321
636 57 1114 5969
380 213 3796 974
446 219 4769 989
113 167 1915 4294
778 166 4201 1693
416 193 1814 5790
791 199 4389 2806
339 108 5776 404
768 190 5644 5980
574 190 3809 2477
818 64 1346 3486
573 155 1612 4732
663 144 3437 4594
248 153 1067 960
392 173 4514 1666
821 25 1271 1379
86 197 4208 4681
208 198 2931 1521
760 225 5509 1889
312 231 5301 2169
789 188 4939 4902
514 204 4056 4283
158 149 6360 1917
528 203 5180 6304
773 229 2075 1385
330 152 5777 1010
229 165 3750 6079
279 155 5188 6469
114 174 2848 4683
586 5 1781 546
7 230 6535 3557
729 210 3530 5029
702 181 5043 3130
562 12 2720 327
689 155 1960 1881
751 230 1847 2529
355 214 5556 5124
458 183 5791 7869
535 147 1733 1155
325 221 3574 1070
532 164 2946 2678
5 166 5728 4370
403 165 3256 5140
219 212 6092 4608
619 175 6220 1156
238 175 3599 688
242 211 6011 3387
404 214 5882 3438
124 207 1554 1521
533 214 2009 6456
53 214 1130 2042
792 219 3290 6328
187 187 4910 4216
229 44 5210 270
464 192 4223 1159
351 148 4376 1107
388 204 1166 1627
4 152 3453 689
243 220 4971 3068
77 219 2290 2498
69 196 3522 1162
227 145 6188 1329
440 196 2793 3070
499 47 6232 444
675 152 4611 4415
640 226 6510 798
247 178 1592 2502
495 13 3030 497
352 139 4216 759
10 205 1955 1626
44 185 5731 4767
710 173 4891 6259
740 230 6556 674
572 217 2380 7032
470 198 2035 7606
436 168 5318 3220
612 196 3303 3444
104 160 1852 5648
507 225 6127 4732
258 177 6289 7299
45 185 1865 3793
61 216 3403 3910
36 158 6312 1481
52 188 5885 1917
599 201 5161 729
433 217 2387 888
789 181 3189 1536
502 190 2198 7112
188 27 1797 298
693 161 3008 4228
492 165 2484 4856
455 147 5068 4736
664 148 3942 2091
177 169 6172 7137
17 154 2503 7126
736 94 5890 295
152 176 5702 1410
718 201 6381 4212
467 3 1014 1001
110 150 5843 1054
186 195 5740 6507
231 144 6570 5440
731 224 3556 1082
36 149 3027 5212
446 144 5176 626
202 202 3871 1326
78 173 5505 1756
336 184 2000 8225
544 205 2993 7045
580 172 5406 2817
542 5 3363 465
712 175 3715 8208
639 200 1041 5974
401 140 5015 5328
712 189 5330 4486
654 193 6376 916
16 185 5724 2544
450 180 3068 1566
644 179 6529 6554
798 210 4384 3264
296 224 5094 1774
317 121 4244 622
210 211 6542 1605
490 58 2662 293
581 230 6564 6686
324 166 2469 5244
85 171 3323 7866
491 204 5590 1624
534 217 4476 5879
793 172 3108 772
332 219 5281 1929
129 146 3578 6441
507 214 1921 5192
651 4 1100 6300
166 166 2167 3530
1 172 5695 5002
621 195 2204 850
152 162 2562 2843
524 143 1008 3929
98 189 2162 1371
36 230 2789 4683
702 195 6294 6104
296 161 5044 8228
320 164 1597 4577
747 184 5839 1576
266 131 4863 381
469 196 4888 4983
530 186 3861 1516
226 142 2008 1138
410 155 5640 1546
597 145 6137 5378
198 187 1648 4909
404 185 3300 2394
416 198 2180 6089
89 223 1580 5868
372 190 1042 1446
650 176 3497 3576
152 182 4942 1857
312 198 4912 3800
703 146 2534 6445
373 127 1144 6147
271 188 5872 5889
274 200 1754 6079
678 141 5942 4317
458 106 1236 495
783 190 4031 2545
190 232 3926 3166
263 207 5166 7391
529 158 3286 5265
382 189 2207 5252
266 145 2778 5609
64 232 1650 5895
496 204 3310 6762
793 232 4673 932
536 197 1886 6693
547 170 5620 4637
279 209 2705 5613
6 139 1054 3969
493 176 6306 6733
268 165 4330 5754
60 209 3680 5939
514 163 5877 1334
83 159 1342 3273
639 84 1009 1375
139 186 1009 1755
482 192 3546 5506
242 232 1366 2025
310 204 4450 3883
112 98 1148 5070
530 150 3083 848
577 184 5125 1417
223 160 6251 1040
469 61 971 2837
530 190 3233 2073
350 156 5476 4304
815 88 6279 4796
758 212 2391 6004
601 206 6027 5435
234 175 2848 5560
170 129 1444 340
206 230 6106 7248
738 153 6317 4874
799 195 2788 3282
49 26 1066 4394
395 144 6238 4651
462 141 4582 705
242 145 4368 1001
280 183 2571 2322
150 162 4745 2554
336 174 5036 1191
161 110 974 8421
88 204 6486 5836
549 216 1708 6247
67 213 4634 5409
731 140 6442 6179
248 198 2373 3998
592 206 3154 706
529 182 1991 1000
174 143 1261 698
99 220 2562 6356
344 191 6274 3369
40 158 4123 695
450 198 3336 5313
816 23 3496 793
793 190 1002 6054
113 222 1202 820
142 214 3214 4547
57 157 3125 2902
170 199 6538 5636
508 232 2451 1016
82 200 2744 4515
141 146 1559 3464
762 175 3662 924
586 192 2942 1875
160 181 2846 5408
4 218 3998 6326
4 160 1393 2769
485 147 1505 2568
73 148 5611 3876
539 154 1102 3226
40 220 2902 689
325 224 6215 3989
463 195 5057 1303
261 149 1083 5574
352 212 3164 4710
31 207 5508 3529
220 178 2060 2663
536 184 6417 6441
479 201 2546 3402
270 162 1548 3725
672 205 3049 3318
174 164 4776 4052
419 175 3237 4416
807 219 1252 5379
192 199 6096 7476
478 185 5326 4938
233 212 2655 2084
716 195 1137 1377
223 194 6350 5966
620 172 3398 3444
34 159 1154 1483
562 150 2693 3336
563 144 3040 3568
333 194 3744 5712
388 150 5152 5293
670 159 5734 1390
325 189 3888 1063
696 157 4697 3677
515 142 3297 6924
65 174 4135 5103
133 203 2615 2300
149 171 2678 1111
509 200 4124 5958
8 150 6403 5218
808 209 6415 6060
779 180 3086 921
62 220 2082 3456
148 152 5123 5674
483 140 1106 6810
431 157 4052 6243
250 196 2426 6282
174 177 5342 1902
339 167 2980 7401
342 165 4257 8037
448 168 1066 6131
250 230 4237 2436
392 198 2714 6187
260 45 1097 2326
725 193 4237 2314
264 172 1835 5237
592 147 4779 3220
676 228 1807 1721
251 168 5374 4316
811 86 2839 4950
666 153 3783 5178
712 105 2228 309
552 186 1061 1141
731 220 3725 3964
508 228 6179 1017
70 168 4344 1950
184 218 6071 2976
752 156 5933 896
188 196 5518 3564
578 133 3178 315
106 193 5854 1297
542 123 6354 373
166 77 3526 477
800 126 6228 487
590 180 2330 5799
134 156 1127 7124
616 84 3556 309
680 143 6280 4084
65 68 2868 474
612 153 4755 2809
272 35 1150 6455
410 117 1827 288
729 184 1068 4221
108 152 3320 6400
701 140 2262 8242
128 140 6340 920
240 173 1492 2877
272 101 1147 3470
42 79 6444 608
109 195 5210 6945
812 53 5018 1264
299 199 1667 7724
528 189 6234 1909
740 220 6248 7554
59 216 5442 3024
523 232 2950 3630
709 40 3640 316
434 193 1734 771
182 118 1128 2562
332 163 6099 7035
738 202 4044 4815
613 221 2916 5048
768 191 3981 6039
577 213 2711 3327
293 167 5494 2367
806 156 1815 1314
254 191 2149 7884
814 83 5353 492
718 200 2028 2856
169 226 5709 2930
476 150 1694 5527
382 168 4563 3813
297 191 5562 4228
499 187 5716 2164
237 173 5059 2724
87 158 5107 863
70 181 4309 3356
72 140 3984 6396
68 216 3536 2395
124 147 5510 3854
807 176 4368 1904
439 181 3005 6050
491 178 6425 6130
330 218 6156 2789
687 224 5747 3354
500 172 6222 2274
796 167 4881 5014
736 153 2816 687
395 146 3248 2170
23 226 2269 1474
262 217 3904 4136
216 141 2222 3461
407 136 1071 3147
694 158 5608 4462
58 223 3416 2717
478 149 2915 4330
180 194 2291 1861
602 147 2358 1779
232 191 3200 3475
103 176 6297 1836
143 228 6558 2430
382 196 5654 7120
338 201 6314 7425
748 185 2826 5976
474 181 1482 4562
410 192 1638 1634
242 220 3084 2471
104 157 1528 4524
308 146 3248 3647
222 160 5807 1767
422 197 3848 4730
764 166 5913 4437
45 160 4394 1809
704 56 1086 3530
805 207 5996 4314
631 156 3686 5475
123 144 5708 4580
658 226 3341 1923
712 33 1614 613
258 190 6368 3627
460 112 1064 8133
204 128 5828 516
459 190 6289 903
709 212 5051 875
453 218 2629 6130
710 217 4266 4048
376 221 1042 2322
767 175 3866 3089
219 153 4652 5385
124 153 2814 2943
727 208 5348 4991
552 168 4408 2822
724 162 1965 7919
775 155 4668 3410
630 176 2862 4807
658 223 5391 2385
643 210 2218 2535
5 28 1428 354
453 193 3434 1990
59 182 3169 4630
584 150 6112 7708
616 192 2249 2128
127 122 992 1260
194 170 2868 5406
207 224 3990 3364
780 207 1782 6053
598 167 3843 5450
360 180 5433 767
522 226 4186 8105
371 148 5404 2442
86 216 2688 5884
24 224 4456 1743
73 194 2914 1705
390 152 4778 6469
242 144 2347 1739
376 204 4342 1784
609 151 4449 4294
303 213 6108 7479
206 204 2175 2004
333 176 5420 3070
185 186 2364 8020
499 212 6521 1600
650 142 3554 7816
78 190 1228 4903
704 98 1074 5403
695 169 2780 1218
767 177 1809 2630
819 6 6404 592
481 180 5394 2432
22 74 4011 270
650 192 4748 7685
458 199 4579 5583
362 163 3257 3311
380 27 1130 4254
369 156 4610 2972
674 160 5888 896
186 206 1240 5651
64 206 6152 3187
269 190 4970 4787
395 186 5672 5529
394 167 5696 4971
242 226 6317 6286
416 145 1719 3791
760 56 1014 1031
477 7 1672 397
515 135 1713 608
366 147 3062 8165
611 228 1635 2697
140 165 4414 5341
19 202 2082 4646
28 209 2217 8412
592 200 2091 743
356 200 5654 4623
711 13 6049 299
309 191 2676 3471
626 229 3438 3382
516 150 3422 6248
598 178 1803 5362
202 164 6352 8360
561 209 4720 1440
282 165 2442 5125
79 107 5648 416
276 139 1890 907
248 140 5546 5144
555 4 5280 419
196 159 5965 2474
291 211 1662 3116
200 152 1529 3121
254 63 2063 429
814 69 6132 2593
488 185 5884 5333
499 156 5008 1863
66 188 3604 4440
379 177 1029 2866
362 180 1796 2603
719 153 3093 1778
381 208 4700 3549
816 119 2620 4998
318 230 3143 5105
144 172 1454 5485
217 92 1152 5896
628 199 1380 6429
658 159 3397 1484
504 194 5172 1012
778 196 6276 3110
702 230 2936 3399
527 187 3995 4791
411 224 5426 6241
652 230 5500 4746
257 198 3072 4346
204 230 4759 4153
532 91 1151 7118
772 179 2072 7695
124 57 1035 2248
345 144 3992 5373
176 228 1006 2412
588 201 3570 4858
479 189 6403 7996
46 206 5098 4667
786 88 3942 334
10 183 4549 2224
684 164 2666 832
92 167 6302 2681
670 164 4854 3058
353 54 1047 4754
520 156 4076 5512
813 121 3112 4049
739 31 1136 729
443 156 5735 3562
512 202 1898 2725
331 141 3820 4406
503 226 1579 5186
555 155 2322 4412
651 193 4298 3986
36 158 3684 5525
219 194 2256 1408
455 227 2715 6486
494 204 6308 5871
610 202 1130 5395
564 196 5005 1251
804 174 1327 5348
508 194 1632 2046
597 198 6227 5664
515 175 2340 5968
152 144 2510 2790
39 19 4971 604
579 198 1922 4197
741 203 5562 1495
785 173 5135 3705
174 154 4349 4726
409 104 1388 403
19 178 1254 7324
435 163 5232 4602
479 150 3310 1215
555 140 3010 3460
802 160 4564 1935
312 148 6565 1840
65 169 4833 3195
819 26 4393 5388
628 145 4946 2005
795 195 6035 2955
565 188 3628 2021
297 204 1074 2136
581 116 999 6427
110 205 4281 2974
384 160 5978 6012
413 140 1714 1702
532 158 1554 851
726 187 2794 3945
293 177 3842 3672
143 214 999 6383
256 227 4993 4529
15 194 1329 2478
685 172 2533 1897
784 207 1286 3449
437 139 2147 1528
189 180 1935 2148
277 146 5584 2210
556 153 3861 6180
558 149 2892 3674
48 194 5797 2337
790 202 1779 4052
536 211 6488 7131
208 182 994 6030
504 6 6410 536
166 110 1191 480
188 142 5393 3492
736 197 2428 1772
572 224 5694 3012
90 34 1078 1745
283 212 5342 6250
696 152 3076 1944
767 200 5647 2528
512 141 5241 2240
120 224 1317 5429
740 52 1847 339
612 180 4065 4222
713 226 6036 5489
298 226 4173 968
583 223 4348 5858
14 30 1161 7224
340 210 3203 3261
437 131 4453 383
618 212 4219 4186
385 225 3270 7684
169 139 6199 1159
785 165 1446 4647
593 149 3976 6382
813 2 5886 3681
240 144 6040 2756
256 145 1105 7863
330 180 5984 5214
593 129 1010 944
301 34 6050 482
83 170 4449 5552
428 220 4292 8172
308 144 2253 3925
728 161 1406 1815
494 186 6380 3395
95 162 1886 5605
231 193 5265 3141
169 232 5808 4105
680 224 5432 3876
527 152 4434 2107
47 146 2984 4368
17 168 5669 628
361 168 3844 1347
147 218 3079 6393
749 150 4430 2643
801 188 4420 2838
464 148 4334 1108
598 30 1152 2484
691 218 3968 3919
133 171 1364 6593
480 1 1007 2987
432 195 1378 6301
220 186 5616 5512
446 169 3562 4780
814 58 6241 2619
429 146 2388 6773
768 192 2256 2298
170 162 1012 4974
434 165 6013 5143
596 151 3519 6560
314 184 6452 6989
161 157 5371 1179
565 208 6428 5922
235 157 6263 2251
566 226 6551 5089
84 170 2970 1692
482 192 3355 5127
10 178 1276 6461
384 232 4328 2988
549 170 6029 4388
310 176 4561 5003
362 166 4202 5283
176 231 6065 3193
450 213 3867 5855
296 206 5513 1686
204 145 4158 1060
332 188 5820 5089
260 202 4941 6904
716 218 4883 2325
310 177 3640 5689
560 223 1373 5362
786 146 4090 5526
157 174 1007 2886
276 192 4691 5845
126 198 3223 7229
458 20 2102 604
622 216 3910 1419
239 228 1430 7509
678 142 1567 6792
266 162 5018 5153
789 223 6361 5828
202 223 5553 3194
799 190 6168 5059
388 189 2309 6400
221 228 1918 6692
458 170 2803 3963
720 225 1067 7123
267 222 5571 3663
701 216 4854 2147
503 2 4246 352
314 178 5413 3988
244 185 1541 4459
465 167 5730 2773
34 175 2446 4154
252 144 2212 760
495 228 2170 4206
406 166 2481 6200
617 185 6053 3725
719 227 3077 5509
244 161 2369 3553
76 141 4174 5614
730 153 4712 3762
47 204 3640 2239
107 221 5908 3331
123 153 1683 6166
580 148 2758 5006
457 142 2609 4720
688 143 3845 6000
731 192 5329 5107
152 164 5864 5141
34 204 5681 4466
793 230 3295 4830
106 225 6164 3317
696 144 2873 1035
433 166 1041 4023
507 191 5078 3443
19 202 1837 670
296 218 1284 2052
241 202 3078 764
56 202 6461 5095
168 219 6257 2941
529 228 6290 3735
795 170 1372 3980
126 220 3318 2422
752 157 4862 3594
5481 8294 964
899 959 4684 6702
64 1143 3399 5249
732 337 3650 7614
1205 574 3133 2593
1923 1120 3789 5178
1070 1300 3413 3463
152 799 5365 5293
1120 550 4520 5215
1689 862 3506 3309
1440 309 2960 4838
1757 1362 3148 8205
408 45 3833 5324
1376 1070 3660 3268
186 743 4634 3465
421 1432 3697 4190
582 181 4944 2234
1305 1365 4345 7429
1211 682 2945 3696
1814 442 4308 4826
1077 1464 2845 5156
916 566 2977 1955
1906 729 5470 4965
640 749 3922 2068
1354 387 4294 2582
1484 988 3167 4121
1959 361 4638 7066
351 917 4021 4148
416 148 4278 7296
377 1345 3274 6725
952 1170 2823 4116
1626 501 3665 5025
1686 536 5055 2935
421 1023 3460 3179
913 326 5120 4893
239 1059 2918 7749
1921 97 4261 3150
1104 1432 2964 7101
1543 850 4718 3539
383 1519 5252 6816
398 981 4920 2104
1204 1154 4859 4247
563 895 3812 6338
1755 973 5302 2692
881 1370 4631 2749
200 1142 3926 4734
1971 61 4226 6835
1628 454 3352 3317
64 910 2884 7113
1575 628 5186 7785
1385 782 4418 6058
806 840 4719 2292
1325 722 4247 7935
186 1091 2646 4179
488 1476 2724 3511
1417 1366 4960 2747
1690 77 5262 1950
1530 1070 5026 6080
778 1375 4168 3905
1179 948 4728 5751
932 420 3250 2784
646 612 3767 7424
78 1182 2743 2625
412 573 5274 2612
1758 701 4220 4476
68 1172 4406 3186
212 924 3272 5302
169 471 4494 5278
704 193 5244 6701
472 1303 2697 4059
391 1188 2416 7109
1758 716 2662 3946
1037 945 4526 2410
521 1405 4094 5228
339 380 4846 4105
728 1474 5233 5432
998 1314 4109 4741
1025 658 3576 3047
1711 942 2420 3357
920 279 4330 3674
197 740 2526 7322
1286 898 3282 2995
34 952 4598 7632
926 973 3550 4245
334 567 4375 5499
952 170 5378 4114
253 1132 4894 4283
296 65 5298 2033
697 1486 3702 4563
1879 283 3056 2617
338 1113 4601 5354
157 168 5108 1867
1754 1445 3030 2040
749 1408 5233 4184
571 1443 4837 8146
743 1431 4821 3182
1508 1062 2440 4141
663 1487 3948 5003
1702 708 2485 4487
1801 1248 4276 3346
1062 632 3290 7412
119 714 4468 4853
646 902 3374 2962
129 956 4706 4124
158 864 2918 4261
1801 643 3333 2904
487 536 4644 5080
1750 345 4196 2227
478 282 3065 2047
314 79 4171 4964
1812 230 3743 1914
1262 397 5451 2394
1932 986 4307 2442
310 1354 3505 3429
1372 158 2868 2108
1706 1141 2457 5169
942 134 2426 2042
1172 1237 4594 2546
488 1449 4483 3252
1369 1440 3268 2406
567 648 3528 4921
779 754 3412 7239
645 394 5106 3783
1228 1225 5468 2162
1666 1494 2962 7958
932 1481 4716 7548
1882 1280 2636 4437
1002 314 3818 7014
768 482 4452 4454
744 658 3146 7155
869 451 4328 4163
942 1173 5386 3326
462 92 4242 6584
760 1399 3804 2449
330 252 4781 2581
496 739 3554 5532
1469 933 5146 7566
362 542 3803 4441
1357 860 5380 2962
303 1022 4893 8087
1889 793 3416 1951
1435 684 3016 4219
340 776 3935 2408
242 48 4130 1923
1751 894 4872 4032
593 460 3631 3723
491 1315 2751 7592
1258 977 2930 4525
414 1510 2849 4370
1335 1383 3879 5460
1422 574 4421 2902
177 526 2793 4113
621 533 2539 5390
215 1096 5075 7898
49 47 3692 4431
398 616 5306 4323
1300 726 4727 7682
1202 376 5228 2146
1364 1089 3312 3294
1032 782 3295 3158
1697 124 4870 2363
526 1036 3426 6284
1193 1002 2877 3104
1142 715 3129 7868
1066 247 3816 3270
1016 420 4402 3026
1867 836 4464 2666
1164 674 5087 3626
866 1221 3793 3682
1165 1028 3838 5014
385 370 3723 3861
785 105 4153 4370
470 1481 5057 3546
902 755 4744 2931
374 997 3548 4864
1302 918 4381 4974
1972 124 2889 7671
227 954 5087 4825
391 1086 3254 4235
448 32 2602 6857
876 567 5033 2047
1759 872 4617 5039
565 830 3595 5202
400 1160 4962 4926
850 317 3103 4251
263 445 4795 3151
230 107 4263 4583
1352 552 2616 5052
1961 291 3900 6119
1292 442 2566 7789
1632 1259 4457 5435
107 693 5118 5629
1644 410 4011 7277
282 203 4206 8130
1408 580 3749 2418
1541 659 4898 3107
1611 351 4909 2412
474 391 2632 3466
545 940 3064 1873
1258 536 4655 5909
1608 1285 2675 4590
1975 303 3665 3447
1578 70 4613 7152
758 122 2411 5324
210 1011 3114 3641
274 498 2936 4438
267 849 5052 5682
1220 663 4526 3585
352 624 3631 4310
978 1272 5461 3210
1975 1318 2731 3130
1398 1020 4411 3425
282 1242 4714 4470
947 309 4892 4982
263 1210 4272 2451
640 66 3983 4243
1720 85 3348 4425
402 1446 3768 5153
262 535 3223 7175
585 1070 3611 2717
275 1388 4602 1915
450 454 5138 2083
288 1344 3326 4910
1119 318 2998 8243
1826 575 3323 4252
153 1040 4092 7165
1804 1107 3232 5381
804 570 4360 5450
87 1293 5161 2798
1977 1516 4450 5955
1630 513 3397 4017
1044 1433 3142 2578
78 207 3666 7261
1563 432 3246 5986
411 1159 2696 1932
988 503 2972 8008
1571 314 3128 8004
1709 96 3284 3772
856 388 3924 2992
1506 644 4252 1906
1842 893 2637 3205
1349 994 4721 4311
1285 429 5102 2704
967 933 5059 2350
570 1174 4434 3661
1508 1272 2881 3739
1063 704 4850 7980
887 45 2688 4444
259 1119 2654 4458
1134 862 5315 4675
577 1130 5415 4840
1368 577 5441 6024
1688 106 3434 4981
1147 1149 4201 3804
883 762 4528 6408
648 220 4511 2132
682 186 3155 6479
550 417 4763 5233
1720 357 3514 2154
1694 586 4162 4829
517 798 5256 4261
752 1084 2580 2418
372 623 2716 1893
134 1326 4867 3656
86 354 2692 5653
342 927 2974 6241
1499 1225 5110 3189
1813 180 4380 4334
1476 1432 4369 4870
1768 1283 4266 3797
1301 963 4391 3655
1653 416 4937 4101
337 1482 3220 8149
1062 1232 3199 2998
1109 1518 3670 5649
747 1042 2788 7299
433 231 5044 3697
640 706 3213 1912
1845 717 2600 3434
117 1441 3989 1872
1134 42 4627 4182
954 1254 4734 3711
1044 1116 2480 6972
1717 820 5429 5985
1196 1457 3552 5343
949 1509 4758 6412
22 514 3930 2687
1334 1043 3752 6136
228 1173 4632 4387
466 200 4046 3770
74 375 2849 2947
1060 1360 4522 4134
1312 631 2828 3852
1788 1176 2987 7987
1465 967 2608 2367
512 1027 5097 3862
1404 600 2527 7320
1561 721 3606 8012
916 625 2490 4140
537 581 3582 2583
877 518 2932 3979
667 1056 4189 3916
1551 328 3638 1866
1309 683 2514 2539
1926 1094 4043 3944
1472 1324 2472 4070
1414 1029 5256 3751
887 1150 4507 4374
291 1302 3240 4935
1560 103 5247 8110
1550 494 2640 1936
63 369 5344 4831
418 384 3629 4120
509 336 4636 3972
669 140 5418 6300
1472 864 4985 5995
856 221 5242 5018
1951 687 5406 7229
0 214 3167 3983
1148 128 4694 2335
1406 937 3504 2448
631 1171 4811 5270
1730 283 3546 3388
1587 527 3562 3542
1435 525 5170 2459
1779 785 4875 6816
312 1191 3327 3680
601 160 4212 8060
529 825 2546 3987
620 703 3380 2896
856 920 3738 6334
151 433 2836 6489
226 246 2709 4924
1502 940 4658 2631
1802 574 2726 5269
1302 1467 3859 3320
277 277 2479 4890
1885 36 4758 7728
436 985 3698 2377
1118 410 4862 3911
380 662 5061 7503
1477 761 3226 4366
910 824 3758 2445
814 1179 3437 2204
553 1501 2833 3988
1006 864 4799 7419
618 404 2731 5090
360 196 4852 2657
544 966 4355 5226
1446 1522 3787 4582
1154 696 5472 2056
1855 214 5370 3202
934 1257 4673 8248
780 1106 4563 5213
1539 1432 4369 3430
192 1140 4397 2382
1545 531 3782 3003
550 1010 3990 6095
1977 209 4967 7323
274 168 5444 6202
153 13 4500 2130
126 666 3250 7432
1931 860 2786 4140
1750 1469 2794 2196
1768 1287 3610 4175
1713 898 4964 2193
1832 150 4554 5679
1641 372 2662 2912
952 575 2823 7564
1948 1393 3466 4657
1224 1363 4986 3066
835 903 4555 4353
589 1423 3095 1910
1054 714 2524 3066
1248 1042 4657 4084
862 955 2511 4792
1638 1010 3372 6739
1362 1388 3538 4893
48 301 4558 3946
1520 554 5040 3457
522 1290 2773 2163
1451 204 5444 2675
783 72 3100 1919
1163 538 5254 2257
1031 384 5300 3104
269 695 5190 4754
1863 30 3790 4132
61 899 3356 2674
1147 5 3454 1934
1565 374 3962 4489
631 750 2405 5595
888 222 4758 3488
35 295 4752 4991
851 709 2578 3386
991 1086 4662 2320
817 855 4524 5686
844 375 4511 5404
644 1005 3390 6217
940 128 3252 4570
1155 1360 4414 4395
930 440 2928 2419
1798 1217 3735 3674
1672 1235 4437 2055
396 696 2725 3028
341 384 4510 3866
1491 569 4074 2944
1624 1237 2444 7604
498 1035 4102 3265
30 259 4762 6955
1197 121 3093 4353
982 624 4816 2116
116 1408 4556 6787
534 1252 3956 3534
885 805 2588 3932
1691 79 3207 5820
331 37 4784 3888
568 525 4403 5890
1954 708 3908 2628
488 473 3800 3733
1219 526 4610 2095
435 531 3658 4986
954 599 3579 3697
1364 667 5275 4455
1763 766 3556 3969
352 226 5291 5609
1455 308 3290 4496
124 553 3073 4698
1954 1140 5102 4748
1679 865 3846 2067
1889 666 3356 3278
1924 252 4342 2299
265 380 3030 5241
1137 556 5296 2794
115 408 2938 4356
462 117 3478 2182
1056 1098 5287 3498
594 1367 4705 6093
1605 558 3339 2157
1409 1488 3400 2738
297 714 4442 5406
448 1088 3980 4904
740 1362 2868 3409
424 638 4905 2510
1175 396 4182 5260
490 52 4445 4498
1936 1487 4370 2346
1878 1422 4592 5231
335 624 3265 4526
427 1488 3166 3421
1538 1031 4894 3298
1167 32 3396 5053
1642 420 4864 1889
12 1480 3019 4880
1888 1192 3104 3394
3 1163 3763 6037
729 1429 4688 3154
116 989 4642 3058
1154 345 4349 3823
1730 472 3845 4071
1894 852 3326 7245
1269 1039 3419 6051
1715 1456 3342 5372
641 1460 3456 2724
1060 961 3496 1944
1852 468 4641 4634
477 1220 3423 4556
1080 753 4780 4851
1854 402 2842 3038
394 741 5125 6597
912 1257 3445 4202
1037 280 5166 6849
801 688 4022 5302
1321 516 2640 4616
1014 410 3416 2379
482 1044 5320 6383
851 1095 5208 5150
697 504 4681 2597
1863 1238 3609 2878
1978 1067 3373 2229
1146 1437 5053 5889
1847 1107 3250 3824
1762 288 4184 4438
1613 1286 2752 5192
531 38 2455 2405
382 1161 3486 5258
96 253 2596 7024
1608 1358 3159 7137
920 905 4028 3874
1120 837 3109 5564
1261 1262 4542 4925
1883 1233 5053 1993
523 310 5292 6486
1504 301 2568 5237
1729 578 3192 3109
500 610 2539 4050
657 818 4728 7616
1734 1164 4198 2272
1174 1180 2512 2960
448 634 2402 4254
272 250 4042 3774
1129 958 3719 2065
371 1236 3384 7013
518 1096 4695 3747
934 1448 4455 2533
55 1300 4385 4178
356 764 2871 4643
364 219 3747 6304
1182 16 3889 2426
1844 402 2898 3377
1384 317 5171 3840
1139 929 2974 2522
189 50 4380 3260
678 119 3389 4598
1600 983 4642 4525
1834 1351 4144 5277
1662 804 3849 4472
459 264 3795 2918
982 468 2659 3128
1552 763 5193 4293
1812 563 4530 7499
1970 1186 5440 3418
1123 268 3835 3498
628 564 4374 5175
152 1488 4868 2959
1501 374 5402 3302
1348 653 3867 2632
1735 737 4155 2702
148 944 5158 4426
1354 1198 4214 2427
86 933 3884 2448
1344 1120 3494 2906
1542 17 3759 3606
896 542 5454 5289
1018 370 5226 8073
174 331 2487 3666
530 1417 4060 4656
382 694 4532 6290
1449 1311 4778 7506
1426 474 4047 4284
788 866 3315 5301
1955 121 3447 5438
1008 222 4867 4800
132 268 3130 3440
686 875 5056 2784
410 1242 2853 4509
1065 65 4720 6216
1515 1198 3617 3458
1847 747 4967 4438
232 659 4185 2443
1930 177 4761 4140
125 459 3880 6555
1850 141 4276 3419
652 1288 2948 2308
804 1050 3840 7246
819 1167 3936 3191
1369 1197 2436 4714
1341 504 3535 3044
1618 144 4525 4474
841 1150 4782 3010
818 890 4026 5169
348 59 4844 4132
658 642 4153 7709
1906 672 3720 3668
1407 1021 4645 3078
646 488 4093 2231
554 875 2854 4300
45 181 5196 7237
1293 103 3156 5464
1943 485 5354 4579
484 68 4609 5248
1307 1457 5086 7425
1521 274 4066 2849
609 219 4596 2712
373 1280 4228 5324
520 602 3954 3450
1982 671 4561 5931
1227 146 3072 3238
548 1215 3364 2668
116 732 3520 2081
153 709 5212 4647
1672 556 4251 3541
1645 598 3600 4725
1702 975 5079 6979
1003 442 4894 7119
848 148 3733 5154
1645 65 3479 2725
1120 267 4715 2084
1110 372 3404 5368
1315 226 4236 5340
934 507 3540 3487
256 1071 4766 6096
556 1046 3712 4501
457 909 4090 7518
1955 1343 2550 2655
1914 832 4645 5547
1668 1253 3779 4086
1820 541 4090 2310
1258 922 4627 4340
1188 1288 5165 4642
863 1496 4094 1887
1368 848 4790 3662
1700 1127 5138 5130
395 491 5054 3981
1956 1471 4922 4010
1936 457 5277 2022
1210 352 2593 4147
1326 1459 4760 3586
1636 10 5094 3249
426 1480 2998 3488
1225 1509 3056 4642
1306 1378 5371 4480
874 102 4529 2707
698 874 2988 3815
1354 570 4763 5568
807 498 3968 3050
1570 506 2775 3576
740 410 5324 4228
1472 714 3883 2468
1174 1175 2622 7341
1127 1453 2933 4966
656 1158 5259 3460
1249 958 4921 6228
351 1077 4283 6813
46 1341 3954 3285
1206 663 5300 3347
1955 1378 4138 3996
86 224 3267 2088
916 1472 3799 6886
669 27 2803 3630
1893 1248 3126 2033
1026 555 4745 3321
593 1225 3948 4060
959 869 5204 4835
739 678 2653 4668
301 198 5164 6444
1808 1430 3496 4284
408 624 3676 4362
107 101 4837 4262
606 220 4384 7710
914 417 2891 5230
1500 957 5165 2716
981 935 4261 2892
381 940 5268 2054
1546 498 5010 3663
880 549 4093 2414
156 909 3197 7240
466 1304 5439 5850
1794 0 4276 6539
1932 10 3662 4523
256 1390 2549 2611
1124 145 5226 4838
1582 218 4437 3783
876 0 4037 4198
1922 1283 4451 2930
1630 291 4744 2720
82 1293 2788 5876
1649 554 5266 2094
1668 125 4081 5363
1638 1047 4444 4590
1960 28 3200 2213
1848 870 4357 7332
866 1344 5104 2267
704 93 5012 4620
1205 681 3401 5024
808 1182 2456 4730
1500 327 2620 4309
849 665 4318 5155
1248 699 3944 2696
228 479 3619 3326
420 205 3374 2162
559 907 5356 3092
506 1115 5356 6958
19 818 4490 3769
180 454 4875 5615
120 749 4953 4814
1517 1093 2588 5149
1344 87 4427 7343
962 670 3967 2136
1216 279 4196 4217
412 419 4971 4330
686 849 2671 3990
1382 1288 2726 2644
296 943 2585 3860
1764 1060 4387 6571
1960 1327 4396 5969
1865 1217 5439 4357
1572 955 2503 4840
163 1295 5247 6114
1036 869 2696 4757
794 762 2622 5085
320 1457 3936 2588
95 387 5263 4106
212 70 4572 7186
348 1174 4058 8019
374 159 4830 3948
526 1020 3605 4566
441 1431 4763 5224
358 24 3128 4800
1012 297 5198 4761
192 803 4221 4863
981 856 3683 2089
1202 1119 5117 2574
928 1246 2926 7985
1622 692 4347 3393
1440 166 5145 3146
1756 1512 4473 7967
544 639 3380 7092
420 392 2519 3626
646 1062 5208 2026
1334 1476 3486 7027
193 197 2505 2920
1963 1295 2959 4777
479 854 2729 4753
28 570 3413 5405
1316 61 4427 4689
1460 715 5453 5050
747 0 2427 5032
63 1466 2854 4148
1097 616 4792 2242
1896 1170 4632 7672
406 1048 5051 5259
1861 1133 4721 2726
156 147 3208 5345
740 938 3307 3327
930 1420 4136 2320
925 996 4540 7167
249 312 4694 3039
1381 694 2900 3513
158 484 4172 3132
454 1365 3760 4437
1839 465 2673 5143
1387 196 3100 2492
429 1015 4015 3080
560 1130 5221 3508
1342 1492 3242 4439
1477 328 4166 4304
899 1318 3234 3652
1639 498 2772 5369
1177 857 4493 2801
1732 541 2672 6953
300 546 4658 4060
1538 597 4236 1923
168 1515 5376 2844
1932 566 5311 6118
170 1276 5184 2534
704 66 4680 2270
1779 42 5341 8246
1423 758 2941 8294
1702 1063 3660 7685
1014 723 3221 2128
1774 1503 3282 3246
298 118 2423 2616
1450 618 5465 4371
188 318 4821 5326
1468 707 2545 4589
1384 67 3713 2200
1798 1241 4251 4519
778 1065 3891 7951
1718 127 3597 3092
1867 1161 3419 3582
608 1176 2829 6845
217 1197 2837 5916
684 470 2707 4422
1728 238 3408 4819
839 659 3078 6291
1776 1089 3179 2985
1768 1052 3139 5434
1831 202 4015 4818
1548 158 5033 2777
203 444 3704 5232
1165 501 2428 3544
1474 1318 4814 3554
1750 825 3997 3105
245 1038 2874 3931
402 558 2417 2832
1074 516 3534 3868
1747 1497 5143 2247
1030 136 2512 4423
965 1114 3489 3084
226 163 3267 5432
1938 846 2565 5156
913 457 2888 5248
740 20 4310 3856
1772 505 4386 4423
1704 87 2542 6109
970 837 5395 2189
750 1169 3150 3022
439 722 3998 2696
1132 15 4458 3948
972 801 3840 8178
609 266 3268 5583
1908 1491 4506 4986
290 852 5324 3591
1509 452 3716 3684
751 680 4812 2525
1808 680 4373 5409
940 629 2523 2374
557 1210 2678 8163
492 1123 5447 4372
1651 1043 4931 2116
425 957 3081 4398
1001 370 3444 2022
1721 800 4846 2865
625 1021 4516 3384
1369 816 2662 5337
1463 247 5306 7092
1674 660 3961 3693
1248 848 4205 3462
145 336 3441 5099
501 1155 3913 4272
1846 152 4807 5012
1633 1367 4204 3297
748 112 4850 2177
203 1311 2604 8031
1687 1497 2758 2729
928 1034 3285 5291
508 503 4471 2696
374 1168 3242 4726
724 738 2836 2098
424 1017 4537 4316
1250 195 2595 4560
680 1235 4609 4686
1202 564 2892 3764
1315 112 5343 2906
1703 177 3093 4921
640 952 4941 4985
1700 1416 3508 3016
1821 1325 2592 5303
377 613 5393 5407
1940 1228 2687 2103
989 1440 3468 5222
1656 1051 2739 4848
1272 1461 3600 3371
1254 1281 3379 6743
0 504 2816 4904
1840 777 5220 2959
1792 105 3422 3359
188 469 2585 2555
712 207 4984 6175
1674 651 3568 8133
961 636 3714 2465
1962 1318 2730 3408
1825 1097 3934 3235
164 306 2596 2813
489 1002 2663 2864
454 1516 4848 3558
56 405 3237 5271
918 781 4764 1954
1084 490 4539 2119
571 1166 4482 2666
365 736 3290 3176
1803 828 2809 4244
590 1415 5218 3596
722 1248 5086 5202
632 631 4103 2938
1243 499 3810 3447
427 1050 4591 7463
1054 1350 2448 3313
382 501 4392 6009
1540 397 4616 3090
1097 364 4793 7422
1786 795 4653 5047
1784 1020 3054 3329
344 1330 3211 5199
1212 638 4042 3506
318 912 4332 6165
1140 1353 3186 3456
1685 909 4598 3024
1421 428 5094 7176
1657 529 2521 4782
935 1069 4948 2930
404 1025 3450 4882
1789 392 4200 3293
609 1293 5009 5408
340 37 5161 4050
1711 609 3072 4056
163 1481 5418 8001
575 798 4069 3252
1522 1524 4851 2749
1015 177 3304 4469
1864 757 4020 4657
1128 460 3210 3630
333 742 4839 3187
994 687 5415 8214
268 1254 4623 4717
1121 648 5159 4095
1680 654 5207 8289
512 805 5006 4771
1449 100 2552 6317
974 648 2629 3922
595 589 4763 6322
554 1383 2960 6804
702 404 3793 3558
364 826 3498 8039
1706 1366 2410 3744
1616 518 3960 5326
320 24 4068 4874
1450 622 2565 5147
774 25 5418 3358
1852 791 3894 5334
1174 169 4798 2002
285 1509 4981 5934
124 1110 4694 2502
1499 294 4583 3916
975 1254 4235 4750
1717 802 2903 7853
168 1440 4980 3582
1920 1073 4864 3783
1456 192 5238 5068
492 304 3667 7803
807 856 3187 3342
1459 452 2877 3999
588 164 3086 2238
169 323 3084 4296
760 555 3827 4526
1588 324 2754 4510
398 1237 3532 2798
1134 966 4303 5694
255 1375 3798 3141
1922 623 3135 3655
1078 400 3410 3535
1406 1053 2985 1902
1113 772 4054 2477
1944 589 3510 6260
709 144 3833 3144
368 1104 4983 2354
133 962 5031 2995
640 442 3471 8283
1115 458 3382 2108
279 625 5098 4422
1646 947 3061 7999
986 73 3811 3220
1124 256 3142 5480
915 1454 5158 5281
26 659 4451 5413
248 404 4884 3706
530 1177 5279 6959
228 452 2962 2710
618 1292 5223 4150
995 1192 4986 4470
286 986 3754 4701
1031 1161 2440 2956
992 1346 4720 1986
1116 548 2576 3538
1765 1182 3357 2561
1338 1471 5208 6732
802 956 4788 4184
1823 528 2593 2512
160 928 3523 7928
1194 600 4403 7384
431 460 3214 2373
1295 1276 5215 5795
48 567 3018 2127
1427 465 3908 3160
586 1390 4240 6838
612 764 2829 7110
125 1241 4423 5266
1925 30 2492 3352
177 1471 3626 3318
1062 773 4258 5285
768 158 4743 7392
1278 537 2928 3371
1316 1077 3646 3993
852 844 4455 2382
581 1044 3536 2548
6579 9269 949
2374 972 5640 4652
3250 2848 4632 6020
4215 981 5138 7118
1003 33 4733 5798
4044 1865 5166 5933
472 465 5284 4174
1208 458 4713 4275
1623 2553 4964 4330
899 3057 5046 6047
78 385 6129 5412
4128 657 6002 6438
89 1562 5313 7276
456 2936 4549 4748
2234 2598 6146 8794
1544 1417 6399 7490
3799 1698 6223 5341
101 558 5908 8141
860 2270 5253 5720
594 1960 5252 4536
4154 2973 5781 6284
861 2901 6306 5645
127 2680 6334 5355
2003 3650 4630 5624
1953 396 4896 7389
3223 665 6211 5825
78 1728 6400 8390
3370 826 4857 4520
2484 2190 6300 8393
3498 680 6152 4124
1350 2809 4992 4081
3770 2978 5315 4924
4066 743 5946 5484
1365 67 5594 6100
1358 2121 5503 4844
1545 2682 5730 7155
167 1986 4700 4486
2551 3330 5840 5487
408 1273 5508 6525
2245 784 6260 5904
1770 1596 6409 4253
4156 2843 5846 5436
2932 27 4526 4491
904 3560 6038 7151
2790 3273 4585 4187
3256 965 4760 6282
3182 2580 6429 4115
904 2600 4470 9242
3372 672 5668 4333
3140 2640 6432 4623
3945 801 4580 5090
246 1164 5960 6112
1239 1554 5036 5391
225 815 6075 4786
1640 3076 5532 8934
396 1896 5618 6568
2320 2922 6370 8311
985 1501 4412 8611
2694 2900 6527 5320
2681 2838 6190 9040
3150 1524 5349 7814
49 3355 5917 4275
3931 114 6258 6218
637 3688 5760 5152
175 221 4548 4149
276 1492 4624 4625
833 2858 4624 4632
2645 549 5318 7358
1946 260 4629 5783
83 2949 6358 4733
44 375 6094 4628
385 2047 6130 6137
4197 1776 4696 6530
800 845 6452 8430
3701 3539 6296 6750
3367 2546 5602 5163
2153 3613 4569 4817
1800 2796 4404 5505
2086 1086 4730 8652
2618 2632 5154 5566
1052 2762 4410 5807
2583 3688 6089 5857
1812 3393 4646 5991
3760 2494 4517 8051
1908 2596 5141 6215
3200 1842 5279 8900
212 3636 6052 5790
1251 2675 5434 4149
1021 2453 4501 8149
2521 1716 5845 6300
3039 120 5756 6396
3860 974 6096 4454
2880 2965 6023 8424
116 1350 6264 5544
2067 421 5334 5732
3882 2236 6308 6366
4105 1080 5091 9148
2309 924 6394 5130
2138 1179 5415 4974
1161 3684 6356 5800
2130 1315 5464 5646
210 2722 5949 6236
2134 663 5282 7778
1868 1712 4920 5058
2012 2881 5746 4117
137 144 4843 4065
1578 2748 5224 9035
3735 3162 5157 4049
2468 3373 5167 5964
42 1652 5712 8893
917 934 4520 5548
2365 2448 6552 9098
4104 1923 6139 6280
3931 3293 5092 4930
1793 490 5937 5436
3657 578 5936 8904
1986 1929 6089 5278
1157 2937 5812 6687
550 224 5169 5736
3226 3581 6552 7118
406 2382 4970 6814
3929 2760 5768 7382
2970 147 6366 5005
868 3664 6561 4576
3191 3352 5422 4412
500 1124 6432 4162
4125 1338 6027 4358
2123 3143 6004 4261
730 3247 4808 5424
1154 2999 4911 7890
2408 1517 5882 8628
3095 1303 5010 4475
2785 452 5222 5915
78 1249 4400 4450
3785 1251 5772 5945
1663 1492 6276 6499
1140 834 4620 4059
2896 2676 5972 5884
3116 2730 4812 8186
1391 3087 5192 5313
1770 700 5024 4450
1910 276 6230 9027
2376 1408 4921 5559
1642 1216 5236 4808
2506 2574 5801 4642
156 1430 6165 5282
470 2858 6495 5994
1931 3360 4865 8190
1416 274 5859 4761
184 2794 4835 8100
3341 1423 6546 6433
4167 2615 5672 7964
504 2048 5455 5564
3325 3234 5943 4603
130 3308 4600 6829
91 1168 5074 5096
4184 3030 6336 4309
442 2126 5252 4555
1664 3529 5450 8798
3296 1803 5707 5524
718 1684 5844 5013
1028 3321 5698 6093
3848 2797 6369 4704
2622 2446 4662 4428
2177 3371 5849 4068
1996 2207 6194 6113
3844 1213 4440 4270
3745 705 5729 4172
1322 3020 4820 8882
281 1924 4585 4312
3620 308 5281 4273
981 3616 6558 5258
1133 3384 6040 8179
2479 661 6355 4440
3095 2302 5695 9135
1738 1776 5872 4858
3465 1400 5702 4812
437 235 6202 5221
1447 2340 6337 8528
1430 2334 4822 5060
3891 535 5300 9240
1502 120 4914 7807
3680 2746 4912 7838
189 696 5676 6565
2490 3216 6216 6790
4182 3008 4702 4200
2666 2971 6204 4537
832 3655 6488 8693
335 1445 5442 4566
304 158 4577 6211
2250 2111 5242 4130
4092 2720 6544 4058
2495 3515 5404 5672
3461 114 4654 7675
2752 2807 5937 4692
114 800 5660 5138
2062 980 5688 5179
3164 120 4766 8046
2243 2291 5979 6938
3365 1427 4916 6514
3573 119 5802 8088
4242 1806 5718 6166
3773 1268 5362 4320
2681 2656 6004 5046
4160 1832 5980 4788
2755 3264 6000 4130
1252 1072 5480 4395
3539 1656 5015 8408
3262 3005 5868 5624
1825 2885 6358 8557
682 1782 5652 4996
1899 251 4600 8062
1930 2945 6225 7424
3516 2068 5406 4044
2249 577 5698 5580
2547 1451 4547 5571
2814 3200 4602 6511
1810 2619 5726 8016
3321 1186 5167 9030
1670 1110 5686 5671
772 2426 5582 4286
2434 1324 6275 8509
3738 1106 6209 7156
3352 2878 5052 5753
2463 45 5562 8880
3031 896 4819 5895
1971 1090 6542 6933
3780 1488 5372 5480
1600 224 5615 6030
3519 308 5722 6092
2376 1758 5040 4268
1861 1842 6041 5300
3940 1289 4834 6102
143 1831 5740 5558
1570 1238 5995 5721
1267 3448 5657 5760
4247 360 6409 8997
396 752 6448 5331
1561 1901 4728 6034
586 2500 5458 8149
1321 372 4792 5965
2877 3554 6501 4212
420 1160 4407 8130
1214 2110 4848 4735
1412 2843 5993 8304
1274 1739 6453 5322
1045 3442 4622 4767
440 385 4855 4470
1050 275 5901 7472
1965 498 5711 9241
2632 767 4909 5624
2081 2484 5105 6171
859 2240 4451 6516
1358 534 5337 4580
995 306 5924 7665
243 2280 4848 4260
1981 2414 6367 4698
1117 2744 4832 5465
2716 2008 5272 4647
1530 2748 5968 6547
3184 3372 4490 9025
1478 3408 5392 8577
2242 1918 5264 5715
1304 427 6464 6236
392 1494 5370 4269
3688 600 5178 9116
4037 1651 5342 5474
2540 2447 4407 6222
3710 3035 6269 5058
1690 2743 5768 6039
54 616 5423 7712
4064 3004 4834 5106
1818 3662 5875 7858
3801 3386 5828 8856
3604 1686 5011 4738
620 758 6478 5051
362 3517 4896 6057
2786 3534 5936 6598
2608 3061 6001 4295
3550 445 5982 8038
84 3604 5846 6084
3529 646 5972 6028
2122 866 4870 6709
4056 3514 5107 4990
1383 1955 6452 5531
1674 283 4470 4205
3710 493 6047 4146
124 1936 4559 4505
1463 2388 6485 6289
2944 3555 4904 7338
1602 408 5170 7788
428 2433 6400 4570
1380 840 5048 8782
2786 2913 5410 7241
800 92 4456 8935
4215 2074 5606 4553
1285 1428 4762 5415
4039 462 5087 8714
1997 1206 5391 5059
2319 1416 5623 8912
2056 162 4605 7414
2750 532 5350 4616
3888 1973 5473 5753
2940 447 6446 6590
1532 776 4722 6851
1182 1115 5138 7814
521 2032 5268 8106
121 334 6274 8036
4080 1819 5016 7222
2792 2265 5069 4227
1141 2184 5759 4072
296 1944 6036 5936
400 1394 6025 4025
4183 2680 4404 5687
892 100 4995 6357
2605 1190 5546 6161
3660 1544 4455 4964
1829 415 6326 6131
4227 632 6248 6442
1734 2845 4641 6988
2364 1416 5691 6320
143 1212 5484 6367
79 1964 5965 4214
1328 3458 5953 6047
3006 2769 5020 5100
249 735 5133 6140
5 744 4444 4064
1190 3623 5205 8329
2636 2083 6270 4982
474 3471 5822 5679
1997 3650 5894 7904
297 625 6182 6501
3494 22 5648 6222
3209 3178 5808 4402
1070 3688 5622 4644
3715 2977 4520 4462
3003 425 4813 7014
584 3033 6043 4242
3920 3032 6249 4459
2346 644 4806 5719
3736 3060 5761 4199
2210 2573 6275 4859
1650 375 5873 4653
2864 2597 6147 8142
3388 930 5045 5962
1933 301 6086 5875
4096 1764 5413 5758
3026 2691 4833 4999
1381 1232 5466 5476
780 147 4590 9021
1765 3452 5492 8475
2980 472 5128 5493
1995 3330 4453 7150
1731 2126 6120 4489
2555 2629 4780 5252
1738 1241 5754 6168
3242 3272 5893 4951
1968 1834 5476 4800
3032 716 4646 6034
1834 2992 5022 6412
4155 1293 6550 5002
3116 2619 4660 4945
476 2752 6173 5519
520 1253 5827 6570
2991 2058 4730 4940
1048 1945 4715 4346
2343 813 5473 6460
2242 2124 6469 4837
1412 1340 5469 8915
3661 334 5521 6683
2877 1392 6051 5868
4006 397 4461 4188
3919 1002 5236 6475
2957 1575 5108 6163
1744 93 6076 4216
1933 3552 5200 7475
1150 2400 6346 8939
1246 3058 5524 5599
2256 2091 5846 4538
3229 2204 5273 7639
233 171 5184 4661
723 658 4724 4458
3553 1263 4516 8900
3440 150 4643 4302
3276 2986 5258 7140
2632 2564 4428 4300
696 2593 6030 5064
3233 464 6167 9064
3528 1838 5512 5730
280 961 6012 6566
760 3580 6229 9168
2076 781 5242 5152
2446 1431 5271 5863
1800 1392 5969 7379
3129 917 5746 5272
3888 2200 5943 5945
3506 2644 5188 4842
2356 483 4571 7550
2837 1614 5592 4474
2384 3596 5462 4606
1270 2936 5124 7074
2391 577 6012 6177
3408 517 6380 8880
2645 3642 5324 9243
1673 3600 6396 6947
2589 1252 4990 4824
492 652 6153 4320
3789 252 5020 7079
3840 3450 6498 5078
2317 810 4680 7652
1678 700 6496 5732
355 3530 4801 7556
1108 2485 4608 4635
1028 3252 5485 5045
3653 3687 4884 7677
712 287 6400 4460
49 1728 5684 4277
4050 2464 6123 6003
477 382 6375 6819
3586 176 6515 5980
2695 791 5776 6226
361 3030 6285 8644
1155 743 6308 4276
650 3302 5805 8324
2564 1284 6242 6810
1316 840 5211 5512
3499 1130 4740 5494
2795 2833 5620 8889
656 236 5808 5909
2264 3076 6104 5743
1247 24 5309 4913
1308 3040 4888 4837
1445 1408 4948 5718
2992 2705 4675 6151
2628 3019 4750 6031
4110 1823 5891 6073
875 2530 4735 6486
640 1314 4566 5549
2043 423 6027 4104
1993 4 5291 7839
3441 656 4805 5296
3200 2708 4821 4829
1166 287 5680 4319
1725 3488 6477 4869
2148 1313 5402 4120
144 3237 4714 5979
1134 2348 5562 5540
1683 547 4406 6496
2079 2653 4564 5283
4274 1724 5170 4843
1188 422 4829 6531
3833 3446 5089 4246
1590 1839 6515 6071
1276 2825 5268 8505
2446 2383 4450 5575
979 626 4482 5303
1520 3280 5552 4672
182 60 5029 5466
2870 3106 6096 6074
527 3606 6542 5914
3682 2974 5676 5882
2769 1806 4550 4696
1670 2517 5448 4090
3010 2214 5330 8010
594 1118 6228 5481
3332 339 5472 4365
1667 915 5386 8782
1598 81 4456 5693
627 1912 5203 5654
1786 2070 5168 5140
3304 1045 5540 8918
1604 3164 6059 6510
3184 3625 6364 5214
536 3537 6463 5737
1460 2977 4920 4821
25 3090 6509 8462
1275 446 5264 5452
1962 272 5364 4578
1020 2250 5000 5001
768 3349 5050 6766
2952 2736 4498 5322
3626 2819 5494 7623
3066 1621 5731 6036
1337 862 6568 5066
1153 857 4722 6451
3180 3316 5139 6148
2466 2679 6039 5807
3432 824 5561 6492
2988 2299 5012 8941
2140 997 4874 8934
2212 2970 5444 6727
1833 1683 6296 4029
3198 1654 5924 7929
1862 697 4585 4671
2356 2711 6114 6004
326 3267 6343 8652
1093 1909 4486 8123
380 1688 6190 5106
4117 2304 4816 4642
1971 1318 6121 6275
2905 878 6336 6048
4090 348 6269 4615
3807 902 5920 8300
2441 1823 5312 7611
1136 1330 5962 6624
3863 3340 6315 4552
2058 1762 6483 5219
1406 3290 6099 7404
3727 2006 5495 4538
2103 3245 5261 6312
1076 315 4876 7799
1193 2702 5791 4427
490 666 4944 8407
756 247 4824 4156
2588 1603 6201 5734
2019 791 5211 8740
2968 2752 4784 6189
2713 2822 6541 6062
3532 1105 4816 5162
736 1998 4487 8256
564 1996 5073 4755
1357 207 6449 5853
1356 1861 6208 4558
336 2725 5733 4762
2108 2603 6506 7657
289 836 5576 4869
2772 3396 5203 5508
3294 3257 5220 5001
3502 2636 5720 7352
3977 3650 6466 4254
2078 1361 5540 6108
2700 2404 6048 4404
1266 2095 4991 7154
1096 1206 6541 4632
3755 590 5158 5278
1599 1738 5443 4782
568 2922 4564 7768
3542 3529 6364 5658
1086 27 5815 4924
3726 2869 5782 4866
3856 1761 6375 4274
2173 375 6364 7635
589 1226 4630 5226
3230 1811 6269 6933
416 143 4507 6952
3030 1066 4706 4966
208 2117 4530 6207
256 2139 6216 4734
2549 180 6065 5210
1832 287 5390 7050
3934 1672 5250 6194
2137 2417 6220 6270
2052 1892 5126 5150
922 1262 5476 4476
3168 3677 5390 8132
210 1991 5169 4580
2628 1340 5096 8044
3206 1467 5022 7976
74 3238 5871 6564
4127 3248 6298 5424
4172 3572 5183 6358
1029 2888 5914 6394
2971 2084 6350 6157
1120 987 6146 9206
1064 1671 5320 8916
4231 891 5817 6764
2744 2010 5568 5923
848 1875 4929 8724
888 1782 5363 4250
2225 1650 5946 4574
3184 3578 4485 7021
3544 2325 4500 4450
1322 2194 4623 7256
1009 992 4772 5365
3532 2457 5440 5611
3829 571 5523 5413
1940 2530 5035 6138
3190 1259 4640 4236
1033 710 5328 6240
1000 1271 5058 8500
2731 2406 4906 4893
3819 2698 6286 5216
3667 1743 4932 9198
1026 220 4546 5018
1748 3491 5048 7492
2096 1639 5384 8942
1528 1256 6504 7974
4264 2290 6505 8036
322 2576 5652 5827
1400 1 4816 6053
4225 2158 4747 6756
1226 2921 5057 6217
2580 1804 5969 6289
1680 603 4933 6576
700 1575 5080 5228
2405 256 6034 6508
953 2240 5786 6688
3536 1366 5012 5835
1398 1215 6543 4100
1350 1513 5081 8190
1002 1422 5080 6160
632 2190 6086 6104
1477 3607 6476 4718
3077 1314 5197 8574
492 929 6026 9207
2240 2705 4497 4101
2071 3382 6348 5874
5 735 5677 5813
3058 3065 5720 8216
2487 2396 5788 5458
3180 1151 6565 8580
3795 30 5924 8060
878 840 6078 7090
1273 3248 6302 4559
3872 501 5004 6523
2842 2171 4656 4529
1183 366 6110 5665
2528 229 6393 4367
1405 2552 5820 6115
351 1868 5199 7902
2554 921 6050 7969
1727 3502 5720 8482
1092 3659 5267 5598
420 870 6034 5932
4246 441 5276 4677
1716 639 4480 7169
3647 578 5274 5456
714 647 5349 6217
1532 458 6035 4246
1970 1698 5627 4048
2179 1348 6301 4548
3036 1728 5019 5433
3986 289 5488 6910
2598 106 4801 4760
356 2454 6174 4665
3397 934 4470 4824
854 1784 6000 7336
343 246 6502 7438
522 1283 5523 6226
1514 1634 5555 6464
1788 3349 5207 4606
3513 3639 5232 4872
405 181 5528 8648
3441 3105 5972 4765
3412 1581 5564 8264
1320 2084 6373 5666
3689 496 4751 7396
3702 915 5895 4383
724 900 5601 4290
1018 1815 6148 5957
686 283 4579 5268
1307 406 5682 6238
1922 1391 5008 8882
3938 136 5459 5522
3842 1524 5318 7491
219 3438 5830 6726
1104 3415 4432 4898
2566 2846 4893 4298
172 479 5346 4837
3497 2535 4564 5492
2009 1734 4970 5376
72 852 4919 4377
1707 1193 6242 4710
517 1562 4485 4575
3154 2933 5631 6224
4040 2123 4468 4552
181 3613 5539 7472
4084 2764 5414 4556
850 1669 6052 7160
1994 1150 5216 4301
2106 2115 5695 5139
2984 761 5808 4900
2264 1950 4772 6532
300 1688 6445 6014
4081 1902 4954 7028
2394 2515 6165 4658
2928 1389 4520 9104
1496 1102 5151 9075
1961 1301 6006 8433
2279 2149 6067 5338
373 3549 4696 6246
1198 1176 6142 4744
240 2750 6539 4499
3437 62 6011 4410
1272 198 4537 6866
936 3310 4549 6324
2916 545 5135 7374
1123 1417 5344 5900
4215 3500 5998 7228
1234 3231 4405 7304
1652 308 5996 5070
3498 2110 5387 7505
4208 3468 6411 9080
868 1571 4773 8089
3510 1314 5232 5210
4247 2051 4691 8184
784 2256 5930 5655
112 3502 5194 7156
2246 2926 4860 9269
4226 2212 4493 5907
3805 2540 4435 4426
4165 1345 5540 4855
724 196 5932 4168
1570 315 5323 4680
1884 1288 5614 4609
2250 2108 5534 5131
4274 1175 5539 6588
1801 3078 5546 4647
1260 2542 5784 4526
1186 2095 5535 4615
1585 1428 4494 5164
1374 2131 6003 5912
4188 864 5402 6886
3320 275 5994 5520
1634 1734 6454 5122
2428 3090 6315 7774
4210 1418 6332 4512
176 1051 5615 4486
3109 3484 5363 9202
3186 138 4916 5344
3194 2424 4926 8294
1580 2958 5270 4133
2662 2311 6352 4869
2206 3344 6206 4228
3007 3622 6009 5232
196 3166 4966 6222
464 1187 5058 6089
3406 968 5880 8538
2955 1271 6495 4990
184 1413 4467 8729
2465 190 4609 6840
1353 2096 5650 8378
3906 1864 5376 5199
3567 333 5826 5685
1162 1778 6226 6027
3565 3172 5775 6175
1244 1499 5246 6589
3322 1994 5729 5888
1317 2367 6306 7125
192 3243 4608 6450
3812 707 4900 5502
2515 1959 5340 6922
458 295 5463 5898
76 2218 4988 8606
1714 2677 6201 6497
3791 1428 5629 4918
2756 2048 4568 4914
802 358 5452 6465
556 54 6028 8340
2825 1363 4776 4536
1109 170 5807 6539
2040 2290 6001 4784
502 929 5894 9100
2860 1772 5343 5190
1282 459 4819 7703
3747 782 6018 5674
2155 1430 4620 7338
3809 2010 5204 5804
202 3565 4932 5475
1712 3576 4814 9093
1458 850 4774 4872
2492 3184 4758 4773
4070 3411 5258 6809
3908 2520 4964 7382
3008 1109 4454 4817
4210 854 5778 9240
3399 3139 5056 7576
224 2542 4730 6795
3862 1187 4588 5816
812 1106 6151 5527
1547 136 4892 6263
2126 565 5861 4420
1615 3521 6360 5882
1410 1989 5288 6332
3188 648 6487 4562
824 414 5388 5178
2909 1459 5992 5086
2730 2242 4674 4994
2739 3335 6362 6612
3221 2183 4652 4332
1927 278 6235 4900
1117 2753 5307 4179
3500 2926 5044 5378
3316 1251 5987 7820
122 2743 5477 5066
2480 2376 5908 9255
3203 1348 5926 4571
1962 1138 6445 4737
2140 2206 5922 7293
1640 1333 4697 6089
4260 3020 6092 6479
2453 2072 5623 6045
4016 92 4777 8373
2164 1842 6132 5288
3350 3420 4636 4455
1736 998 4631 5134
3596 3612 5640 7789
3450 3418 5681 6356
2882 1367 4561 4665
3837 1746 5012 4337
3444 116 6066 6102
1169 507 5058 5426
1044 2871 4589 8684
511 1741 6300 4048
20 2278 5118 4570
800 333 4800 5608
4 480 6494 5220
847 2993 5759 6548
454 2571 4815 5415
440 894 5844 8134
2064 1024 5137 4110
3650 2818 5490 4735
1086 252 5863 8565
3610 2272 4736 4178
2566 2744 5646 5904
3545 1222 6458 4296
1390 2919 5888 4398
3124 1766 4740 6086
3700 2596 5943 7315
3234 3386 5542 4966
3877 737 5126 8184
2750 3658 4867 4924
376 1950 5537 4896
1296 2436 6202 6370
280 3154 6368 6904
110 1317 5480 4552
3250 3455 5268 5596
771 981 6266 8730
3118 2692 4876 4893
3777 1078 6564 4586
2066 972 5375 6247
2847 2280 5954 4776
2956 358 5231 4506
3700 1607 5423 4513
1287 900 5252 7775
1878 736 4604 5842
901 2990 5293 4644
3298 2753 4880 4659
1674 984 5507 9051
3024 1160 5428 4295
1546 374 4893 4967
1167 2623 4586 4738
2870 42 5168 5295
1858 3413 4965 6251
2956 870 6307 4378
858 387 6326 5064
3824 2210 6034 5963
1104 3680 6492 6923
2917 3067 5762 8044
2464 1127 5692 4534
1336 3495 5102 6124
3069 1182 4796 6014
3276 80 6233 4952
2888 918 6273 4306
1127 3120 6393 5969
347 394 5224 9183
1805 2746 6282 5814
2068 1104 5688 6653
2898 2503 5602 5653
1206 558 6437 6888
205 2692 4914 8213
1671 1920 4658 6105
1253 1440 6430 5184
2797 1619 5689 5454
3035 2546 4739 4742
2987 3532 4440 9217
1211 2588 4646 7589
509 2960 5812 9243
4240 3220 4840 5902
2330 3622 5472 8532
2742 909 5287 7652
1434 2342 5131 8704
1182 1194 5406 6552
1802 1083 5712 5520
584 2789 5985 4817
192 1699 5830 5223
3440 3296 5654 4729
1460 732 6392 8802
2989 1457 5612 4170
950 2830 5977 6876
2797 3128 5194 7696
3753 2730 5240 5308
4173 3683 5312 5401
2780 2022 5550 6595
2754 677 4876 5352
1747 605 6224 5054
460 1434 5155 4336
38 1918 5241 7341
2896 1602 4404 4783
2482 2056 5554 5198
2811 484 6012 5525
1666 2071 6538 6076
441 150 5840 5144
4168 1224 5848 5241
1400 3089 5694 4186
2301 2988 4742 4836
1909 852 6270 4406
2962 504 5790 4692
3120 1540 4936 4025
179 1928 5333 6144
1228 1374 5616 5907
2866 582 4964 7384
3458 3311 6366 4656
3172 2960 5530 5920
4168 1626 4800 4600
863 19 6476 4160
3011 3589 6426 6269
1146 3158 5334 7910
1114 3014 5684 9162
2311 233 6020 7816
3778 2402 5556 5372
1362 2248 6259 5699
328 2116 6568 8312
3168 548 6436 8382
2490 1786 5274 8106
1040 689 5530 4365
1182 1210 5910 5050
1904 1894 4590 8831
2660 739 5280 7933
2696 1690 4635 6544
1337 1513 4652 4304
2226 2262 4423 6218
4228 1472 6358 7226
3976 2645 4994 6110
1468 1672 4567 4307
1448 1264 6153 4461
214 2577 5716 7951
3539 3448 5338 6388
1149 2405 6137 5470
3948 1206 6233 5822
25 2800 6324 6280
873 2466 5366 7806
2630 2256 5388 5396
1930 1977 6004 5018
2690 1591 4559 5192
3971 639 6282 4772
3643 511 5140 6089
2851 420 5246 4989
2083 1004 4650 4730
2511 1970 5187 4283
390 1405 6394 4109
3010 13 4504 6564
1424 2033 4952 6539
2849 737 4801 4656
3472 2656 5420 4891
4184 3215 4498 6868
886 2572 6137 4237
276 862 5124 4350
1749 2913 6350 4488
2595 2600 4836 4609
6963 7519 913
570 4208 2161 4832
2378 3555 5705 6321
3568 1798 4522 4812
4699 113 5247 4253
214 2590 4752 5706
800 2843 1874 5506
67 854 4432 3211
1838 2704 2081 3721
4425 87 5028 2050
821 6430 5934 6725
4378 4780 5118 6382
3161 1032 3610 5813
14 1382 348 2718
2583 1060 5702 7055
2784 647 4460 7458
5692 2616 6620 5122
3506 1682 4140 6188
3912 2726 3990 3429
3362 371 5516 6978
1891 3080 4965 4261
623 352 5998 5473
3212 4018 6725 4608
1858 2582 4848 4699
2876 6035 5425 6058
2118 3724 5658 6942
1443 287 3681 1322
1832 1123 2648 2760
333 548 5700 4655
314 4938 5121 5585
5445 2861 6829 6613
4891 5418 5264 5485
1504 2956 3368 7268
1686 962 1714 3153
3196 1299 5806 6004
3347 5287 6832 5617
5673 4858 6425 5614
569 5310 3504 5823
1409 183 6813 7317
4344 1650 5759 6935
5300 1814 6007 5839
1693 1590 5138 2316
1048 3448 2368 4578
648 4818 1934 6544
829 1426 4820 4980
1604 2633 4871 6808
5396 4557 5612 5050
294 2268 6884 5676
1697 3322 5901 4531
4584 1997 6638 5607
2010 5047 3522 5053
2339 2454 6058 5830
3158 917 6386 975
3386 5046 6516 6136
2752 2643 3122 6581
1096 2082 6948 5852
2495 1213 3473 6366
2154 612 3262 7046
4214 5210 6478 7172
150 5408 6360 5432
396 3056 3828 4949
2587 4281 3657 5574
260 4225 1084 7275
4787 1796 5014 5150
2756 3629 4908 5506
3182 299 5342 2748
524 2205 1897 2512
2936 184 6661 368
476 6142 6542 7212
40 5192 2780 6037
1824 355 6386 4636
1307 3421 4521 6451
2215 1601 4332 3045
572 1706 5020 2626
4179 4532 5587 5970
1999 70 2628 1098
3860 4361 6211 4746
583 1585 1408 4134
3797 3165 6746 7304
4673 4313 5922 5281
3575 2965 5360 6552
5617 708 5644 1165
4458 2668 5313 2844
3460 3373 4937 4015
475 2497 3499 6138
822 484 1818 1614
5 5316 2228 5660
2086 2113 4442 5423
4854 1814 6628 6937
594 1079 3695 6842
294 2048 2534 4440
532 663 1356 2437
3341 1740 3868 4065
3542 6482 4581 6695
548 3113 2552 3791
1438 978 5613 2432
116 848 4882 3428
723 762 5094 940
1332 3071 6219 5207
928 2873 4976 2886
806 890 3750 6261
3568 972 3936 3860
2966 350 6768 2527
492 2722 1145 5634
3629 3684 3792 7051
1462 2012 5666 6225
4480 126 6406 6529
3216 1502 4949 4184
2862 1539 4887 6285
670 1828 4622 3165
2556 1440 6756 5178
1708 2275 3342 3219
4810 933 6868 3940
502 433 4050 4108
3976 4240 6381 5200
1272 5903 4102 6913
1163 214 4130 6738
1739 6550 5693 7515
729 1780 6307 4472
3370 3720 5387 3793
858 6618 5744 6862
2960 390 5764 397
5330 3674 5508 6268
4464 2823 6478 7361
284 1496 5862 3117
6310 5012 6557 6320
1216 1923 2525 6093
5490 2204 6357 3125
68 477 1425 6031
510 1738 3489 1955
3768 3134 4860 5608
2441 983 5633 1335
3909 1173 6409 3220
1632 757 5516 4026
2302 3623 2742 3701
2118 5399 4569 6858
4152 4497 5987 6160
1258 4187 1945 5215
583 2768 5267 6458
3959 3598 6148 3884
2369 4008 6876 4375
4083 682 4278 5448
130 1961 2496 6570
1268 5092 3202 5504
1230 1546 4912 2568
2227 1777 6072 6875
1282 4175 1384 7100
2612 2450 3292 4152
904 933 4704 6548
5828 2657 6788 4315
329 2207 1578 3894
479 3902 3353 6038
2398 404 4328 2353
584 5865 1706 6258
1258 1360 3001 6568
3388 1636 4124 6658
497 466 2565 7316
39 1681 6164 5682
1085 1089 4709 2895
2396 2544 6171 3148
3217 2727 4535 4196
964 378 3485 3054
3318 4697 6672 6122
1301 166 2950 6439
617 2093 2996 3992
1968 2637 5613 5140
2634 5072 4325 6514
4081 1445 4558 7418
4721 3149 5194 5394
4619 3003 5324 3386
493 4662 3326 5479
101 1024 3188 2876
4871 586 5879 2221
4836 104 5257 2206
5400 3651 6132 3747
3570 2300 6429 5775
2514 5204 3637 6293
20 3515 6608 6801
1270 565 6551 4655
574 3322 2354 3867
3164 1704 5836 6893
258 45 4812 2504
1400 2964 2065 3384
2057 960 5411 6903
2534 3861 3260 6363
900 4195 4817 4900
3699 1740 4272 6269
3336 2072 4862 2215
1926 2648 5401 5041
1380 1739 6675 3074
37 2218 2043 3185
148 5085 2982 5086
2657 1490 5506 3507
1989 76 5796 368
4079 1936 6552 4550
910 2012 4467 3040
311 2618 1970 4066
3680 2583 3725 4782
546 338 4158 3332
3413 910 4778 1700
1017 1491 6446 3352
822 450 6597 6548
2838 3375 6508 6058
2370 3964 6062 5648
96 3270 4338 6139
2834 1098 4510 3776
686 2859 1884 5225
656 3234 6773 7124
5674 5084 6583 5915
3714 5246 6147 5611
4250 446 5987 5982
1106 2153 2638 2402
628 933 4566 3821
2574 1710 4100 4334
3020 1223 5138 4261
716 3379 5224 4321
1704 3519 3374 5338
2041 1168 6112 5358
1139 636 5684 2512
1742 1358 6030 2219
2483 2683 3800 3151
948 530 2559 5467
4774 404 6600 5844
1706 1189 2420 2870
1982 2074 3194 2940
5442 2341 6140 6312
2135 776 3129 2805
4862 944 6602 1426
3650 586 5672 3172
852 110 1628 5447
1601 1766 5221 3290
2163 2674 5584 5944
2228 2598 6675 4536
3389 1946 6604 7007
4031 4118 5798 4935
4034 2046 6055 6050
282 1092 3736 4196
612 2866 6035 4792
58 6150 5086 7330
664 3498 3056 5534
984 720 2848 6073
3360 2841 5312 5785
3513 2790 3706 6498
610 1557 5558 5371
1068 1557 3404 6512
1866 524 6860 1408
5239 2561 5400 5077
2382 2909 2403 7077
4600 4269 5881 5616
2992 3243 5930 5882
4201 5785 4846 5841
564 988 6015 3772
3553 635 4532 1191
2082 950 4623 5039
1187 316 4558 7162
1944 5886 4292 7113
4052 2012 5458 2138
3681 6345 6957 7181
4992 3764 6481 3961
5146 880 5556 4444
3200 969 5615 5143
2043 539 5734 6360
1643 4435 5397 5654
2896 6803 4511 6890
4308 857 6118 5019
1758 2732 1848 4622
796 1099 860 2578
3322 5761 5288 6777
351 4344 3110 4396
1684 1114 6710 4786
4799 4426 5860 5621
3124 3565 5302 6813
1856 2729 4484 3004
2508 6942 3106 7109
84 3070 2974 3825
2864 811 5719 2704
3290 3637 4996 6445
4279 2600 5066 6027
524 1720 3689 4880
448 1722 6893 3096
23 3791 1616 5905
3163 500 4537 1128
1270 4888 1956 6380
2445 3024 6508 6847
3050 4754 5946 6635
3098 1631 5813 4361
2552 2672 2975 5234
1040 652 6049 6394
2068 407 3046 5604
2956 1223 4550 1547
4923 3705 6495 5548
5289 5583 5774 5849
5105 2596 6310 4862
2854 4111 4939 6176
2447 1458 3675 1714
4224 4624 6520 6654
2538 3530 2793 3896
1352 1789 5535 5292
1498 1377 4843 5377
3060 2424 6410 5733
2128 5057 3766 5556
1005 2274 4905 5715
258 1434 4140 2832
2750 738 4139 6981
2998 900 6262 1731
2848 1631 4313 6532
1300 2388 2970 6273
3399 1631 5621 7137
910 729 3874 5094
4968 848 5812 2288
1759 4434 1858 4730
3988 780 4809 3018
2005 30 2738 5922
616 1246 1228 6687
1431 6155 5346 6328
2406 522 5807 594
4804 2900 5401 3004
900 1344 5861 4370
1250 4213 3407 7334
296 5344 3746 6478
5698 2091 6564 4118
1399 2818 3212 4149
2317 3444 4753 4709
3148 2179 6462 5605
460 1128 5233 3214
96 2215 3339 3827
88 2163 3853 5366
3793 220 5214 5326
5794 4456 6028 5987
2224 3170 4038 6059
4003 827 6397 5549
1811 4798 5838 7498
407 2639 2216 4058
2724 2976 3304 3493
3112 3360 5401 3537
2542 4760 3108 5645
1249 122 6852 5021
2594 1658 5301 7036
6172 608 6861 2381
944 334 4958 6933
1474 120 1795 3396
5484 4622 6846 6487
86 1500 2424 5248
2159 2452 3056 6259
3327 3520 5165 6868
193 2488 6309 6714
2568 2662 5533 5054
1144 2050 6088 4750
1492 875 5487 6334
498 863 2662 5679
430 3539 4798 5148
1343 4030 2882 4638
1328 340 4754 634
625 187 5001 3412
3017 325 6487 1954
3847 3185 5761 5448
2904 2598 6282 3509
3020 3992 5062 4957
5461 1419 5470 7080
1880 1994 4696 3450
2574 4010 4655 5300
1446 1512 4890 2798
2034 1461 4808 4850
2482 2624 2984 7046
979 1328 3493 7186
2620 22 5939 5364
3730 62 5996 7234
420 1254 1455 1822
1754 1748 1961 4448
642 1024 3715 5510
1316 1210 2594 4102
1820 1488 4301 5276
3396 3721 3738 5864
4502 223 6736 4862
5191 1761 6556 5466
2570 4909 4101 5158
906 4315 5313 5980
1710 2105 5952 4534
36 449 705 1104
1612 4598 4299 5908
5460 1304 6237 4985
1260 972 1888 4236
1676 2288 2237 5860
2859 32 4200 6760
329 5344 3504 6575
3179 4624 4812 5096
3805 2016 4870 2252
3883 199 4334 4258
5227 2710 6898 5537
5124 396 6130 3553
1756 3657 2202 6158
880 743 5966 4124
691 3767 6795 6866
287 3410 4600 7209
4660 1671 5606 5984
5717 365 6391 3481
1319 1795 4830 5004
2515 1394 3402 6922
4610 2450 5146 3167
2444 5230 4491 5264
424 2879 3782 6310
285 1701 6844 5590
2146 2194 4351 5640
796 1360 1387 2100
952 5736 4644 5840
5568 1112 6956 6544
3062 1639 6106 6672
2784 1400 6185 1903
1954 5654 6350 6048
3082 533 3380 7505
4962 797 6536 4403
837 367 5318 4111
4887 3976 6743 5481
1472 1192 4686 6727
967 2144 4240 4441
968 3702 6080 5560
3230 4816 6345 6587
5054 246 6176 3784
5100 56 6389 3471
2551 3000 2750 7263
5561 1583 6420 6434
525 558 1667 2840
3579 3686 4380 5688
3920 3670 4236 6609
1277 4252 2794 5080
3428 1683 3462 3251
668 5096 6206 6267
2254 247 5185 6196
3044 1524 6956 6018
4824 5538 5371 5808
540 1820 6233 6154
1552 879 3834 5911
1102 350 4952 4436
2610 2215 4858 4864
3649 2816 3729 6484
1965 1531 5180 1944
3303 3580 4797 7097
346 1475 3396 4744
5682 3815 6779 5077
2140 3484 4788 4290
386 543 5758 3175
2352 206 5223 3787
1465 172 2114 2672
5117 3223 6207 3492
827 3816 4191 3824
1708 4178 4519 6396
1180 2288 1229 3062
634 1000 6408 4010
172 935 640 3945
1622 5751 4311 6776
2654 6147 3338 7021
2350 2072 3324 6512
1128 2589 3729 4411
4606 498 4988 4924
99 844 4710 1314
4860 4630 6794 5479
1733 364 5430 3978
1798 1056 4656 3755
3036 2595 6104 6673
1026 150 6288 5773
515 5066 3806 5529
712 1479 4501 6858
2751 3314 6744 6919
1398 2351 6101 2420
1322 588 5300 2720
2112 5144 6591 6432
682 144 5268 3962
272 151 557 4691
3678 2111 4522 2720
4786 2074 5414 6948
4985 1268 5558 4086
808 1796 1975 5255
2934 3841 5551 4093
1456 3480 2816 6814
209 1286 5836 4652
911 433 4305 3214
2316 2497 5896 4925
1746 447 2257 7173
4095 3044 6761 5876
3380 383 6506 1221
2152 5116 6662 5996
1488 2688 6644 4799
1283 5422 5933 5815
1279 2688 5254 3945
16 5272 4356 5658
1099 378 6629 4974
546 3366 4666 7469
3626 1896 4046 6964
1692 4144 6513 5124
3922 3563 6222 4588
3577 3976 5064 6162
837 855 4027 4403
1006 4536 5979 6738
612 2112 3697 4211
2098 2384 5440 5914
272 3126 3302 5892
2352 3030 3159 3344
668 472 1972 1853
5369 4595 6786 5178
1873 657 3742 1562
5168 3865 6714 4956
3314 3074 6052 3691
3840 2356 5317 3660
524 1630 6675 6176
836 289 5785 5412
5934 1314 6288 2400
4950 929 6271 4035
4892 2266 5048 2984
766 4233 6615 7106
5827 1724 6327 4902
1416 2543 2100 6760
1348 2258 6087 3151
2853 183 4594 620
182 3742 847 7422
1050 3223 5982 3739
5918 639 6254 1305
843 1190 4182 7507
188 3175 3004 5420
2028 3229 6683 5094
2552 3055 6826 5927
382 2690 784 5004
2531 1714 4587 4709
561 4462 830 5880
1566 3618 3219 3621
498 1951 3776 5634
3480 711 3783 7336
1726 4727 6731 5177
925 5004 2515 6139
418 2518 3592 5178
1133 953 2694 2534
121 4295 662 6669
1735 2797 4286 6628
220 4454 2680 5256
275 2293 5908 3256
3069 2929 3563 2995
5878 3728 6904 4565
1442 3474 6194 5111
1876 3113 2528 4285
624 474 3846 4044
570 1979 2991 2284
1576 1999 5722 5030
110 2222 5686 5869
4617 4562 5431 5345
1808 28 4097 2599
277 4068 2898 4076
208 865 4395 2180
5042 3598 5678 4570
1276 536 3755 904
4950 3341 5394 5175
4632 3822 6368 5624
4762 908 5656 1040
589 3873 3070 5744
4521 735 5922 6090
459 4264 4079 6625
2400 63 2814 5111
3232 3985 3330 4562
1584 1996 4451 6141
454 184 4681 3518
4100 2593 5086 3543
363 90 6004 1009
3508 4647 4158 6400
2678 5758 5014 5963
2878 205 2903 2198
567 6528 2177 6861
242 2642 4535 5840
4856 4201 5761 7114
5046 4100 5224 5315
544 4410 4011 5406
4965 476 5753 4527
3418 359 5447 1850
1532 1175 3309 5595
4768 3465 5430 4585
1643 230 3772 6589
320 4369 3000 6103
3859 3304 5548 3962
1278 2646 4750 7215
422 5861 2324 5958
908 1278 3687 6660
5831 1759 6914 6152
598 313 3622 3756
282 382 2731 1437
3935 3698 4720 5570
2898 5743 3113 6808
3949 336 6364 1064
610 1559 3357 4490
1128 1694 6146 2505
1701 3018 5580 6062
6165 2078 6378 4174
1182 989 6937 4566
2626 89 4420 2888
1838 666 6546 4916
2051 2872 6630 6626
2197 5321 6768 5450
146 1150 4362 6080
3803 1904 6147 4676
1321 2812 6650 3904
180 3218 6720 4912
620 5298 4595 5430
4675 2312 5052 3691
2979 740 6278 4508
1482 5107 6390 5657
3960 1870 5665 5522
1898 2035 5685 4408
3352 3384 4051 6738
306 5694 3079 6540
6694 2135 6718 6746
145 3754 3579 5959
1509 3482 4793 4752
4366 2234 5672 2280
4191 4845 6927 5679
4223 3111 6463 6512
1498 1680 4370 2609
766 1517 6090 5704
1732 1413 1854 6141
1562 796 5710 6690
6445 2180 6788 5541
3636 1821 5006 4988
5002 1270 5006 2318
5743 913 5811 7355
1651 1827 6912 3610
2941 4397 5493 5226
832 190 2036 2067
2093 4660 4898 4665
2409 1918 4452 5674
5165 3388 6026 5767
1926 4187 3160 5478
1476 480 6925 7267
191 5088 882 6430
1229 726 5153 3482
792 5160 5488 6851
2410 3290 3638 3522
2384 4176 5287 4268
2836 2256 3832 6140
2643 2392 5856 5030
5844 2673 6727 3628
2793 450 5475 2644
1245 114 2040 201
2569 1383 2906 4838
780 1920 2634 3698
1706 999 3392 1645
2441 5062 6629 6054
5606 887 6372 2250
1688 4108 5121 4906
4260 356 5355 2044
1650 2275 6805 4175
1330 3114 2929 3140
4503 856 5435 6880
5 1174 6909 5603
2002 5974 4467 6070
1519 2069 4540 5976
1242 4578 4308 5615
1278 2240 5607 5160
2028 5086 3445 6414
2306 3279 6954 4833
744 1816 2179 5708
4411 2163 5300 2228
1040 1141 4596 2048
1787 5336 5588 6456
391 744 1045 4648
146 3823 2541 6052
6586 795 6750 5165
4467 5444 6505 5934
3124 2587 6806 4673
981 579 6492 2152
6149 2754 6609 4440
586 3904 1829 7048
3732 2271 4867 3067
4384 6409 4949 6556
1882 3520 4216 3650
1222 1350 1784 3411
1920 5240 5312 6000
4734 1302 5644 3530
210 5916 1130 6055
1744 1718 2296 5020
4243 1050 5032 2623
4792 1841 5275 6399
3514 2086 6894 4060
2182 3860 6700 4976
2637 4047 6870 6414
4486 3855 6681 6680
698 1855 3937 4509
4847 4574 5841 4789
2860 4640 4604 7147
5746 1448 5901 6422
2084 3518 3047 3716
3498 1341 3536 1902
218 967 2092 4707
3394 908 3894 6826
3309 5383 5187 5707
3571 2727 4123 5022
4971 6322 5088 6749
3971 212 5567 3665
296 4933 3746 7516
3931 5125 5748 6311
2228 3130 3918 3407
4380 2286 4844 4490
1516 2719 3450 3301
2317 2083 3805 2488
378 941 3833 4988
393 3046 1528 7503
195 1854 542 5312
16 246 2330 6352
2871 2310 5390 7137
3951 704 6584 1534
3216 6333 3624 6783
4840 364 5349 1560
5070 658 6904 6515
2056 860 4533 2468
3308 893 5460 3240
511 2775 2869 3146
3984 3478 5801 4118
1423 2025 5446 7370
4083 902 6880 4736
232 3833 6430 4881
1871 1628 2483 2629
3004 3992 6930 4644
133 2795 226 5814
3434 1859 3618 4300
5825 525 6640 3912
4956 6324 5276 6456
932 680 4454 3998
1963 1974 4227 5499
3226 1990 6880 4073
2380 3095 5138 3101
4133 2556 5458 6518
1159 37 2492 1913
3390 4456 5291 6258
3917 2767 4403 5560
3236 3612 6829 5255
265 950 2207 5950
4632 5711 5786 6912
470 1722 4171 5000
178 3019 5976 4078
2127 2316 3076 3753
2496 151 5408 4525
4 2895 4481 6605
3165 4651 4987 6903
3493 3336 5372 6000
3864 817 6131 5704
3184 1227 4647 5770
1784 2480 5293 6608
958 23 1710 2292
746 1860 2266 2411
4166 1663 6872 2192
254 2505 6022 5907
1636 1515 3752 5952
5924 1378 6612 4334
648 2211 6729 2416
4646 3375 6540 5947
1993 5535 6963 6410
2442 394 5896 5033
1576 1394 5804 5860
1615 991 1881 5409
1282 1767 2932 2467
748 6815 3076 7320
1778 5536 5831 7340
526 1556 2648 4084
3038 5773 5504 6288
4574 422 6627 978
1509 1940 4534 5136
3864 3190 4577 5441
974 1780 5667 5353
1006 2713 5162 6208
1773 1651 4121 6606
1595 4092 3098 4310
319 1837 2464 6480
1592 2064 6262 5428
3583 176 4106 1706
4548 952 6024 1062
932 1145 4192 3447
2465 5615 3854 5893
639 505 3086 1490
932 460 4346 4437
1047 5317 3890 6076
246 3154 2656 4274
952 5120 2073 7410
1930 1864 6597 4127
2160 3114 5112 5650
265 1610 5600 3335
116 4033 2277 6571
899 1065 3295 2429
2763 421 3863 6205
6021 2132 6031 3228
3766 2083 6628 6380
1081 756 6098 3178
1566 6154 6398 6866
1763 4078 5301 4978
2452 81 3984 204
2942 4693 6562 6360
3258 1791 3588 5340
605 1185 5219 1585
4682 1177 5696 5533
3517 5056 5948 6446
2118 470 4465 3792
1879 2904 2044 4538
2631 2580 5806 5289
1328 4468 6482 6274
634 1031 4807 1280
2870 1728 6552 7137
2642 5806 3084 7034
6136 6995 6204 7232
4140 3905 4750 6615
6379 1792 6945 5618
3753 1517 4581 6337
3047 1368 5982 5732
1294 4757 3825 5364
1849 2699 4695 4255
1292 2073 2767 5430
4092 3884 4404 4479
1836 2229 5823 6860
2826 1071 6134 2475
1090 1577 6125 6185
172 6408 4685 6909
2996 4961 3885 5048
1450 3322 5287 5748
5 857 4920 2458
1414 3269 1424 6846
1167 1978 6872 5986
518 2229 4592 3040
892 2336 5238 7464
1612 424 4568 2532
1320 3279 3974 4108
1894 4475 3797 4572
1270 553 4066 6241
1670 1755 3882 4560
4129 4412 4459 5337
994 1120 3656 1140
1307 4835 6220 5443
1531 3645 2050 7206
5907 3905 6345 6968
3198 135 3550 3722
1201 344 5924 2258
2224 5060 6096 5247
4996 631 6829 6352
647 3232 6683 6794
3811 5322 3940 5556
5018 3561 5321 5646
2687 80 2754 4102
12 1190 6457 2925
2044 2640 5332 5337
3660 2500 4898 6007
1690 3619 6212 4292
5989 1676 6453 6817
4302 1220 5628 2726
4668 4102 6420 4904
4350 2214 6748 4275
3285 3122 4813 7326
160 876 4672 4427
2256 2428 6088 3617
1276 2834 4088 6228
2430 2847 6960 7496
1884 1371 5532 5220
496 5626 2587 6247
1935 899 6523 4930
3708 2628 4472 3601
868 1791 2996 3634
240 142 4832 3465
3577 2749 5106 5278
334 1715 4254 3520
3148 1539 4483 5226
2454 4183 5031 6955
68 1345 4496 3892
526 654 5264 1055
980 6410 1739 6953
3190 2333 6895 5517
530 4258 4076 4282
309 3639 4810 6880
1515 3384 4879 4102
4139 5100 6501 7071
89 1079 3101 3304
1910 3314 4126 4250
489 6705 2260 7144
2195 2011 5034 5689
1604 5071 3936 6831
1138 3448 4806 6570
2975 929 6330 3619
3119 2769 4548 3708
4875 3377 5037 6366
1215 1713 4404 2189
712 681 3676 5212
3726 1315 5555 6527
2572 1737 3234 3472
1460 1252 1674 2472
4632 334 6870 6260
739 3289 5433 3631
578 3249 6806 6048
3192 651 6261 2312
489 692 4153 6408
1494 1667 4866 5034
2352 1289 5990 4336
5962 2752 6929 2783
261 4444 6367 5984
747 1165 2331 4839
3576 4182 6707 4698
3920 696 5077 1665
2438 454 5778 6018
5478 2174 5634 3125
2340 1411 6456 2899
3876 1550 4528 2558
2586 1566 3594 5750
900 470 5726 2884
294 3101 4735 6781
3920 1259 6847 6376
4009 2619 6064 6667
1069 1934 1155 5044
3734 3344 5967 4122
4475 1848 5530 4087
3310 6111 3475 6580
1968 5928 5627 7389
3744 362 6731 1708
1367 2430 6131 4562
1942 446 4512 2913
596 980 797 3736
500 224 6009 7141
