5
6512 9009 918
1086 1743 6435 3061
2271 1498 5195 8944
3220 1252 5331 3629
1053 327 5087 7038
3130 2458 5809 3983
4360 1381 5161 3824
4077 1430 5214 3944
2715 2102 6261 4873
3518 1292 5079 4890
3924 658 5040 3861
65 2485 5818 5439
45 695 6024 3284
2926 1628 5448 6146
485 1452 5418 5651
2720 1623 5231 3513
1123 2405 6026 4142
2875 2096 5511 6134
973 2368 6333 3541
68 269 5420 4183
4125 573 5362 6104
70 2485 5639 5384
1535 430 5271 6290
4955 1374 6065 5799
1730 692 5309 7834
1589 54 5297 6448
4365 1794 5336 5288
599 2493 5469 8214
936 573 5040 6401
3891 1606 5673 3130
1356 845 5007 5868
2419 2391 5796 4250
927 109 5637 3150
607 1128 5159 5654
760 2495 6277 5922
1947 452 5447 6169
3101 409 6066 3070
3130 972 5306 4878
1866 1024 5421 5680
3482 902 5429 6794
4910 1202 6060 7490
977 1868 5306 8202
2919 1811 6015 3049
677 1087 5807 2999
1943 1488 5030 3409
4195 1809 6342 3198
4251 1574 5130 4151
4954 2411 6051 7510
1832 812 5002 4311
3106 1403 5191 5656
4109 866 5238 4316
4738 2290 6467 8045
2763 316 5226 5578
2588 1257 6043 2889
3401 2046 5428 3039
538 2269 5879 8404
94 2140 5935 5994
1539 2393 5630 5495
2347 1394 5436 2862
3216 41 5310 6056
4626 1208 5377 6677
1700 2272 5903 4003
778 1939 5303 3512
1722 1473 5440 3755
4776 37 5239 3734
4872 2123 5974 4653
78 866 5180 5039
4890 1359 6484 4790
243 848 6157 3250
16 1700 5459 6450
3114 2316 6200 4620
3442 2369 5618 8138
3081 834 5039 7425
49 1647 5260 7092
3044 1963 5010 4503
3608 1436 5090 5445
1388 677 6455 3038
2705 714 5019 5880
3441 2384 6394 4492
4332 1004 5183 5533
1417 1716 5090 4418
268 2032 5289 6771
3574 8 5271 2947
726 2457 5490 3371
1418 506 6200 3044
237 356 5650 2934
444 1865 5663 3070
1330 2004 5360 3845
963 273 6237 3168
4224 1224 5138 3533
3956 639 5214 6279
2849 1275 5331 3996
4622 625 5177 5165
2358 1865 5870 2964
2652 486 5302 3706
3874 190 6315 3198
3439 1833 5096 5966
1148 2085 5582 5836
3394 1719 5432 8677
3474 1518 5084 7636
3180 2262 6417 3482
1578 991 6004 3288
3980 1516 6015 3174
792 1118 5397 2958
1209 666 5061 3202
2864 1839 5120 6316
2742 1299 5046 4142
1194 775 5256 3435
324 219 5004 8648
75 1510 5453 8426
2145 1146 5327 6280
2442 2177 5507 4083
1915 2400 6186 8248
4269 1953 5306 3027
4338 2189 5674 7172
2765 468 6165 2860
1895 239 5307 4405
2034 960 5369 3534
2031 1015 5042 7445
1410 983 5275 3667
1088 2107 5657 4321
2914 1262 5036 2998
2490 1466 5806 2975
192 573 5191 4227
2402 2362 6146 8708
2510 2266 5625 4528
3898 2126 5920 4677
4419 2327 5535 3930
3926 404 5140 6162
4954 1445 5618 3599
2851 612 5352 8904
520 620 5057 8599
2781 2195 5661 5683
3753 2330 6448 6180
675 233 5307 3510
735 444 5327 6451
1845 1966 5644 2848
2474 1663 5792 2827
1819 2294 5943 8918
3409 1553 5312 3430
1058 1387 5448 8079
1818 1378 5276 5769
130 2070 5508 6973
1586 1825 5354 3500
3985 2427 6338 3698
4328 872 5315 7319
760 1653 5293 7437
1054 1692 5274 4997
567 1801 5011 4332
4155 172 5621 3050
3580 1457 6151 3230
3740 2455 5851 4116
3399 908 5149 3317
1810 79 5001 7890
1895 771 6106 3326
2260 388 5182 6684
2199 1144 5208 3459
1166 1795 5346 3880
1216 1052 5049 8395
1828 1475 5396 7971
2962 580 5630 2990
2291 2069 5545 3403
476 127 5367 6473
3254 1820 5232 4178
948 153 5378 2992
607 491 5439 4834
4428 2184 6047 5224
3607 2120 5844 6490
4871 513 5513 8985
1003 2375 6073 4018
2403 48 5084 3879
4222 40 5894 3260
1363 2405 6480 3912
1999 482 5025 8245
2075 973 6030 3207
3562 457 5561 2838
3346 2168 6351 4082
3971 2294 5758 4764
1861 531 5020 5245
4891 2113 5709 4020
3690 1146 6202 3129
2903 115 5327 6402
139 233 5379 7952
1272 772 5375 4432
2672 957 5373 3655
1471 2000 5445 5106
2655 2137 5955 4266
580 779 5385 4330
3253 1175 5345 3304
4326 996 5285 5883
3183 577 5087 5348
1134 2428 5964 3591
3861 1893 5115 2950
4527 793 5133 5840
649 738 5567 2889
1332 150 6120 3121
1182 1550 5655 2920
3894 922 5093 4558
2771 1382 6043 3155
2128 1774 5252 5646
4161 1375 5012 8848
1368 14 5628 3196
3232 2206 6051 3736
255 2493 5664 6070
2757 1824 5211 7794
2674 2141 5608 5519
2144 939 5105 5304
3467 1511 6246 3140
2728 1432 5097 5975
4512 401 5348 4779
558 2397 6055 4195
4674 2270 6408 8256
4125 2175 5544 6536
966 770 5297 4659
2777 454 5401 3669
2283 1983 5139 4085
1491 2253 5956 3429
4274 371 5057 8254
4382 860 5306 6094
4646 2332 5740 5010
88 2452 5761 3374
3591 346 5260 5746
3669 1892 5424 8070
3964 1437 5797 3009
1103 1031 5462 6034
2508 2486 6410 4122
2335 2485 6146 5624
1277 566 5313 4253
181 1164 5815 3299
1628 1850 6504 3116
4959 828 6461 4610
2001 11 5322 6145
774 1664 5268 5319
1789 1195 5473 2920
4407 2494 5615 7902
4385 1024 6466 3008
375 1020 5218 7656
3864 99 6334 2876
4490 2400 6283 4530
92 910 5384 5707
3748 1860 5462 4254
7 1850 5183 5927
3354 763 5235 4053
2913 1819 5365 6415
2711 1485 5079 5381
454 1038 5105 3384
3949 695 5260 3261
3909 968 5292 7914
278 2473 5559 4108
2307 2420 6503 4297
4908 1738 6183 6483
2173 2155 5883 7477
3251 2268 5942 5976
3688 763 5319 2830
2017 182 5113 5616
1964 1608 5219 5491
4131 1594 5315 3699
4749 574 5441 3344
4062 1321 5454 5101
3713 1759 5276 5539
3130 1631 6101 2908
1640 2278 5893 5577
3070 1385 5190 4238
4290 1593 5418 3234
4305 636 5122 5116
3716 1187 6256 2826
1014 2150 6213 3629
4921 1128 5732 5256
3928 2199 5925 4385
2103 588 5162 6262
501 481 5183 8715
3176 719 5263 4530
1233 1631 5462 4911
2170 363 5047 6310
3443 2160 5712 6232
691 2260 6195 6905
3288 527 5190 5436
4824 2380 6077 4572
2353 944 5372 6196
3578 737 5446 5625
2052 422 5330 7288
2757 1893 5231 4593
2817 66 5349 4839
1267 1014 5141 4259
3862 298 5214 5385
4022 4 6344 3216
760 1722 5267 3172
761 798 5199 4879
1153 1595 4990 6522
3450 313 5291 3952
882 1727 5031 5238
3495 149 5513 3038
128 1225 5567 3264
3417 1333 5188 4826
3717 509 5406 6747
1932 908 5257 4996
3841 601 5271 5547
2386 390 4996 3485
2562 674 5638 3233
3642 1242 5231 3074
1636 522 5074 3782
2941 2356 5994 4470
2221 209 5094 3044
4705 1633 5035 3494
344 1070 5226 5045
2883 2436 5680 4642
4824 519 5066 3093
937 1497 5957 3002
2861 271 5336 6321
1341 1619 5996 2831
2236 376 5217 7553
1559 816 5637 3189
2103 914 6432 2850
3604 2347 5603 3513
4848 1039 5379 4852
3070 1003 5179 8460
182 1930 5052 3908
2804 178 6190 3046
4565 1125 6461 3125
1734 1851 5387 7304
4494 1229 5019 8180
4491 1518 5388 6335
3329 143 6340 3298
1779 2215 6293 6008
2272 1671 5433 2844
3935 925 6423 3028
4969 1156 5799 5751
2736 1837 5788 3168
3888 179 5408 2958
1918 1568 5173 6403
2359 795 5415 4027
2987 171 5373 4497
1757 92 5128 4712
4759 1571 5612 3089
3516 1370 5272 8280
2689 918 5205 6830
662 2238 5550 6426
3320 77 5442 7251
3854 920 5239 3190
336 1883 5132 4381
3496 1042 6237 3274
2917 1445 5718 2866
3569 1301 5363 6217
1645 2127 5527 3577
3504 2074 5971 4482
4585 1466 5186 2850
4366 2247 5634 7225
3313 771 5075 3374
1504 2505 5669 5256
4952 1429 5709 4976
2337 2409 5574 8464
4958 1122 5943 8402
3218 194 5161 3554
3642 2226 5717 4921
4836 2293 5842 4884
945 413 5377 4247
1289 1708 5637 2856
3148 2347 5613 5493
697 1052 5072 6310
3749 2088 6177 8178
2858 1280 5145 7755
827 969 5431 4667
1120 1503 5287 5003
960 1988 5001 6171
1837 1696 6186 3073
1878 136 5288 8606
3599 2159 5468 5355
336 782 5412 4246
1971 918 5323 8050
4638 2161 5609 8144
360 1753 5046 6882
2773 274 6095 2909
3096 598 5388 5291
3367 175 5054 4766
320 1710 5128 3501
4385 1846 5033 5874
12 328 5265 8055
3765 1256 5136 3721
564 1370 5341 6456
2654 850 5439 5751
1401 246 6257 2880
4407 907 5232 5378
2925 2057 6135 5282
1613 2222 6306 5573
785 1 5411 3271
2650 564 5708 2822
4849 2411 5618 6089
554 1056 5111 4916
680 1682 5413 4410
1027 1323 5350 4180
3415 330 5333 8768
1982 347 5067 6234
4682 90 5235 6711
782 1370 5175 4589
4908 285 5873 4202
2461 600 5214 7540
3813 1656 6424 3261
758 36 5083 4786
2666 1159 5311 6009
2656 2138 6063 4761
4762 1515 5406 6494
2173 540 5426 3098
4734 2422 5531 6459
1965 1583 5881 3122
1641 955 6241 2859
3722 628 6249 3044
3490 1200 5418 5773
3505 2151 6010 8385
2143 2424 5740 4920
468 1252 5346 6163
2042 2097 6219 5089
569 2236 5490 4455
3887 722 5229 5921
161 2406 6463 3800
4425 2456 5887 6890
4873 92 6462 5778
4332 2413 6006 4240
1971 1925 5097 2865
1731 2135 6395 5607
2384 2093 5503 5268
4485 925 5091 6296
2935 477 5357 4441
3342 2239 5703 5810
1257 1311 5112 6352
3864 2259 6111 8679
1353 432 5173 6252
2006 1012 5345 5523
3584 2330 5782 4408
3586 1233 6364 3190
1232 78 5212 5128
196 2112 6404 3384
3736 57 6163 3113
1746 2220 5659 3737
591 2382 5980 3807
3066 1050 5090 8215
4655 2389 5674 5283
453 399 6478 2858
4890 1306 5607 5693
4010 1197 5186 4403
2383 492 5189 6325
123 1216 4997 6624
2177 179 5082 5330
675 1649 5333 5330
3527 816 5459 4589
2136 1140 5020 6557
1002 1597 5339 4687
3806 2145 5707 3455
2581 1072 5238 7350
3120 709 4994 4862
4487 462 5014 5064
2793 946 5376 7623
1230 2491 6312 7453
4760 971 5060 7601
3663 1418 5245 7657
2829 1685 5229 8556
3308 2341 6029 3962
3231 1785 5522 3227
1093 837 6330 3255
4049 2454 5831 3767
4628 645 5200 4298
384 359 5175 4352
3597 38 5382 5677
3754 94 5075 3446
2324 547 5014 3823
1317 1711 5005 5548
2730 1881 5059 3899
3320 2233 6170 4385
3583 312 5059 7649
1368 1266 5681 3167
897 1917 5302 3562
2718 528 5404 2972
3863 1696 5446 4684
2240 978 5019 5467
1896 2466 6184 6502
4892 829 5478 4873
1572 2127 5538 3588
426 2440 5982 8950
1045 2021 6254 2998
2795 1135 5746 2990
4345 933 5387 5965
3095 1835 5122 5577
1902 20 5133 2978
3595 1352 5192 3682
1001 1112 5516 3237
3218 1476 5199 5358
2787 912 5575 3097
3560 1197 5381 4351
342 917 5133 6146
962 1583 5127 7990
1222 596 5678 3287
174 698 5429 7215
4380 752 6009 3322
1692 848 5137 4838
1106 354 5145 5629
2971 1232 5423 4880
2837 28 5656 3214
1731 1726 5245 6960
3395 2505 5908 5933
316 551 5149 2880
1450 512 6198 2918
205 2507 6026 5406
4500 55 5218 6848
2456 950 5407 8947
3685 552 5046 3267
3180 2265 5693 5222
3532 2487 6130 6185
3806 1120 5030 3370
3895 1054 5301 3918
3108 2322 6162 4937
1392 1951 5389 4293
1500 1994 5008 3428
2935 617 5424 4549
3420 1016 5430 3920
3528 32 5452 5843
2445 1773 5435 5346
1166 2370 5981 3477
4320 1320 5076 5816
595 932 5022 4012
1492 812 5013 5168
1501 2322 5489 5950
2814 2013 5379 4463
106 2379 5780 4370
2345 1992 5098 2817
834 1772 5964 2916
4884 310 6478 5159
1764 109 5297 6004
2858 660 5841 3022
2412 2013 5000 2920
3012 205 5363 3591
4764 1370 5412 7530
3493 1871 5081 6326
443 22 5751 3001
3447 666 5359 3077
1885 1879 5180 6234
4289 2086 5499 3393
804 2267 6330 8118
2678 1675 5411 4506
3267 2187 5791 8218
3392 762 6359 2852
2006 1382 5367 4220
487 114 5061 7168
3689 307 5527 3305
1858 348 5027 7650
1878 330 5021 4427
4616 549 5029 4097
2739 1633 5136 6468
2040 2224 6401 4347
3759 1825 6376 2955
2360 1971 6417 3030
3644 1908 5414 6470
2223 2258 5481 7713
4537 2144 6466 7300
1608 946 5332 7744
3607 1167 5104 3974
4556 1223 5245 5994
4362 1301 5263 5880
4649 504 5169 6029
3252 1269 5360 5706
1090 87 6182 3103
3690 451 5345 6004
4952 1526 5568 3335
4953 726 5886 5374
3169 795 5331 3369
3004 1065 5348 6548
4843 2337 6345 3666
4606 121 5247 6276
3839 768 5910 3150
3319 2178 5667 7502
1881 2291 5479 5472
124 54 5064 3160
886 2350 6283 3759
1550 1621 5318 3171
4789 635 5208 5908
4623 1827 5353 4753
141 2352 6346 5217
3095 717 6492 3116
2685 362 5214 3813
2296 1764 5297 4015
2131 206 5186 8538
380 201 5328 3657
109 2343 5584 3363
1381 1664 5968 3330
3610 172 5442 6172
906 483 5080 6040
3798 931 5627 3285
4752 1200 5440 6720
3444 1783 5399 4725
2584 1325 5404 8092
508 1755 5718 2824
1119 1390 5130 8130
2952 2193 5886 6112
2329 2180 5851 8319
1247 1157 5009 6319
3643 708 5089 3399
2489 2345 6133 6394
897 1694 5364 3194
438 1823 5069 2932
973 1042 5112 7260
1038 2319 5799 4016
4864 870 5005 4941
515 1128 5000 4344
835 2228 6313 8822
239 1532 5208 5004
2870 791 5214 4195
3750 377 5236 3645
2005 1392 5319 5772
2241 1572 5054 3287
202 2470 6391 5323
1569 2316 5848 4380
3782 1816 5978 3093
2101 344 5025 6886
4466 2410 5873 6890
3238 992 5547 2834
808 1166 5055 3854
894 1821 5306 4976
3164 178 5288 6169
1971 1472 5457 5503
1195 1647 5242 3375
961 355 5415 5720
2372 2104 5472 3340
622 1170 5133 7239
4904 2057 6276 3542
2070 1544 5335 5463
3954 861 5357 6183
2940 505 5023 4590
1296 421 5456 2874
3076 2165 5682 4388
2990 1553 5381 7190
1146 1713 5081 7830
2703 1535 5160 7056
3953 1522 5273 5355
1038 787 5360 4675
4504 2394 5896 3731
201 1498 5350 7958
4751 927 5358 5713
4349 328 5289 4340
1171 1534 5031 8753
3263 2211 5809 3892
4456 1283 5094 6301
2831 2373 5646 7222
1089 733 5315 5942
3720 691 5112 3050
2099 1301 5247 3404
2667 948 5108 5869
3566 702 5160 3184
1518 1755 5473 3233
3891 941 5513 3135
1074 2215 6211 4413
2578 2171 5684 3836
4729 210 5177 2826
948 399 5211 4744
1176 2232 5877 8524
2316 1570 5365 8575
3104 993 6379 3298
1422 1236 5244 6855
2878 75 6417 3279
4881 875 6309 4119
1211 2361 5930 4764
929 731 5457 4583
1758 2230 5990 7362
4256 960 5124 3833
4632 688 6105 3282
523 1985 5133 4867
2122 1650 5263 4379
1097 2005 5922 3305
533 2151 5674 5830
966 1046 5255 3039
1422 1487 5481 3126
157 606 5115 5504
2569 139 5019 3715
2797 95 5027 3830
879 1904 5378 6376
1060 950 5392 5728
4853 568 5154 3667
459 148 5370 6190
3928 2044 5046 3286
3330 2142 5697 6141
3216 1496 5359 4986
4051 707 5217 3565
2578 1036 5306 7697
641 729 5321 7301
2089 1825 5134 4804
3375 340 5324 5841
4917 1303 5560 7621
1428 1307 5178 4531
2376 1189 5278 5503
4683 1306 5387 7972
4889 1407 5584 5844
4402 2309 5477 7622
3344 2132 5788 6315
1278 2110 6330 5889
1205 1266 5440 7122
2705 1893 5031 6925
3382 1095 5986 3031
1007 158 5736 2942
2424 168 6401 3102
3854 305 6163 2943
3380 1796 5801 2982
4111 1784 5407 5322
3517 1547 6306 2903
2239 1276 5178 7984
1863 2145 5862 5253
319 210 5361 4301
4101 929 5451 6274
621 878 5001 6349
2924 1989 5434 6473
1820 2080 5695 6115
4097 111 5174 5347
1091 2372 6060 5610
1824 315 5226 3869
169 1476 5395 3565
1881 2196 5888 8223
3679 2 5131 7774
1649 2290 6135 8396
1213 819 5578 3304
1428 2064 5753 3570
3299 2317 5964 5093
3513 775 5349 3199
2835 659 5040 6399
2947 258 5165 8911
4006 2228 6338 5694
3114 512 5331 3738
4257 1107 5183 3283
2290 2114 6321 6480
79 2240 5959 4178
2399 2161 6405 5085
1655 1842 5235 3401
4843 2186 6016 5147
845 2455 6354 4040
4185 95 5276 6357
2008 339 5070 4310
4563 1800 5158 6133
2303 363 5344 3007
3579 1378 5151 6278
1692 2480 6146 4928
3694 2339 5892 4285
3598 1377 5895 2838
4252 1895 5052 4375
2343 471 5018 6347
201 2440 5895 6231
279 1916 5287 4183
4880 681 6088 4490
1370 1618 5022 6459
1846 1746 6486 2965
871 1865 5381 5526
1788 230 5275 6347
3836 1394 6465 2901
3194 408 6457 3256
485 1795 5070 5816
1109 382 5049 5181
4819 1562 5201 5334
3157 1029 5410 6103
1265 44 5917 3100
1824 2445 6302 3451
772 527 5421 4778
409 726 5175 3958
4491 1328 5461 6347
1722 548 5340 4449
1139 644 5391 5396
3645 685 5432 6474
216 2116 5631 6349
258 2149 5907 8464
2532 2070 5636 5834
1231 2041 5078 2947
1913 1544 5394 4966
1320 2135 5994 4056
1445 1875 5443 3945
4657 1225 5056 3169
4270 1732 5160 5150
1758 2271 5777 5710
2174 1306 5014 8525
4909 807 5798 6183
3697 2423 6284 6404
931 61 6360 3196
2007 951 5310 4064
3078 2393 5762 6184
551 2132 5906 3964
3903 1011 5281 6060
3859 801 6294 3231
4905 1271 6128 3771
2405 1627 5012 3859
2285 1561 5182 6180
3825 224 5213 8175
3860 960 6003 3183
2307 1388 5054 8342
2894 2012 5131 4694
4968 590 5594 6192
3473 1591 5259 2871
588 1574 5366 5448
152 1917 5364 3028
97 1762 5223 8207
2262 2133 6291 4332
1378 2224 6090 3964
1790 539 5414 2961
1910 114 5814 3030
965 671 5172 6050
224 1076 6306 3297
2147 2307 5618 6661
4632 2157 6193 6788
4726 242 5661 2916
3387 392 5455 6690
1227 585 5173 6063
1420 474 5439 5599
4644 2457 6123 5148
869 1737 5289 4122
1577 266 6037 3237
4345 291 5199 5284
2486 1601 5257 4747
570 543 5525 3096
541 2356 5765 3567
4065 2229 5664 6262
408 726 5393 4082
4440 2324 5528 4551
1270 580 5256 3594
221 191 5154 6868
1851 1543 5094 3613
4886 1708 6185 3397
2991 2489 5802 3949
834 1413 5337 6152
1029 1075 5036 4996
886 2327 5474 3345
4921 1152 6330 4158
2907 385 5385 4476
1599 2211 5883 5607
4219 1490 5392 8248
4789 1793 5107 5573
2769 2149 5519 4389
2799 2398 6126 6321
2475 2034 6191 2818
2323 540 5313 6978
2996 1737 5059 4062
1590 1338 5452 3752
567 71 5148 7019
3013 694 5200 3100
4532 1178 5263 6173
3697 2302 5580 5096
987 2402 6208 5608
1370 1704 6442 2971
3076 2231 6018 4801
3858 2413 6151 6272
1986 2499 6005 3776
3030 2316 6164 5091
1294 2351 6105 7902
402 1959 6039 2934
21 745 6381 3001
3852 1780 5326 6532
101 561 5025 3795
682 2138 5824 4640
2698 1638 6135 2846
2979 1760 5098 6650
3365 615 5255 3077
3546 821 5292 2974
412 1398 5244 3366
4456 1840 5080 5666
2646 1401 5424 3294
3351 1145 6492 2943
1815 440 5131 5832
574 891 5221 2937
576 731 5265 5474
3572 1202 5119 5245
207 1651 6247 2861
3672 154 5451 4834
1746 116 5041 4639
1976 1940 5200 7041
2084 2013 5120 5179
4784 1569 5292 8527
2545 144 5324 4500
2093 206 5061 6398
4256 2035 5900 3100
510 375 5207 5779
1512 267 5044 4207
2565 1386 5704 3177
4284 704 5304 4423
3556 1391 6504 3117
405 693 5355 4505
4626 1583 5055 3582
4703 2336 6344 8888
4149 2483 5709 4821
1338 2317 6185 6044
2871 707 5162 6614
2879 2016 5245 2834
547 2287 6182 6048
3543 1084 5127 5614
1209 1667 5262 5393
3783 2045 5420 3474
1234 2494 5648 5848
178 1375 5171 5592
200 2075 5512 5141
1308 2103 5616 7089
3374 263 5154 3563
1562 1745 5305 3441
2134 2305 6501 3527
3690 1050 5448 3132
2841 1360 5257 6123
3021 2062 5751 7170
4874 1670 5549 7647
3401 839 6012 3244
696 438 5394 4408
4401 1337 5329 7045
4638 1837 5437 6498
1530 372 5689 2824
2625 254 5448 5146
2747 2163 6170 5962
3639 597 5462 6459
2773 1400 5356 2939
4141 646 6328 2972
3470 540 5103 4506
2110 605 5341 3031
3901 2145 6372 3373
2241 453 5448 5112
2833 570 5347 3728
4445 1773 5292 4470
4599 67 5090 3703
1349 2155 6142 6575
2644 960 5387 7244
3233 2131 5963 8663
4266 1834 6436 3325
2116 872 5135 6436
279 636 5429 4493
9443 6486 943
6624 654 8343 8245
2205 4911 8240 8738
5584 1212 8156 8032
6996 1733 8339 9091
1157 108 8281 9315
1494 3646 8316 8717
7474 4617 8643 7847
6468 2686 8153 8979
5598 6654 8103 8959
6550 4817 8275 8493
4316 4358 9018 7821
6154 7401 8957 8330
7568 4858 8109 7868
135 1611 8112 9433
5814 1501 8414 7840
2827 4531 8052 8802
2485 5438 8371 8744
3772 2413 8331 9275
4131 4602 8094 8080
4146 544 8070 8592
4222 921 8311 8395
4454 6002 8243 8415
7899 7387 8596 7837
6791 6092 8164 7906
66 1868 8103 9030
4708 6256 8181 8346
4991 7089 8262 9141
7793 3474 8154 8101
1826 5112 8642 7776
1256 1736 8342 7968
5048 3187 9430 7804
6708 6765 8302 9009
4150 3940 9272 7813
2052 2690 8121 9296
7916 658 8144 8646
3020 3040 8052 8446
5381 4002 8209 8356
5676 665 8184 8766
6323 1793 9098 7808
7428 6971 8370 8450
6185 6190 8104 8491
6510 3921 8321 9179
7929 3980 8332 8460
3844 3530 8084 9220
2778 5015 8755 7824
5181 6973 8905 7810
6750 6573 8080 8168
6805 1838 8340 7985
4838 6613 8095 8406
7031 4968 9388 7770
4744 6897 8366 8500
7762 4212 8144 9194
5758 1296 9168 7842
7575 4606 8342 8343
5246 426 9068 7813
3469 4441 8577 7853
6241 2835 8256 9384
2160 3120 8120 8144
5630 2853 8117 8614
3663 200 8072 8424
6011 4595 8544 7764
2458 4169 8109 9341
486 1648 8141 8153
4346 440 8261 9072
7686 616 8142 9296
5586 5702 8485 7796
1996 7126 8252 8570
4248 2463 8076 9050
3694 5900 8108 9407
7776 5076 8286 9385
1256 5055 8203 9189
3860 3325 8066 7965
227 665 8221 7970
2840 1764 8340 8872
1231 2791 8184 8225
7039 5777 8039 8164
4206 2176 8265 8795
7510 3382 8065 9194
7020 6565 8544 7842
7056 856 8225 8844
7388 2683 8962 7828
3033 7244 8174 8590
4750 724 8173 8072
1852 6927 8184 8719
2688 1521 8041 8852
1215 5570 8239 8834
4941 508 8235 8329
5216 833 8104 9304
2702 2852 8360 8544
6459 5757 8292 9150
1911 6515 8100 9028
2263 4942 8224 8762
4487 6916 8049 9302
3469 3670 8371 7992
1699 456 8489 7821
5877 146 8084 8455
1208 7399 9442 8294
7097 3458 8163 9196
6344 1024 8167 9035
2458 6561 8352 8883
973 7374 8986 8204
2627 88 8324 9411
299 6195 8145 7946
456 2522 8124 8924
5625 1750 8292 7993
4692 1936 8261 8216
4070 1798 9402 7806
7130 5944 8294 7998
5267 3178 8220 8123
2271 3170 8335 7977
6590 2323 8306 8150
5579 2670 8184 8100
7718 6720 8373 7836
6749 4160 8718 7796
2315 2558 8356 8867
6669 933 9025 7818
2743 3740 8276 8485
1176 5679 8066 8042
6695 6950 8082 9120
3765 6792 8200 8343
2160 6251 8306 8834
570 4777 8057 9430
1948 4494 8295 8600
2716 5506 8273 8723
4620 3353 8164 9189
7552 1440 8372 8667
3662 6177 8355 8091
6374 3631 8306 8062
3494 5942 8370 7925
6132 5679 8112 8814
2904 1816 8328 9092
78 4256 8216 8679
6746 3128 9228 7832
471 6183 8340 8752
1005 533 8214 8649
647 6184 8346 9437
5572 3372 8142 7946
6296 5484 8300 7948
524 5970 8360 8118
4597 2756 8354 8377
4429 6156 8404 7822
99 2161 8218 8208
5307 3836 8332 8220
7489 1329 8108 9164
7698 551 8088 7866
7152 6035 8064 8800
3284 1044 8185 8412
7100 3153 8363 8638
1361 6388 8283 8192
7102 1503 8092 7872
1200 6460 8083 8343
874 2169 8423 7771
7616 3868 8142 8885
6739 4983 8320 8358
1876 1855 8288 8295
2624 2733 8200 9240
5948 3294 8292 9206
7927 3844 8829 8144
7811 268 8298 8726
2264 4736 8274 8938
5504 511 8158 8532
6891 4903 8512 7856
6448 1454 8079 7878
5098 6898 8246 8472
2021 2648 8057 8901
3136 3492 8306 8175
348 5875 8040 9216
5329 1281 8331 9265
5051 3877 8193 8492
3633 576 8291 8808
7374 6822 8157 9350
3372 600 8232 8667
4312 4308 9198 7791
7703 6762 9205 7832
116 305 9006 7794
4440 1545 8087 9156
5864 6664 8066 8396
4729 5776 8081 9276
2254 5336 8124 8950
6262 1752 8297 8226
6455 150 8253 8211
5658 5028 8056 9414
2672 123 8090 8256
2735 2607 8342 8325
405 1490 8058 8369
3933 2652 8295 9397
109 2186 8145 8110
4134 3648 8328 8849
5385 3160 8559 7822
7280 415 8889 7771
4448 6955 8271 8548
3520 4516 8234 8080
2708 5288 8371 7868
2906 2745 8304 8916
6871 814 8214 8350
6040 2027 8272 8598
2146 1714 8309 8458
2046 3324 8153 9303
6872 3846 8137 8763
6563 2216 8309 7882
5676 1970 8314 8586
1510 3288 8286 9378
3716 3720 8643 7813
6014 6024 8200 9191
7449 5370 8068 8317
6084 1961 8392 7770
6345 6740 8790 7836
6111 6931 8167 9128
4790 1782 8236 8988
3817 2904 8214 7983
1649 5532 8128 8853
5628 1716 8420 7796
5727 3386 8259 9406
5523 4692 8624 7835
2796 805 8102 8324
6604 5729 8078 8928
4380 5023 8911 7828
4364 3863 8321 8308
7440 4706 8288 8033
3786 3507 8136 8146
5174 4283 8086 8382
3070 2602 8178 8057
2663 2931 8216 9259
6032 5001 8082 8034
7032 6037 8054 8275
5232 5076 8832 7797
4898 6805 8204 8654
4712 3968 9144 7831
4658 6353 8187 8380
5802 4673 8298 8675
5113 812 8308 8347
4596 6850 8303 8734
902 911 8052 8674
335 4017 8962 7828
3804 6918 8069 8860
6075 5682 8271 8060
1041 3100 8686 7804
995 2282 8190 8728
2546 4099 8243 9393
640 6493 8454 7778
1908 4031 8135 9011
7487 1136 8199 9066
3624 4511 8228 9027
7787 3000 8101 8589
2908 2342 8300 9127
7286 7260 8632 7789
4110 640 8284 8281
6474 4515 8349 8608
3321 2682 8112 8248
2877 4981 8308 8954
1908 5520 9240 7838
7470 730 8340 8134
4458 4729 8226 9233
6966 6468 8260 8436
4370 1182 8074 8316
4348 7301 8129 8346
852 1307 8595 7812
4309 1524 8117 8104
5236 2483 8550 7767
306 4160 8166 9152
5691 4044 8250 8063
3773 7081 8287 8388
2196 7098 8232 8535
1452 7366 9420 9146
3316 2006 8279 8087
797 2430 8332 8721
326 1683 8353 8817
6567 7299 8322 9391
7850 4483 8291 8543
7716 4924 8340 8680
6112 4528 8292 8569
7265 1680 9328 7764
6900 1840 8094 8486
5435 6630 8307 8768
4672 3951 8354 8068
7048 7335 8832 7766
4238 4817 8131 8622
4419 7368 8747 9354
5516 4967 8259 8637
5250 329 8172 9210
4426 1080 8074 8840
1356 1513 8223 8648
5563 2577 8211 8938
3218 5662 8238 8776
1860 5435 8870 7796
7545 3401 8256 8652
3694 3520 8356 8960
7635 3398 8226 9070
3594 6940 8156 8304
6158 4922 8260 9136
755 126 8078 7864
7312 6404 8204 8612
1116 6812 8353 8475
3655 4252 8788 7847
7128 2336 9000 7802
137 3844 8964 7842
4496 6384 8169 8398
7939 4856 8507 8911
5350 206 8496 7823
1602 6108 8343 9184
6876 2874 8896 7764
7197 3422 8227 8234
2453 3601 8060 7892
4800 2508 8139 8242
3243 4586 8289 9200
945 1774 8200 7886
7260 1270 8318 9055
3320 1022 8156 8718
6699 4227 8167 8360
7802 6324 9182 7776
6205 6321 8253 8980
5038 1245 8057 9404
4421 3946 8365 8616
6834 4356 8955 7766
7923 2696 8334 7941
5704 3616 8308 8478
5373 7072 8104 8028
896 2808 8075 8224
5327 5448 9160 7765
6622 2238 8056 9204
6506 2140 8360 8137
7389 7134 8265 9433
41 5666 8096 8438
4869 5294 8043 9007
1709 4560 8202 8746
2664 3418 9408 7816
999 4968 8746 7786
4402 6280 8172 8932
178 3792 8132 8668
1300 5158 8314 8497
6851 64 8224 9027
4732 2852 9083 7802
6055 5796 8319 8951
3796 3506 8742 7770
6070 1077 8144 8213
3569 576 8085 8238
2010 7153 8252 8305
6294 5073 8301 7983
7592 6576 8338 8110
2106 588 9418 7834
4593 1181 8099 9236
2335 1054 8356 8423
6982 162 8183 9397
1056 2343 8279 8328
5287 2005 8044 9359
3068 7104 8268 9048
3380 7383 9324 8562
3304 4714 8249 9116
5938 504 8347 7962
7163 882 8088 9104
3939 2796 8562 7854
2541 6390 9394 7848
3465 979 8212 7867
3147 1783 8316 8102
285 1462 8209 9258
4637 6424 8276 7942
5817 6382 8039 9039
43 2932 9399 7783
3277 2770 8135 8694
6225 2125 8235 8605
7908 1117 8066 7990
157 2844 8220 7860
3491 4680 8190 8636
3794 1912 9248 7774
2314 7151 8210 9361
7053 2492 8205 8836
5176 68 8112 8352
1622 5568 8469 7811
28 2001 8657 7808
4035 1648 8173 8620
1982 4498 8184 8997
5467 831 8171 9304
6103 1248 8191 7890
2612 1937 8298 8077
606 7382 8944 8517
2237 4804 8111 8514
4276 1976 8270 8544
51 7181 8372 8590
7882 6434 9316 7844
6209 6374 8149 9273
3082 4161 8188 8516
1230 1562 8129 8486
7474 2744 8204 7881
5041 1744 8240 8551
6359 7164 8300 9362
7890 5619 8230 8152
7604 1220 8170 8478
407 4688 9136 7848
2516 1772 8328 8853
5986 2710 8118 8234
7926 1741 8068 8100
88 7169 8362 9194
1074 6323 8240 9432
6733 4605 8151 8052
1998 6540 8334 8374
3282 7026 8222 8189
2717 180 9120 7763
384 7123 8323 8808
168 6009 8149 8283
1126 5645 8882 7834
4483 5670 8449 7801
1540 220 8142 9095
3890 3963 8217 8103
4612 3516 8043 8750
3662 1452 8136 8772
7766 1159 8064 8262
523 7003 8075 9395
574 4127 8340 8786
6066 4856 8153 8817
3758 5282 8190 8508
7770 5720 8263 8808
2283 6849 8340 8751
7138 6373 8142 8232
3182 2748 8111 9160
5071 5470 8224 8629
7092 4044 8154 9380
7380 5132 8229 8776
5562 2061 8073 8500
2309 5788 8230 8539
6366 6665 8648 7810
3078 148 8040 8084
4452 5855 8782 7852
118 4210 8665 7795
1838 5288 8220 9006
819 5072 8208 8326
1336 5032 8199 8824
4334 7273 8190 8400
6128 1798 8083 8277
4896 1537 8332 8473
3239 5644 8257 9176
2470 2599 8058 8268
4211 2008 8236 8832
5424 2409 8324 9258
4433 1558 8282 7903
1502 411 8340 7964
2535 6004 8266 7897
7592 1776 8340 9039
5854 1141 8132 8997
7292 5382 8234 8742
5 397 8285 7858
4519 2271 8902 7800
4333 1942 8326 8175
4570 6762 8058 9433
4388 3594 9065 7792
1534 3936 9404 7821
1443 4560 8140 7917
5937 594 8062 7918
6732 5398 8874 7823
7424 4823 8414 7824
295 3188 8318 7935
6448 1332 8181 9080
5335 5675 8095 9195
7691 5477 8076 9077
5952 2937 8068 8022
3540 2488 8141 8748
4426 6140 8208 8076
209 5583 8114 7974
1753 5696 8049 8328
7930 917 8909 7917
1630 5691 8240 9136
4554 4864 8302 8588
5459 5405 8071 9176
5614 7236 8336 9130
6438 2777 8124 8712
717 1618 8150 8478
7600 1605 8164 8882
1522 1219 8271 8004
12 5404 8241 8362
1295 311 8304 8154
6129 4200 8064 8452
2272 6423 8132 8694
2656 7364 8548 7896
6817 7114 8227 9152
1608 748 8314 8145
4725 2952 8198 9048
520 7144 8159 9105
4047 7097 8132 8496
572 4481 8204 7977
749 4848 8144 8640
3501 5481 8667 7824
1470 2324 8101 7938
4538 4082 8097 8500
2632 1908 8989 7796
5918 5218 8070 8654
4960 1097 8045 9184
5297 109 8190 7918
3256 2167 8068 7926
3772 1110 8769 7828
633 5754 8366 8962
3312 2852 8126 9052
5781 4487 8076 8249
5343 6929 8165 9090
7633 365 8164 9036
5710 5514 8348 8364
6927 579 9322 7832
6328 6194 8197 8030
4604 1305 9333 7799
3984 1091 8275 8749
5979 6446 8248 9019
4199 5849 8160 9354
4323 4102 8237 8384
6 2634 8099 8858
3053 2068 8144 8245
3409 201 8126 7920
3902 4311 8210 7900
7539 3989 8306 8842
7932 861 8416 8722
1201 2938 8183 8156
5316 983 8274 9052
4568 7020 8312 7883
6187 4576 8211 9276
4832 4971 8244 7880
4088 2790 8250 8129
3110 5012 8305 9414
1510 2942 8087 8190
4709 7012 8225 9041
3711 2722 8138 8857
3136 817 8238 8502
3930 5340 8288 8824
7033 6000 8139 8019
7291 3239 8247 8934
6930 6219 9219 7775
1938 1151 8142 9100
4785 5061 8072 9396
6444 3156 8149 9094
5432 6990 8086 8547
5866 3467 8086 8936
7167 2511 8194 8374
2781 3135 8388 7796
4704 5104 8171 9435
3647 5608 8331 8860
7512 2718 8340 9102
4428 83 8719 7807
7131 6442 8085 8345
4253 4034 8346 8268
2338 4222 8216 9294
6098 5382 8481 7825
14 4688 8308 9192
5553 5440 8036 8684
4988 4671 8109 8857
2455 2786 8219 8516
1260 6043 9049 7800
4506 2139 8090 8419
6480 2582 8581 7853
6046 7193 8323 8670
1762 1718 9272 7834
5375 2886 8346 8416
6843 6467 8318 9292
3582 2274 8190 8598
1499 2334 8224 8649
4193 6616 8348 9152
6264 5271 8208 8054
633 5475 8042 8876
1108 862 8340 7859
4253 2721 8690 7770
3531 7109 8162 9304
3706 5294 8045 8197
4260 2152 8076 8894
2704 5646 8142 9406
6710 3985 8292 9406
4845 5950 8292 8794
3835 929 8672 7763
2296 5084 8266 8564
2696 392 8260 8342
802 3262 8166 8010
860 7172 8369 8887
7739 906 9171 7819
5972 2983 8092 8048
1401 609 9422 7777
6119 4858 8183 8046
1791 2629 8172 9367
4661 543 8300 8237
3548 886 8161 9180
7546 2520 8946 7832
4315 3576 8060 8684
5694 1128 8247 8530
2069 2153 8246 8788
4474 3426 8450 7794
5883 4039 8119 8785
3852 1250 8247 8505
3182 1309 8076 9321
4604 2393 8196 7890
4677 2173 8347 7967
489 5960 8948 7776
3752 3679 8306 9222
4464 3030 8220 8100
1075 1519 8334 8412
7394 4680 8076 8702
5481 5461 8077 8679
6051 7058 8199 8940
283 5710 8193 8608
6259 4067 9215 7805
1538 1602 8142 8864
146 5553 9040 7841
3193 4 8092 8250
4217 3243 8126 8106
1198 4988 9367 7763
1518 5895 8323 8260
6753 6168 8220 9105
2501 2504 8096 8547
7243 1851 8185 8367
5880 4887 8038 9062
5728 4330 8141 7934
3723 3190 8139 8003
7763 4534 9193 7796
7434 1613 8259 8775
469 5994 8198 8188
4802 6877 8755 7820
4152 7119 8128 8263
4630 3993 8192 8136
3600 2415 8308 7857
15 4266 8171 8192
5378 5377 8139 9438
2228 1842 8337 8636
6984 4082 8185 8784
4207 5425 8216 8345
7909 1716 8050 7866
4284 6742 8125 8092
4972 1629 8277 8381
4138 3746 9251 7798
998 1405 8072 8466
4494 2098 8332 8706
3711 3717 9221 7772
3372 2202 8098 9362
6624 4963 8064 8464
1682 7079 8709 7794
2008 2694 8332 7972
3963 926 8270 9396
2425 6738 8092 8673
192 1770 8310 9352
2508 3481 8044 8322
6776 4968 8558 7786
472 5196 8492 7789
5150 1640 8126 8386
5284 2753 8098 8131
380 2106 8168 8884
1661 3521 8176 8574
2479 6614 8307 8918
7685 322 8206 8792
663 3745 8097 8163
1608 1743 9141 7808
7702 5770 8096 8202
2227 4605 8132 9071
3477 6771 8365 7932
1515 15 8228 7932
7044 4782 8090 9046
2982 2427 8334 9041
241 651 8641 7825
1547 2924 8119 8181
5102 5742 8856 7770
4460 3790 8166 8199
3374 2430 8148 8707
2873 6350 8152 7920
3163 4599 8104 8504
4234 2892 8370 8867
5893 4727 8113 9026
2678 6446 8277 8678
1591 3856 8279 8743
3990 1380 8768 7816
6159 7048 9394 7802
834 7176 8136 9302
2575 4707 8347 8142
766 2300 8334 9382
409 1963 9324 7806
2868 900 8052 8630
7277 6375 8092 8052
121 3759 8344 9350
674 3275 8933 7773
422 3148 8198 8578
5621 3196 8176 7942
5560 4430 8595 7770
2368 3840 9383 7826
7092 5006 8127 8635
5675 146 9012 7819
6498 3534 8337 8736
5208 7392 9179 9264
5368 1631 8055 8539
474 2069 8196 9070
1706 5667 8122 8301
3008 5278 8060 8785
3616 6932 8340 8874
2418 240 8096 8750
1140 5578 8160 8546
7459 569 8302 8591
2028 4862 8164 8264
2383 6529 8159 9404
3276 5232 8040 8213
6617 3739 8166 8850
2371 5560 8301 8344
4436 1090 8218 8255
6477 3362 8153 8767
1080 1306 8099 8780
344 4707 8045 8634
5565 4240 8156 8013
5473 569 8190 8370
1392 1943 8242 8865
3873 1384 8238 8054
3507 5244 8239 8114
6719 5065 8505 7791
7432 7350 8916 9330
3222 4749 8129 9172
5844 2065 8248 8942
660 1370 8319 8606
7092 5418 8111 8645
2690 4206 8304 8510
3151 2616 8057 9138
1541 3415 8216 8958
436 5914 8220 9147
3779 2688 8168 8508
4260 6201 8677 7837
4884 996 8064 9204
2467 4671 8360 8580
7616 3514 8203 9037
5508 4330 8318 7879
1298 2137 8303 8873
6852 1819 8056 8461
3981 3041 9245 7805
6002 1916 8329 8922
382 3189 8312 9029
1298 7373 9093 7784
935 4568 8323 9405
4235 1004 8059 8898
1361 768 8344 8619
1920 2670 8158 8717
1190 3090 8083 8180
701 5328 9312 7777
88 5310 8111 8818
4388 3007 8050 8379
5728 5176 8363 8162
6852 4664 8318 8232
7564 6933 8341 8698
4724 5604 8048 8244
1085 177 8348 8166
3462 1321 8188 9326
2153 1096 8246 8300
7812 3857 8256 8924
6778 176 8148 9246
6489 4182 8197 8112
850 6180 8311 7876
4458 270 9386 7836
5652 5325 8502 7842
4994 6316 8150 7935
873 772 8337 8184
2832 3932 8811 7782
4817 3594 8248 9389
5542 1609 8038 8996
6748 7330 8250 8090
1009 3091 8327 8858
2913 3393 8146 8254
440 3456 8192 9289
7309 1312 8283 9000
3373 525 8610 7776
6067 3128 8254 9198
1102 4718 8388 7806
6906 6082 8168 8304
3546 4652 8280 8439
603 3252 8148 9297
3672 1233 8348 9424
3162 1174 8248 8314
5890 7143 8210 9056
5303 6553 8248 9084
1043 2674 8155 9133
3308 2875 8346 8888
5337 5974 8077 8348
6098 2509 8132 8086
2828 603 8309 8166
7872 6401 8213 8448
7701 3149 8204 9278
5098 164 8835 7810
4085 2525 8231 8196
7093 5914 8100 8059
2081 6216 8081 9036
7155 161 8297 8621
5813 5040 9289 7792
3921 4922 8064 7879
1552 6484 8303 8457
3688 2931 8349 7960
436 1586 8103 8224
756 3096 8362 9221
1115 6928 8747 7808
1566 3901 8228 8906
6348 4824 8345 8552
7767 4744 8242 9211
6977 3704 8304 8263
2309 2594 8196 8700
3704 3412 8126 8673
5106 996 8335 8156
160 6591 8306 7900
7051 569 8055 8538
3489 2542 8193 8732
3134 5160 8116 9134
992 808 9246 7776
1980 4969 8320 7906
5841 5802 8114 8485
5690 1587 8639 7783
6015 5666 8142 9227
4968 2288 8198 8595
2626 402 8234 8525
3927 5406 8059 7882
120 2764 8256 8248
3567 1342 8371 8880
5695 510 8056 8784
7392 6681 9057 7772
2848 3427 8766 7788
7070 5186 8357 9354
3306 5082 8344 8908
2086 6325 8939 7778
1250 2024 8220 7974
466 2284 8120 7977
7025 2121 8142 8829
7655 2380 8244 9167
4191 1643 8358 8423
1284 6617 8049 9172
2786 3166 8130 8238
5560 994 8142 8115
6405 4724 8262 9149
7926 6022 8658 8298
92 6255 8301 8152
7612 3736 8140 8598
1369 6301 8352 8528
908 1890 8328 8470
4416 4784 8205 8418
2485 3784 8362 8489
3021 7326 8248 9437
3720 5054 8270 9380
3212 2991 8347 8216
1996 6678 8754 7780
3896 5950 8213 8167
22 748 8160 8158
2463 3519 8271 8961
6552 4123 8224 8703
3098 2385 8252 9410
236 6660 8193 9199
288 5295 8180 7979
4101 4609 8264 8692
5608 4446 8364 7929
1416 7204 9030 7842
1912 915 8266 8748
1914 4747 8121 9028
6574 6386 8137 8334
2848 4886 8278 7956
7828 2921 8098 8604
4078 1889 8344 7874
1773 3319 8364 8368
6656 6804 8488 7828
7893 3552 8342 8244
1245 2860 8274 8672
1755 4180 8162 8614
4023 6757 8304 8490
6580 6717 8326 9161
812 3989 8210 8150
802 4230 8143 8566
4441 1222 8286 9018
5508 1322 8287 8807
7800 6525 8147 8744
587 4883 8124 7857
3566 4175 8352 7961
5658 802 8076 8468
7347 628 8364 9179
2470 2131 8108 9187
404 6636 8074 8308
4137 1248 8183 9079
2828 4770 8184 9010
6751 4995 9077 7838
56 4121 8112 8721
1644 5664 8819 7848
3978 3703 8248 9300
755 4860 8065 8560
7764 2577 8177 8056
7142 6702 8095 8122
7718 5608 8069 9086
2434 989 8150 8093
5239 3425 8103 9119
5774 4272 8095 8182
6204 1212 9071 7847
6536 1164 8694 7785
6512 2769 8254 7976
668 6593 8460 7791
5265 4028 8191 8316
3512 4650 8142 8210
4653 4244 8262 9223
5991 2686 8684 7836
7720 2669 8435 7823
541 6641 8150 8518
2951 788 8119 9330
4722 5356 8189 8373
1666 306 8180 7925
2249 324 8259 7932
3399 4694 8249 9025
6778 4966 9296 7847
2405 1720 9017 7784
1292 1824 8051 9434
6297 3926 8269 9186
367 7369 9308 7994
3276 3696 8186 8906
3045 2649 8052 9214
2838 3168 8187 9384
5337 1258 8070 8370
7688 2697 8166 9368
5619 3730 8226 8850
6852 7294 8172 8296
6432 6356 8229 8989
4885 5742 8331 8502
4816 5487 8747 7840
6331 4070 8349 8992
378 6992 8248 8757
5964 2220 9228 7808
3443 2907 8195 9010
6772 4632 8241 9225
5124 2926 8349 8022
6970 765 8366 9126
2947 6398 8372 8776
3512 2326 8228 8716
1272 1461 8933 7814
2368 6572 8087 9376
2923 3761 8334 8253
2302 1610 8436 7846
411 1628 8204 8097
5385 859 8240 8704
307 458 8350 8310
3549 2648 8275 8348
2596 258 8286 8318
5850 4884 8048 8604
7800 1874 8480 7765
4098 2204 8308 8817
5076 7290 8112 8133
1629 4585 8308 8568
2608 3116 8213 8944
7023 6748 8261 8728
5155 6877 8226 9184
4228 3324 8222 8391
4528 6010 8203 9165
2510 1989 9281 7834
3747 1279 8086 8424
5212 6530 8074 8803
6064 3794 8340 8490
6226 4560 8182 8896
7100 6433 9129 7849
7190 5308 8354 8485
793 6240 8283 8346
2520 2880 8110 9109
2535 2615 8763 7801
4217 6784 8132 8454
8123 6938 929
122 657 6747 5986
777 845 2109 6448
1409 30 7818 5920
44 192 6624 7084
1312 543 7294 6853
130 884 5854 7862
668 1116 5536 8058
1095 1284 4629 6843
1380 1076 3028 5664
1319 403 5610 6250
1194 226 3531 6598
218 1589 3195 6255
1094 1587 7752 5727
378 937 5404 6731
1200 895 6470 7786
525 726 7694 6104
1370 3 7693 5770
1285 718 7120 6486
515 1635 2372 5842
912 577 4417 6336
737 518 2382 5944
1020 523 3180 5806
112 483 7445 6518
1274 515 4737 7608
916 920 6924 5928
757 1275 3166 7522
1427 1459 5980 6528
1234 388 6557 7360
159 102 4126 6297
332 395 5894 6303
332 556 4428 6297
683 1360 4614 5788
624 1253 4910 6264
590 1470 6563 7089
729 906 2466 6556
758 314 5342 5833
33 815 3554 6699
948 240 2516 6010
367 490 7522 7084
850 1343 4716 5768
150 57 4656 6714
434 1592 2696 6590
1347 986 3960 7318
1406 852 5996 6937
131 208 7612 6664
1400 742 4729 6606
942 340 7627 8026
135 32 7599 6974
1444 966 3300 6585
189 754 7897 7975
1242 1656 5518 8083
175 251 3827 6294
173 993 7559 7368
1229 1472 4152 6164
925 211 4917 7834
47 1577 7375 5738
1218 1439 6293 6432
774 794 6613 7412
435 434 6590 6406
1313 1087 2350 7784
1014 366 5786 7697
1056 1186 7512 5940
748 279 4275 6878
795 186 7473 6687
1154 1140 7924 7272
499 82 3807 7704
348 454 2833 5847
932 1077 5185 5637
2 1392 4488 6101
804 868 6640 6069
684 847 3850 6902
504 901 8076 7285
474 1611 2095 6880
366 588 3016 7222
235 1062 4334 7639
530 1441 4944 6001
94 641 2536 6210
327 852 5561 6605
679 85 7790 6864
196 1114 7734 5624
186 761 4815 6099
1182 1092 4239 6666
1266 863 7412 6731
830 344 3532 6806
447 215 4706 6327
648 1027 5237 6038
669 359 6383 6890
256 1440 3957 7702
1127 1351 6176 6008
84 935 2660 5944
929 1479 5840 6769
1178 1259 2237 8120
1199 305 7141 6306
1426 684 4288 6901
508 496 7429 7380
1436 1258 4116 6612
626 487 7861 6974
122 825 4248 6306
718 945 7444 5841
904 1616 5834 7506
186 597 2890 7284
88 758 4604 7337
1400 455 3685 6663
1145 500 2878 7501
659 1130 6114 5939
156 860 6280 5736
105 1030 2634 7427
240 1533 4342 6324
301 332 6746 6036
1003 695 3508 5964
563 1150 5737 6528
465 658 7057 5702
1483 1314 7324 6334
1004 1436 5036 7512
132 843 6106 6717
1409 996 3093 6505
677 153 3394 6294
1184 669 3019 6228
655 1424 4044 6304
605 1196 7857 6684
1382 782 5396 6852
1255 408 6747 7282
1104 568 7033 6433
878 833 6750 6931
64 817 3193 5718
69 1034 4179 8085
1208 339 3924 6264
485 862 2450 7971
335 752 2281 6825
61 1083 5997 6036
355 1442 3060 6497
1013 820 4000 5928
1203 1106 4557 7968
842 1398 5896 6396
964 1062 2977 5841
431 231 2556 8108
663 486 7094 6897
731 1008 4638 5886
693 2 2136 6633
240 657 5173 6489
236 1092 5344 7700
859 1223 2479 6606
338 126 7538 6761
1365 475 4400 7804
120 1560 4344 6724
601 254 5610 6228
782 1414 5638 5882
694 1620 4889 8075
1337 165 5502 6138
57 518 6588 6944
950 1585 7294 6396
279 1461 4946 5890
123 469 2610 5724
17 1619 6188 5703
1458 944 2401 6058
194 1152 2575 7290
914 1598 3720 6439
1059 1076 3780 8103
169 622 2259 5696
849 1057 5796 5831
1459 736 6311 8011
240 1106 3889 6487
1036 1520 7410 6554
1119 960 4456 6613
660 372 5822 5907
1421 1472 5299 7420
732 1251 2386 6421
912 1173 6646 6451
722 1132 8054 6930
1100 1043 4859 5622
564 1369 4052 7180
1354 453 7828 6053
144 1394 6843 6232
162 685 6414 7404
48 718 4913 8090
1374 1167 3035 5895
534 54 6020 5775
1413 546 4824 6004
51 1611 5630 6066
82 1319 7083 5957
684 1630 3976 6432
491 1642 8116 6723
1104 237 4447 7228
863 987 4572 8090
57 446 8027 7998
238 400 4639 6870
240 776 4654 7977
248 1318 3036 6404
523 843 3190 7887
109 79 5227 6074
226 315 6938 7610
726 1399 6366 5634
274 1324 5278 7701
996 997 7254 5778
578 271 7245 6451
1384 774 5656 7104
15 876 2472 6696
820 1276 7906 6581
1437 654 3219 5796
1201 1322 5805 6469
24 1633 5793 6568
226 840 7552 7736
1127 234 5857 6466
1277 771 7395 6390
671 1312 3360 6981
107 940 5230 8030
432 18 2427 7654
1376 987 2244 6510
1383 857 6747 6382
240 153 7128 6048
884 666 2688 6336
910 796 7034 6600
865 1055 7476 6029
1192 1308 7902 7106
759 1540 4781 6063
576 279 7062 7900
922 1113 4340 8066
286 1108 5475 8054
294 164 6726 6373
379 42 5022 6634
844 447 5959 6432
252 1096 4887 5649
1175 1042 4388 5749
1052 1385 4955 7094
439 1298 5456 7240
1466 654 5980 6696
988 1089 6182 6710
453 1275 3665 5900
906 336 2657 7832
1174 662 7970 8113
609 930 5922 6210
872 801 2849 5805
26 159 3744 7010
292 1084 7482 6810
1176 78 7902 6179
1232 1436 2594 7539
630 3 4380 6752
123 1272 6666 6445
388 241 4248 7685
259 1072 2623 6785
343 153 3178 7394
121 1221 5844 5652
39 1084 2341 5886
683 360 6730 5699
974 0 7850 6926
1322 387 2997 6633
92 1071 5086 6344
1366 1587 7974 6842
1068 484 3950 6276
1230 591 6429 5612
790 416 4287 7084
115 1318 5299 7084
68 435 3786 7756
100 503 4668 5621
920 880 2738 6972
1052 249 2310 6908
1419 702 7634 7280
907 495 6549 5615
1211 469 7547 6605
1125 709 5750 6301
681 1101 5737 6600
1330 1059 2260 7577
72 90 6688 6489
894 776 6975 7830
114 1407 5254 7428
1137 755 5379 5677
1092 326 3772 6576
1106 705 2347 6564
132 244 3402 6801
1356 259 2448 6024
471 1143 4887 8075
319 348 5753 6299
687 175 8071 5787
186 794 4584 6654
1251 186 6766 5793
1354 42 2572 5970
85 667 7377 6754
345 1445 7766 8049
752 125 5297 5745
573 1016 2806 6260
23 644 2260 6185
444 856 6681 7640
1289 261 7129 6775
1440 208 2724 7219
1317 752 2802 6793
540 738 5808 6555
294 265 4157 7143
373 1224 2120 6321
846 502 6239 8033
911 1250 6236 6311
1444 1484 7304 7893
1401 1024 8020 6384
212 461 3920 5799
963 264 5381 6988
1041 1124 5152 6172
312 1434 3873 7622
870 665 5638 6722
1377 1314 4917 7188
263 1216 5676 6231
1042 941 6856 6942
168 336 5528 5988
181 366 5427 6720
841 446 4682 7677
151 1338 6637 5752
668 630 4303 7927
16 207 5655 6864
602 1452 5712 6079
1192 1331 2975 5878
1312 1564 6042 5946
809 297 3816 8094
866 826 4610 6029
821 243 4396 7535
1446 7 5544 6174
1297 222 6384 6626
567 1336 2856 5686
712 1457 5890 7862
1058 1436 7788 7401
92 1440 7755 7166
755 1184 7060 7732
35 1619 3575 7116
196 311 3662 7617
922 226 2198 5687
1041 1629 3471 5747
189 74 6032 7604
1349 744 5556 6648
175 1491 7752 5843
1265 475 5448 7956
1000 330 6385 6699
652 990 2137 7722
1230 603 7151 6090
136 630 6185 7249
1038 706 4872 5796
1106 999 3792 7205
711 1132 7025 6803
897 523 6713 6580
322 1522 2596 8027
1451 1393 4686 6388
382 1473 5630 8120
1328 902 4461 6297
121 946 2555 6302
1380 1090 7857 6669
274 1282 6340 6118
44 692 2188 5849
1378 116 2241 5746
1158 411 7220 6167
426 1068 6212 6066
100 1519 2123 6260
1188 1491 7807 5964
445 725 5502 6056
1057 1263 7740 7157
199 993 7923 7938
967 349 3324 6674
569 1229 5981 6199
1344 185 5902 6320
177 940 6329 5618
900 1405 7888 7496
23 756 6217 6906
1356 1220 7625 5692
1158 1429 4552 7917
151 1264 2494 7861
1318 472 6905 6254
537 1146 7672 5936
525 784 6834 6823
822 1057 5921 6562
1244 816 2306 7334
33 392 2946 7690
664 577 6329 6504
443 161 5747 5691
577 463 6091 5626
426 1103 4396 6672
1215 1486 7899 7202
1368 1449 3559 6801
1267 20 5704 6680
684 1036 4388 5911
606 863 7540 6834
385 1239 7604 5731
1417 808 4466 7325
18 1574 2853 5875
1270 59 2430 6201
581 1435 6778 5714
1436 1011 5652 6597
651 1570 6024 5781
1191 891 3204 6012
480 301 7900 6543
889 1216 3518 7387
1019 1070 5420 5863
549 1325 4916 6300
1314 469 7647 6402
292 257 3126 7494
1339 1624 3241 6128
807 713 2490 6317
1082 54 6586 6096
222 592 2575 7221
1072 1389 6140 6540
112 1207 7474 6707
389 1419 3272 6858
190 1401 4804 7404
250 291 4544 7768
113 998 6258 5688
948 348 5884 5901
1428 492 7479 7148
370 59 4942 5762
1014 255 4068 5857
421 1300 3790 6009
554 1401 4168 5894
696 1131 6712 5820
466 515 2562 6087
255 1284 7352 7923
1352 336 7987 6057
812 1440 6144 6012
1467 690 6516 5688
709 554 6176 6797
1309 1070 7046 6497
1219 1414 2671 7098
272 229 7335 5637
351 538 3868 6854
1040 1509 3710 6621
357 1577 5292 8036
1097 179 2448 6880
352 992 6508 6481
1434 1591 5383 5663
1307 456 5540 6324
1285 1278 7458 7842
1267 1273 5140 7507
302 937 4297 6164
497 1410 2650 6312
840 847 5244 5731
726 70 7737 5884
174 15 3396 6758
1180 789 2604 6510
381 1397 6576 5810
169 132 4606 6942
689 1232 7568 7603
1094 1351 6648 6683
66 1581 6476 6681
1030 507 3022 7425
296 1452 7504 6773
547 1589 4560 6915
312 784 7892 7131
752 49 4032 7486
840 843 7507 6180
1159 360 5528 6360
77 47 5152 6418
1416 1412 7812 7723
660 1272 7548 6425
928 75 4052 5873
485 1368 6174 7746
460 327 6679 8080
468 1165 4542 6495
136 135 7435 5841
1032 76 3943 5617
1052 1479 6615 6107
726 988 2820 8070
802 1214 7288 6660
175 750 7192 5705
684 36 6056 6572
1146 210 7762 6289
708 495 6060 7574
452 360 2596 5841
906 494 6000 6170
981 594 7563 6005
18 429 6768 6900
549 875 5780 6342
424 1095 3219 5624
309 1221 6468 7796
24 1002 6670 7343
982 713 8102 7878
19 1184 3292 5770
904 1279 5499 6795
600 582 3568 5733
1102 348 2309 5788
440 758 2866 5763
717 1039 3837 6619
867 1468 7910 5739
528 1107 2682 6531
208 952 4761 7981
1034 955 7815 6270
132 7 4410 6787
921 369 2478 5808
1448 1238 4584 6092
302 752 7671 7914
248 332 3372 6420
948 180 4214 6136
405 1200 2862 6368
1295 1286 4008 7342
589 1022 2792 6149
1170 991 6412 6453
760 224 8060 5660
468 540 7728 6562
1096 1628 2732 6656
826 622 7728 6448
612 1287 7478 6842
435 523 3555 5912
1054 471 6854 6242
1019 1634 4801 5737
1286 546 6212 5925
470 1320 7404 7050
793 950 2215 6230
281 1290 7856 5770
1061 1233 6918 6670
844 1250 6398 5760
1265 397 3272 5928
71 133 7822 6172
694 410 6022 7801
240 202 2151 5936
816 721 6132 5633
1467 1336 3948 6464
1234 1506 5046 6272
434 1370 3930 6476
1035 565 4067 6909
104 120 5023 6374
584 238 6249 6148
798 155 2522 5934
296 962 2832 8112
70 1528 5065 6726
1240 19 3297 6429
1260 127 6122 6423
1218 233 7504 5708
1438 1063 6285 6839
840 572 2218 7941
543 714 3050 6986
1452 588 4049 7449
336 739 6482 6848
71 792 4388 6223
977 1084 3336 6095
654 1074 5001 6834
700 187 4512 6848
961 1265 6526 7798
464 919 4329 6810
1268 12 3971 6504
867 138 5040 5970
673 722 6789 6646
193 1572 5638 6339
903 1359 5590 6164
864 1177 5916 6292
207 920 2488 5973
858 213 5559 7545
433 1048 3661 6155
214 849 4645 8015
1218 1502 3049 6434
144 1363 7407 5862
1045 1189 6688 8099
1175 1188 7378 6237
1433 120 4238 6927
1354 276 5790 5991
1348 424 5202 5673
418 949 4890 7491
610 612 2879 5696
194 770 5704 7003
831 975 2153 6472
1311 714 2096 6489
488 353 4110 5901
142 598 4099 6635
567 1233 2231 7800
166 987 7866 6600
250 324 7178 6288
159 137 4136 6092
1023 1275 5284 6895
639 618 4578 6556
1334 9 7513 6419
30 256 6373 6115
392 1068 2959 7377
127 1068 2452 6352
549 160 7604 8044
342 1261 4759 5666
376 732 3276 7540
1361 1458 3303 6561
1167 369 2316 6592
788 554 7160 5668
1142 639 6252 7960
270 57 7555 5992
1250 930 6046 6544
916 838 8117 8107
662 466 6813 7316
141 220 3092 6628
1117 123 3159 5859
296 36 7972 6385
304 1228 7875 7698
241 287 3067 6833
1034 300 6268 7134
811 0 7825 7716
979 1528 4969 6354
437 1653 6413 6610
478 694 7794 6216
424 886 7862 7652
91 1359 4202 7056
508 456 2872 7006
640 306 7392 6482
624 1413 7999 5696
1037 1536 3074 6205
1120 1188 3828 6794
770 387 2880 8108
1186 816 3446 6551
384 468 7856 6038
991 897 7307 5743
698 1232 3027 6317
1000 454 3174 6776
102 332 7179 6734
357 577 7276 6837
252 1410 4450 6723
395 1309 7348 5986
1341 1257 4905 6648
939 834 4929 7633
909 72 4443 6933
965 636 3006 6478
70 333 3008 5997
501 807 5916 5626
1245 825 7558 5729
785 424 6084 6797
792 245 4494 6540
988 1512 4961 7549
1087 48 4177 7862
801 1400 5265 6856
68 1248 6002 6046
390 204 2309 6238
1261 754 4949 6738
105 433 2247 5920
404 1089 4216 5840
807 579 5362 5918
1411 1389 7867 6297
687 485 5766 6323
446 751 2788 6389
1131 240 3292 6738
876 281 5597 5964
1161 1 2409 5767
939 700 3066 6678
525 1654 7348 7035
1270 625 6224 7596
126 128 6556 6798
611 1518 2610 7386
15 744 4367 6783
1117 1650 5788 7034
1379 909 7842 6073
945 745 2126 8040
980 331 5316 6798
1134 581 6633 7636
1060 918 4540 7509
1464 1150 5982 6602
800 1623 4735 6766
1082 943 5229 6249
1480 1470 6842 6328
606 672 4774 8028
1425 1556 7294 6420
1256 756 6746 7194
704 1350 2321 6142
77 1348 6243 6562
226 1408 3361 6421
158 538 4879 6038
1196 763 7287 6405
219 1375 2982 6954
766 946 3629 5955
813 1190 2675 5615
1272 498 4813 6608
262 1202 3810 5901
1350 210 3399 6496
742 768 5482 6224
1449 669 6785 5783
876 1264 3683 6874
521 748 3199 6846
948 1046 6772 6635
890 1002 6521 6819
961 1391 4391 7531
610 322 4332 6925
920 134 3678 5673
446 1381 2848 6523
1051 470 7228 7210
872 1401 5083 6645
1388 587 4744 6103
1375 375 4186 6082
955 1302 4156 5852
424 434 3100 7736
1203 939 6687 6713
216 1420 6178 6486
942 747 6024 6363
1060 273 7452 6769
844 1470 4480 6008
793 732 4811 6612
1182 1481 7886 7260
164 40 5235 5703
772 763 3782 7640
756 54 2279 6108
192 593 3510 6748
951 363 6054 6776
154 135 2983 7885
772 1506 6615 8034
232 1567 4556 6332
534 1184 8083 7782
1391 279 3286 5988
18 728 4221 7437
110 1089 7104 6147
294 1146 2892 7620
371 160 4884 6497
1425 1239 6040 8006
382 598 5516 5876
197 500 5254 7948
705 260 7355 8004
487 647 3853 7136
249 556 4109 5883
726 773 3994 6227
1092 859 2780 6258
1048 1578 6295 6094
1300 1127 8079 5667
346 414 3732 6019
448 1074 3538 5968
324 1412 7073 6068
393 1010 3558 6118
1420 1035 2745 6126
189 978 6136 6442
981 967 4988 7628
346 275 2890 8050
576 1226 7776 7468
871 1118 3504 6682
1274 1512 4313 7246
556 768 5928 7203
1107 1636 7306 6915
168 286 6235 6220
352 1408 8120 7981
155 1580 6507 6501
60 1527 6905 6417
769 1570 3761 6517
128 1479 3602 7572
467 741 6322 7617
324 1122 3768 7998
559 408 5848 6145
921 997 6712 6094
1473 56 7696 5961
297 1479 2202 6326
295 417 6205 7065
1224 476 6732 5935
181 1625 6434 7641
256 303 3404 5645
1107 334 4734 6731
690 569 5363 6199
1457 760 6436 6186
1105 327 5900 5697
656 544 4684 5880
630 1068 7159 7067
307 614 6720 7224
353 1014 4684 6708
726 396 2786 7677
66 1058 2898 6595
480 771 5123 6307
144 1437 7878 7645
616 1451 4683 6069
694 381 6819 6206
1209 821 4978 7728
729 938 5351 5847
727 410 4854 6588
531 1626 7294 6085
273 359 3524 6498
971 904 2678 7647
500 330 6714 5680
1182 581 3270 6078
119 368 5498 7270
523 364 5919 7078
552 1186 2140 5788
1154 1236 7401 7768
518 1646 5867 7894
1144 496 4555 6156
966 1198 7305 7929
731 552 2954 6346
582 738 3296 7477
1190 1239 3165 6464
357 563 7482 7340
900 1413 7198 7332
1440 1223 3437 6268
640 701 6666 5694
139 441 6775 5614
697 655 6118 7120
1092 678 4695 6735
67 226 5761 5808
410 961 7604 5727
287 1645 5607 7530
718 1314 3566 5959
562 1426 6986 7218
874 888 4327 5639
493 816 2330 6873
916 892 2208 7791
512 1363 2252 6678
1012 155 7453 6358
876 748 5371 5893
505 1135 3323 6485
265 633 5106 5930
856 986 7342 6176
361 861 2490 5924
1389 198 4436 6468
850 717 4496 6753
1267 1291 8074 8011
134 879 7121 6936
264 1386 3494 7740
1210 796 2414 6203
680 243 4146 6202
9 1483 2950 5735
1420 1094 5146 7797
31 1572 2833 6728
1068 300 4624 6373
1444 677 5127 6168
1243 462 8120 5990
353 1565 4896 5974
1189 1341 5431 6577
108 377 4710 5652
624 19 7660 5976
450 1338 7835 7122
697 927 4389 5922
1006 1432 4704 6532
378 1552 2487 6089
1451 14 2815 6749
1449 252 3706 7958
1030 1420 5658 5891
96 742 7826 6459
354 908 5420 6572
831 896 3455 6383
483 593 2871 7503
422 1587 7794 6609
632 174 7822 7479
1294 1394 3009 5845
1348 1099 3711 6740
293 213 3502 6877
594 917 3905 6313
966 27 6489 6833
510 1131 7410 6789
1200 998 5593 8058
345 449 6202 5829
1471 1401 2156 5607
303 1530 7909 6952
278 666 4680 6794
776 501 5769 5808
0 945 6789 7570
1278 135 7622 6728
898 1127 6495 6862
846 967 2688 6157
720 956 4232 8010
1386 48 8032 6334
589 851 3454 6759
200 882 4815 7097
310 997 2502 6006
54 978 7264 7116
1088 537 7008 6538
5 1266 2576 6074
1220 370 2704 7931
367 567 3222 7381
988 470 4764 6005
930 30 4333 6128
307 1057 6860 6595
1272 1068 2376 5979
1478 672 4362 5942
66 1368 2471 5998
1206 539 6365 6049
518 1059 4104 6566
503 903 2790 7790
207 856 7388 6145
1209 766 6033 7122
514 882 4988 5771
223 328 6976 7004
216 1017 3116 6626
72 176 6891 6654
392 382 3841 7609
1256 1202 4209 5679
610 761 5137 5986
1312 259 6112 6040
1312 576 2596 5808
320 582 5164 7748
81 1047 3612 6636
118 485 3766 7778
388 69 5876 6938
108 1601 5429 7199
372 436 7200 5857
974 205 4578 5820
203 1404 5000 5650
1360 1186 5838 6864
1086 669 3577 6277
103 682 7315 7017
687 488 5106 6533
1018 1508 2514 5784
198 1430 2908 6540
646 506 3491 7757
989 567 6404 5705
124 482 4812 6307
630 1151 7148 6344
130 321 3913 5941
554 1104 3056 7070
1394 1399 2452 6563
824 85 5070 7534
771 1320 5272 6764
1290 786 3340 7429
1457 1469 7796 7611
1369 153 3930 6368
1395 646 6714 6388
472 708 2541 6006
654 1539 7732 7214
777 1635 4081 7328
368 326 6547 7807
1335 1404 4894 6225
432 85 2835 6519
1400 1506 7729 6090
830 1540 2383 7018
1146 660 6369 7361
1229 122 7312 5831
141 1107 7870 6444
1202 746 3006 6904
235 912 2965 7794
1405 1524 7240 5982
17 479 5113 5945
1261 1295 6655 5977
1214 1359 3809 5995
1461 1297 7778 6203
1077 280 5829 6154
24 515 3504 6343
1289 723 2928 7988
126 787 7434 6083
786 536 7241 6626
612 1644 8092 6676
217 739 3504 6313
483 1191 4806 7496
57 138 7831 7489
13 1211 7234 6697
93 60 5784 6196
902 264 5185 6641
420 906 3001 5980
1481 1269 3117 6166
517 1505 2144 5821
1368 334 5330 6400
163 1626 3334 7514
1076 1632 5159 8013
1272 908 4434 7806
568 435 2488 6147
121 1106 7110 6916
808 1588 3859 6150
432 798 5266 5773
7918 5820 997
1453 2630 7031 4809
6160 1508 7251 5690
1953 221 7528 7835
3041 27 6834 7292
5626 1611 7909 7150
548 2376 7476 4207
1793 2167 7693 7669
4255 1481 6954 3816
5340 511 7659 4085
5341 2130 6779 6129
1281 2675 6656 7430
819 339 6778 3991
306 466 7867 4918
4568 251 7444 4305
771 1393 7057 3033
3464 2494 7348 4647
2305 1729 7602 5778
5907 1721 6752 5722
588 1826 6909 5529
5653 1477 7243 3630
1727 841 7866 4211
4424 706 7665 3490
5110 1106 6705 3415
3594 1116 7200 4064
6046 2555 7574 3101
2668 2298 7391 3222
2390 2152 6669 5480
3541 558 6659 5178
3032 1385 7063 2836
3374 910 7560 5416
3082 1778 6808 5329
4725 677 7018 5033
1451 2577 6704 5334
3540 41 7452 7314
3358 1185 7256 5346
5014 104 7014 5236
6043 2507 7107 4296
1660 2012 7119 4781
512 209 7861 5028
5238 2009 7140 5202
3885 117 6862 6750
2532 291 7778 5007
1604 1078 7553 3530
2368 1070 7685 5810
3782 1708 7443 5281
4443 2258 7118 7738
237 2075 6780 3812
737 1147 7351 5094
3545 2242 7224 6625
6077 609 6928 3908
1307 212 6931 6857
6330 2259 6833 7003
1300 1799 7421 4235
1363 829 7033 3072
2317 1830 7110 3736
1524 923 6778 4559
632 1092 7129 2831
2848 2652 7469 5055
5670 288 7750 4831
5038 1562 7900 5064
3628 360 7182 3021
4587 2424 6759 5012
833 1392 6798 2937
1197 1198 6973 4739
5574 2620 7910 7008
6169 1507 7066 4133
5611 468 7699 3266
5170 2182 6815 5626
293 2554 7566 4375
1260 1325 7646 5892
2754 1666 6726 4118
3211 81 7687 4564
782 2648 6681 4989
3914 1279 6726 5295
396 592 7469 4211
5391 2448 7509 3329
1796 170 7377 7145
1037 1572 6713 3865
1259 46 7768 3464
5009 2113 6694 5585
5732 2021 7730 6029
424 1925 6693 3542
954 2389 6891 6612
2654 1548 7686 7441
597 1136 7393 5644
3495 993 7848 6159
2869 81 6835 5652
3490 859 6854 6153
3211 953 6752 3827
785 2320 7525 4339
4360 1764 6823 5158
3842 1402 7506 5607
5194 2451 7694 3164
3087 1373 7518 4771
4824 1967 7763 6098
4220 92 7840 4558
3684 545 7247 4520
901 650 6993 3704
4751 2167 7269 4989
986 2468 7710 6862
3545 2410 7108 3796
673 559 7718 4960
2392 2196 7890 4923
2436 1458 6848 5466
4356 1403 6674 4348
5622 642 7029 2846
3575 1569 6646 7366
2808 1114 6672 5485
6347 1036 7400 7097
1981 1925 6773 7088
5478 379 7573 6321
3245 1081 7115 4153
897 1259 6807 2956
2237 2497 7488 4983
872 826 6712 3136
4983 856 6653 2926
2976 1346 7040 4066
2297 1813 6963 4376
4041 1587 7534 5163
2194 180 7491 6555
6285 190 7119 3664
3881 2392 7685 4421
1804 202 7431 5620
6253 499 7433 4842
2392 1364 7682 4232
3656 1201 7837 4304
3262 1082 7199 4753
939 1618 7145 4843
821 2085 6805 4774
4352 1110 7519 3403
5036 784 7634 3369
2165 2507 6662 2976
310 987 7153 5546
4838 1152 7411 4416
538 86 6671 5611
1231 540 6628 3920
3121 152 7206 4913
2228 66 7215 6592
3226 2290 7840 5431
3259 2460 7274 5457
2844 686 6915 6228
5747 1278 6641 6973
5196 1945 6745 3572
6085 971 6918 5021
5136 2109 6719 4935
1667 2015 7658 4923
4220 1759 7404 4937
715 1535 7271 4594
4081 601 7596 3420
3632 343 7792 5105
200 1551 7316 5582
3706 1274 7323 3632
2763 253 7344 3936
740 1266 6995 4740
6172 1245 6984 4270
1528 2141 6657 4846
5280 194 7685 7814
1447 1230 7209 7625
2634 112 6861 6976
3547 296 7145 3048
1198 2050 7397 4798
1171 420 7879 6118
375 550 6654 3211
3623 681 7052 3456
1442 1507 6824 3153
3698 22 7408 5246
1320 1174 7453 3260
3100 2628 7350 4888
2613 59 7137 7070
2362 2641 6972 3058
363 2153 7088 5032
3278 197 7540 4238
3989 1205 7159 5017
3634 200 7131 5798
2710 986 6677 4927
347 1415 7032 4963
3159 2481 7100 4171
1185 1326 7902 4545
831 2408 6822 5187
5159 1288 6885 4605
2614 1190 7692 6972
6246 682 6954 6855
128 2550 6639 3765
4512 1141 7583 4595
1800 1782 7224 7756
1371 1910 7298 6845
4943 2379 6900 3984
5903 188 7405 4510
1746 2427 6995 3935
3356 1933 7662 3606
5386 1119 6833 3322
3112 896 7826 7244
4737 2083 6967 5079
3433 1579 7110 5746
4215 946 7536 7735
5699 474 7255 5352
6051 2272 7917 3554
4300 102 6632 5015
3325 381 7826 3164
3876 896 7109 3097
6138 296 7688 3335
256 1498 7046 5078
4455 219 7310 5372
5408 1948 6875 4031
1170 2528 7533 5183
2578 322 6864 4399
2179 1156 7490 4936
3047 1069 7413 6578
251 155 7442 4320
1619 2196 7297 3752
2371 2465 7639 5612
1372 1754 7139 3006
4566 1919 7036 5438
5225 2626 7081 6118
3215 40 7079 3771
5731 807 7463 3329
5055 1479 7839 7825
5234 126 7267 4308
244 1056 7646 5204
1658 290 7259 6675
4405 909 7811 4351
3370 1614 6789 2889
5610 1214 7100 4494
2167 353 6963 4780
6233 485 6690 5259
526 2001 7212 5580
5765 1136 7146 3416
5426 529 7113 4065
3747 2541 7316 4115
6000 2325 7695 4910
2480 2077 7210 5430
6233 1940 7853 6062
3370 1997 7668 4158
930 2488 7118 6185
4826 2640 6759 5587
3202 684 7200 3291
5078 1715 7490 5741
5640 2044 6804 4117
1163 1480 6802 5643
2672 1603 7656 4634
2059 2149 7907 3116
3069 917 6954 5373
2192 227 7880 5156
4526 628 7209 3844
6040 1151 7034 4663
740 110 7848 7829
21 2537 7276 7013
6206 2171 7531 4565
1614 425 7277 3232
1833 1582 7864 4742
1600 2045 6845 3485
450 2645 7252 4757
2989 423 6813 7903
1455 1399 7377 4144
995 2276 7168 4427
730 1963 7475 6321
5858 341 7275 3140
109 376 6805 7702
3183 2236 7328 4452
5259 43 7423 3378
6097 1195 7416 3519
4498 2298 7848 6099
4284 794 7088 6429
4509 1695 7185 5426
4824 1637 7523 7473
274 406 7316 3137
5654 943 7803 6566
5835 2328 7611 5574
1586 992 6687 5137
2105 1122 7675 3091
4743 794 7603 5667
489 1798 7533 2991
4941 279 6882 6003
6281 1152 7185 4265
4943 2619 7197 4607
4063 1909 7397 4977
2272 1403 7795 4091
3597 1549 7804 4450
2848 1126 7182 3606
916 756 6726 5065
257 2382 6749 4598
3728 61 7780 4690
4527 2388 7306 7916
398 1128 7603 7364
1552 546 7375 3390
4041 290 7456 3015
6364 2295 6970 3507
5755 86 6924 3019
1792 1135 7900 3450
2683 563 6750 4762
4183 1655 7514 3146
1978 1702 7679 3691
6388 574 7210 5187
4398 149 6739 6491
2055 1095 7201 5785
4117 566 7788 4255
3130 80 7515 3675
2270 2602 7151 6088
3940 987 7803 4435
6400 445 6967 5656
6206 1865 7672 3996
6258 1949 6804 4172
4470 250 7092 6430
4343 363 7789 3987
945 2078 6795 6359
4562 1876 7440 5382
3081 2054 6807 3197
3416 511 7580 3058
5381 2392 7887 4220
2346 2121 6816 5844
3943 1669 7603 5501
3166 1539 7392 3759
325 1910 7622 3684
464 330 7169 4855
2873 1325 7308 6173
5901 1481 7292 2992
2432 1435 7021 5764
6280 2451 6804 5122
1365 1496 7631 6457
869 1069 6828 3440
2446 214 7895 6045
6088 1722 7486 3964
3880 1160 7341 5611
3678 1105 7353 6240
5589 834 7771 6690
1668 889 7868 3462
67 2067 7592 2957
4140 679 6902 4036
4951 1969 6981 7166
4336 2145 7737 7010
6259 663 7278 5074
4151 67 7876 4044
5531 1813 6882 5005
1830 1590 7636 7534
479 2199 7232 4093
3054 315 7816 2937
1734 774 7390 4757
1611 68 7541 5756
2805 262 7361 6252
1986 883 6637 5217
1164 1519 7524 5310
1573 1248 7437 3843
1003 412 7043 3641
5676 1138 7800 7812
4356 2665 7245 6609
3146 1839 7477 6381
6102 942 6882 4491
4012 2202 7125 5075
4864 38 7484 4482
6062 530 7101 7370
765 1288 7653 3426
5301 1054 7815 3359
5516 2199 7225 3406
707 1748 7491 3905
4228 708 7378 7294
565 2565 6967 4731
1948 1173 6983 4446
4845 967 7545 5537
2446 2289 7704 3287
5982 1870 7907 4598
427 264 7781 4794
5581 508 7315 4505
1710 651 6892 5625
2326 1401 6701 6146
4056 1246 7845 6797
1097 242 7157 4606
1700 1435 6819 3071
4282 2564 7346 4192
1841 522 7482 5337
3170 1248 7707 4689
233 1754 6917 6139
4705 891 6870 3514
5619 2573 7707 4845
1216 2574 6800 3181
714 1593 7489 4344
4676 2540 7191 4740
5557 1599 7720 3524
2697 316 7416 3074
5646 768 6796 5150
5885 1004 7269 4196
4283 1547 7782 2993
2692 1414 7802 5774
5980 1741 7762 5931
4731 1418 7737 4568
1115 866 7123 6704
5214 1171 6815 4815
3713 2677 6816 3665
5566 2545 7392 5184
1906 2611 6920 4095
2455 1226 7264 7625
4197 1220 7108 3156
2515 183 6955 3861
3300 2678 6826 6734
270 311 7191 5554
1732 2582 6787 6321
3607 407 7312 3514
4864 1362 6809 7794
1669 1668 7032 3041
4091 2494 7402 2851
2518 1587 7483 3824
432 56 6850 3458
4261 879 7720 2958
3044 390 7548 4310
3424 630 6976 4541
3824 1628 6930 5110
2600 1144 6626 3614
2488 293 7688 4331
824 2337 6917 6234
5734 1067 7765 5864
4917 2510 6825 3607
6135 1656 7596 3326
5620 640 7167 3580
2274 2204 6974 3700
930 1894 6941 7521
2320 765 6688 5005
3658 2096 7639 3291
5234 1027 7331 4858
5779 1629 7028 7285
755 843 7295 5444
5720 1515 7885 5050
1121 252 7169 3178
2465 1095 7824 4125
6075 1014 7344 3273
5232 677 7135 4590
3127 1889 7322 4996
3263 2256 6886 5363
693 2398 7904 4307
2720 2027 7224 5536
1728 2234 7556 4905
201 2549 7710 4526
2567 1916 7298 5550
4625 506 7355 2960
5217 2004 7195 6001
4957 1868 6647 6105
5587 119 6788 5484
916 38 6725 4949
2170 1625 6656 5145
3108 1726 7210 3099
34 742 7579 4315
2301 2453 6907 4008
1288 2447 7289 4874
1603 294 7090 7331
4208 1837 7034 5369
5499 516 7448 5852
1299 571 7508 4603
3101 933 7675 7196
2126 896 6783 3629
4092 1575 7127 2908
2725 2427 7424 3330
1910 501 7343 4369
6131 2302 7517 6539
3870 335 7559 4663
5113 891 7126 5434
527 1905 7748 2884
3734 1764 7291 3950
3482 2457 7440 4147
3304 2051 7206 7376
4232 1649 6832 3131
4598 1117 6821 3117
5272 1055 7002 3614
3089 2569 7385 2890
4865 2641 6815 3842
6261 2359 7173 4620
6018 745 7499 3082
5096 1456 7417 6307
22 2537 7612 3440
4873 1288 6954 2957
2795 354 7463 6646
906 1646 7113 6998
382 1377 7758 2945
5892 391 7847 7534
4041 1660 7880 5499
1707 2131 7081 3165
4334 158 7221 4991
5245 2253 6691 3527
5627 80 7119 5468
3787 1865 6806 4316
4758 1560 7788 4647
3622 453 7320 4297
2407 1887 7269 4319
2638 515 6960 5575
4532 708 7740 4151
4768 87 6705 5599
5083 873 6802 4155
778 376 7320 7751
5525 359 6824 5230
4475 1991 7537 3487
994 872 7583 4578
3736 718 7051 4642
628 545 7676 7133
2216 1973 6682 7096
4931 2170 7062 7322
3261 613 7730 3346
2971 1014 6725 4061
2103 685 7717 3642
2930 1797 7084 4311
4744 1090 7440 4126
2095 2292 7065 3809
5578 961 7457 3668
1548 875 7237 5155
4532 1866 7294 3128
561 2233 7634 6412
5604 1939 7455 4881
5934 1530 6628 6071
4638 2567 6631 4903
110 2365 7818 3396
4900 2591 6909 4740
5372 931 7066 5716
5038 1675 6825 4060
3871 222 7556 6185
2973 2221 7246 4058
2102 302 7440 3512
3272 2334 7511 4175
1347 2451 7114 5526
6286 1797 7652 3260
1459 2236 7408 3030
3907 2066 7532 3641
5466 1798 7241 5686
5780 998 7659 5716
618 567 7119 5400
6339 1402 7628 3835
1717 2319 7468 3438
1877 2168 6910 5670
4961 2043 6791 3425
5995 1148 7551 4138
3353 2026 7371 4936
2045 1345 7866 4107
204 681 7521 4179
5330 2599 7361 4846
4783 83 6866 5321
908 1659 7153 5267
5045 199 7718 3391
2717 2129 7371 3550
1054 639 7571 5033
61 912 7882 4885
5391 1628 7430 5835
6019 1341 6740 4944
4632 477 7640 4625
3961 709 7627 3703
2209 2235 7149 6624
3068 2067 6991 5694
5919 238 7273 6776
1963 1659 7197 7072
2360 2419 7271 4600
2382 31 7720 4422
88 2083 7488 3273
4281 50 7797 3377
6408 333 7403 7515
1537 196 7225 2947
4637 2382 6990 3154
5938 1626 6881 4141
320 1289 7429 4406
3638 1572 7882 3600
2622 1484 7878 4886
5093 2605 6929 3749
5088 216 7048 3746
1899 1747 6753 4992
5398 2019 6883 4398
4586 1574 7250 3453
3948 2261 7182 4435
766 2046 6855 5028
1882 1266 7335 2884
5714 20 7139 5202
3493 859 7527 3369
727 1949 6691 4819
2398 502 7047 4003
4889 1150 6841 4427
2290 936 6911 5569
5316 1970 6831 6628
4612 1015 7292 3217
3044 2647 7829 4931
2758 1914 6875 4744
2393 35 7108 3189
5546 4 7013 4155
5110 2458 7550 4153
4307 2313 7710 4465
5322 1021 7065 4677
4950 689 7107 5360
5898 1576 7806 3199
5297 1553 7537 3796
419 200 6637 4331
2439 1093 7158 5688
6089 2049 7620 7523
2268 1263 6865 4499
2514 583 6794 4327
6262 2417 7767 5099
5593 2112 7391 6982
5404 529 7337 6190
4942 94 7826 7755
6335 412 7338 3221
46 1970 7436 4002
4226 1919 7510 7419
2993 2125 7671 4499
516 699 7594 7588
3087 546 6798 3997
4315 1313 6747 7834
5833 2618 7596 7371
1640 921 7472 4900
171 2293 7744 3961
3339 2653 7491 4094
2236 435 6769 4472
4553 1681 7690 4521
1744 1365 7163 5359
1888 2628 6922 6839
6255 2567 6802 3099
4014 897 7196 4749
5596 1675 7207 4417
4752 993 7911 7687
5582 831 7177 5309
3964 842 6924 5085
779 115 7468 5121
2755 1941 6857 4183
1458 68 7770 5441
4825 665 7232 7094
1355 1272 7222 6978
2003 441 7066 5735
4124 1354 7485 3358
5885 2065 7698 4486
3694 579 6879 3803
782 970 6995 4213
982 1647 7895 3843
6259 401 7868 7855
1132 643 7229 4956
6326 32 7079 6669
3941 1490 7128 4025
964 1209 7542 6579
1489 255 6737 5531
3707 308 7377 4376
4489 528 7159 3658
2679 1565 7395 4624
1021 1669 7404 3444
1217 2226 7208 5471
3779 1653 7251 5022
2302 2467 7150 4213
2208 2287 7686 4294
4337 520 7404 5039
2400 938 7754 3454
1888 1124 6976 4431
5888 1979 7828 5756
5164 1230 7899 5147
4405 1117 7125 3555
5796 536 7886 6753
4633 272 7759 3043
941 1629 7154 3607
2851 201 7610 7089
1601 2105 7596 6699
5002 1950 7818 7374
360 2150 7489 5739
5001 2150 7572 5199
3773 938 7576 3173
1377 2081 7512 5720
786 2503 7499 3249
1225 1467 7452 3989
4705 1716 7568 3307
1942 820 7783 3369
1982 2170 7804 4961
2536 634 6642 2824
5234 1536 6940 5280
3504 1912 7428 5351
6142 1236 6967 3438
452 1687 7517 3291
2009 1007 7142 3573
3197 1200 7159 3561
3247 935 6834 3830
401 1367 7448 5535
4742 1965 7186 6257
5279 771 6701 7422
2476 1324 6644 5520
2509 442 7282 6467
203 2236 7172 4318
5156 1683 6729 3605
4583 2107 7332 3302
3008 2492 7184 5429
2974 835 7609 4239
5341 896 6961 3175
1166 1937 7155 5410
4501 51 6697 4254
5757 2559 7854 4115
5769 1997 7266 3290
4054 1017 6655 6248
1176 1524 7856 4559
302 2321 6895 4350
4390 1373 7856 4577
3938 965 7463 3991
1886 1430 7593 5532
4843 649 7336 4369
1872 1117 7534 3850
798 99 7398 5741
1398 2555 7404 3045
165 1945 6751 5322
4468 1568 7698 5527
244 1435 7318 5277
4117 1051 7807 4660
5617 744 7735 3737
925 494 7602 3715
559 820 7115 5651
4251 2616 7526 3431
423 490 7900 4743
1838 1438 7278 7260
1450 453 7463 4491
5634 1530 7243 7207
4982 165 7750 3917
5119 244 7122 6296
938 1143 7328 4169
2554 429 7500 3509
401 2510 7851 4529
5945 907 7147 6947
4854 1334 7107 4960
2046 2678 7202 6341
4322 1483 6925 3369
1372 408 7779 4564
4032 2474 7366 5888
2716 2389 7428 4483
6218 2214 7140 2997
2357 2204 7910 5796
5360 1902 7909 5422
28 1058 7216 4623
4654 100 7355 2905
5644 2406 7489 4671
3801 2564 7761 4290
1600 2118 7069 3705
5140 2162 7525 4224
298 1100 7591 5815
4770 1774 7684 4621
4543 2332 7485 4095
2273 363 7775 3954
1328 1598 7518 4608
3447 1464 7084 5136
1400 2570 6796 5027
4214 2103 6969 3212
31 2406 7382 7385
2049 1297 7239 3729
3494 92 7072 5686
4273 764 7806 2945
2668 1093 7163 5585
3019 1891 7494 5017
3590 1821 6667 4659
5341 1391 7559 4143
5679 2672 7046 7573
3054 521 6867 3416
306 802 6844 3462
2722 138 7592 4829
3600 206 7333 3872
2861 2299 6745 6552
1190 2060 7126 5094
3067 1273 6699 4496
2950 915 7261 4250
4711 2189 7679 5578
4343 1655 6840 7711
1936 919 7835 3341
3046 2188 6675 5435
5002 2003 7364 4258
2071 945 7661 4483
755 1390 6751 5278
3266 288 6800 5283
4683 1700 7370 5281
3959 1770 6861 5510
1365 475 7892 4746
4626 728 7787 3228
157 4 7134 5077
1052 1070 7318 5466
5765 990 6730 3414
2069 1929 6691 3568
1117 1155 6922 4627
6264 1827 6660 4332
6300 702 7334 5301
1938 626 7060 4950
3652 91 7088 3127
3864 2508 7570 4801
1128 214 6743 2908
5237 2053 7135 3459
1158 1130 7657 5057
2734 1467 7385 3456
4305 356 7720 7725
1623 1383 7742 5963
6156 1270 7741 3909
5807 127 6709 6119
802 71 7816 3522
2180 1011 7119 3584
674 1642 6795 3916
1095 2182 7841 2886
4959 436 6981 5145
8 2109 7068 4965
4643 1142 7730 4446
950 835 7813 4113
1718 129 7480 4330
5319 191 7904 3302
1367 728 7333 6231
4979 509 7843 6495
3787 1610 7686 5491
3195 2275 7106 2963
3194 2406 7647 3545
4603 1493 6899 5931
1631 598 7729 2972
6217 1586 7350 7342
1964 2024 7369 4853
751 1859 7761 5476
4672 1671 7104 3848
2797 1941 6642 5782
2248 1377 7723 5369
5497 1289 6872 3314
1549 918 7852 5451
4828 868 7322 3834
4162 369 7074 7478
2953 273 7090 4864
523 800 7812 6604
2430 2574 7255 5606
4917 1026 6699 3558
3345 757 7531 3506
3489 1253 7380 5358
350 937 6671 5849
2448 1928 7495 5159
4211 52 6772 4445
5362 1741 7577 6502
4146 599 7525 4039
6262 2457 6915 3458
2082 2415 7723 7277
4600 2139 7662 5313
5408 1936 7787 3987
5881 284 7909 3095
3782 565 7350 3443
5303 303 7304 5426
1809 644 7227 5656
2675 731 7672 3548
3361 2344 7519 3526
4250 1061 7318 3168
678 1864 6722 4502
5746 427 7171 5693
4954 2432 7663 5620
73 2374 6995 3362
3394 2343 6918 3266
1369 511 6709 6028
3663 2374 7334 7679
1196 961 7549 3789
251 777 7737 3889
3533 2584 7105 4364
5511 256 7367 5629
3593 2382 6890 7349
6198 928 7397 4953
90 2353 6873 5329
2227 2376 6944 3226
6064 2344 6661 2931
4543 147 6986 6983
1579 950 7613 3553
338 273 6888 6598
4895 804 7065 5281
749 940 7586 4929
6003 2370 7259 4426
3920 2628 6767 3857
2358 219 6694 3653
5483 1607 7139 5757
3796 1471 7737 3917
256 370 7345 4027
813 2295 7245 3271
182 2273 6916 7543
3819 1267 7049 5895
2541 663 7051 5750
4280 2644 7143 3411
3737 242 7444 4110
1406 828 7324 5216
5336 218 7838 5387
2581 151 7046 3849
5398 1595 6984 4119
3242 1488 7571 7617
3327 2455 7055 6027
4306 1346 6881 5394
1437 43 7692 4024
2200 981 7089 4064
3700 1294 7620 4656
2496 2387 7739 4515
176 147 6738 4883
1971 1194 7295 5984
4585 770 7623 5537
3531 1226 7095 5904
4781 1572 7433 5054
6395 1761 7535 4632
455 1344 7510 3753
362 1813 6690 7733
3584 49 7870 3643
1574 2627 6985 5010
5909 2060 7389 5323
2263 1348 6926 5233
5425 236 7237 4911
678 1794 7222 3500
1778 1765 7311 4890
4362 1328 6734 4503
6207 2514 7466 4014
6218 268 6888 3530
2293 1548 7603 7155
5933 2408 7729 5659
2620 270 6635 3982
6189 240 7197 2994
784 322 7149 7572
397 1574 7367 4566
1780 2244 7370 3232
3458 349 7456 4739
3009 2663 6946 4624
3203 519 7360 4142
4752 1245 7534 7217
1172 1172 7461 4047
2291 559 7280 3618
4767 362 6943 3188
5875 2157 7890 3353
5835 763 7776 4679
4584 2530 7288 5422
2129 906 7497 3995
5347 1578 6831 3123
2141 843 7605 6794
3157 683 7124 5577
1866 676 7540 3419
1703 344 7553 2878
2998 2510 7411 6600
3747 348 7542 4007
4928 2582 7277 4027
397 2427 6912 7363
288 2093 7797 4179
280 1425 7521 4918
941 2278 6812 4905
1920 298 7098 4559
5372 1590 6883 5123
856 686 7511 3174
71 2027 7557 6639
5346 2377 6787 4600
4250 2507 7340 2979
5388 34 7317 4671
5921 1504 7203 2905
4174 699 6687 3745
386 860 7036 4005
5290 95 7839 6471
2851 1416 7744 5196
1700 187 6856 5117
85 546 7664 2981
2263 1409 7211 4996
5807 788 6834 4657
1792 1701 7909 4580
2954 2177 6847 5500
2540 1586 6875 6053
2457 2419 6624 5237
1106 2523 6881 3856
1009 1834 7589 7607
4841 1225 7419 4734
5751 1910 7569 3028
5961 1077 6883 5681
1513 2389 7873 5269
3514 1824 7657 6581
3074 162 7801 3477
2182 270 7562 3197
3438 1827 7178 5261
162 911 7343 7848
52 51 6868 7089
2375 768 7605 5883
370 202 7830 4825
1312 565 7228 4680
4371 956 7121 5956
2226 319 7274 3965
4429 657 7698 4803
1391 1907 6839 4528
3255 558 7103 6971
1553 2510 7582 5585
5209 1143 7535 7572
6156 2 7211 3952
3585 966 7106 2878
4150 423 7060 3313
2761 77 7909 7370
6391 2078 7461 5614
997 901 7656 5712
1471 748 6748 4327
1705 629 7081 3969
1736 2554 7332 4084
3360 830 7543 3313
6241 586 6716 7226
5141 2424 7227 5751
1933 2557 6959 5001
5480 206 7253 7896
534 2409 6955 3982
5426 1850 7491 4615
2000 2674 7888 4517
2849 1404 7093 7224
607 817 7292 5719
3988 80 6821 5401
4871 845 7597 3637
6401 1882 7553 2868
1690 552 7307 4260
6224 1744 7318 3287
5064 1758 6759 4262
2626 1554 7255 7694
2835 740 7624 5529
1942 1639 7038 2941
6300 2065 7891 5848
5719 774 7477 4485
2708 1919 7137 4873
5238 2362 7709 5817
3632 655 7884 4009
4782 359 6835 7052
784 2458 6915 7199
2175 15 6906 4849
3393 1620 6991 5556
6170 7187 949
1895 769 5706 2739
4365 5232 6107 6066
2418 190 3036 5069
1011 2415 5607 3023
4305 1467 4819 5931
4084 4963 5267 5467
1050 2886 5257 5654
2090 300 5747 5095
897 3559 1970 6131
3449 3560 4614 6762
651 4524 2016 4988
3619 3139 5043 5118
1254 993 2605 3650
281 2322 2129 5373
119 2778 3538 5072
2419 1624 2774 5299
2646 1467 5378 3814
1799 3376 5310 5903
714 0 1229 2736
2791 3098 6168 3412
1961 2961 5872 5227
2394 2052 2637 6090
4053 159 4215 6014
801 336 2042 4388
155 907 5131 2459
3714 740 5619 1622
1416 21 3891 1642
1105 4179 3327 6378
572 2460 705 2778
285 2751 981 4719
1894 3218 2837 4340
5031 3036 5758 3963
1612 3252 4518 5924
4059 609 5736 2376
220 1953 4352 3532
3985 1007 6068 1030
1003 1530 2862 4881
5463 4180 6146 4366
1586 1641 1753 6748
663 1542 3605 4875
1429 621 1710 654
2115 764 4802 6595
592 2251 3633 3502
3705 2 5428 1525
932 308 4185 4764
1684 531 3876 6043
2124 506 3072 4055
1584 701 5628 5210
2520 38 3002 6007
1541 3239 3003 4230
1606 4225 2442 4993
1019 1748 5121 6625
1480 635 2352 928
5115 773 5908 2808
2663 2456 3411 3657
2561 3370 2757 5607
551 3379 1758 5652
4926 698 4933 4048
1560 1688 4457 5422
714 1318 3979 5923
464 250 3201 745
2330 5022 4492 6907
30 3856 32 5452
4182 1386 5603 3617
5097 2314 5395 6667
3849 2948 5606 3670
5730 821 6079 2269
2086 1662 3359 5485
2213 39 4776 4548
2091 1691 5109 3869
2127 866 5419 1467
4021 950 5510 2223
2046 4374 4553 5889
2669 2238 4582 4313
179 597 854 722
2666 1849 4138 4060
297 743 3497 910
2706 3989 4048 5702
1716 4008 5278 4144
2601 1578 2758 4192
4515 205 5608 446
141 1929 2974 2396
2252 4128 5268 5226
3375 2341 5836 2371
3087 2138 5971 3678
3337 5080 5294 5087
4620 954 5758 4801
5104 1279 6039 6016
65 162 3239 2075
2426 1208 3470 6003
1393 3635 2145 5876
880 1441 1477 3720
2089 4224 3169 5317
2364 1472 2619 1531
173 2251 5852 4976
2092 1820 4968 2988
95 1767 3942 2490
874 2354 2387 5055
2336 1027 3768 5656
2442 1265 5345 4518
978 14 3039 594
891 550 1244 4637
2342 1105 3178 1536
1993 2161 4230 2728
887 4531 5879 6590
808 2117 5972 4780
768 881 4038 4855
2556 1940 2867 5128
698 930 2583 3579
51 381 4881 1594
3093 3011 3315 3873
3368 888 5617 2348
1951 3499 5830 5394
5475 1176 6158 6030
4465 4200 4877 6303
3805 3054 5888 5735
496 3595 4626 3960
2867 486 5846 6960
518 3811 3168 4372
4271 328 5415 1586
87 3868 4976 5069
194 14 2391 76
3861 535 4892 5873
5716 1115 5907 2320
3245 408 5501 1281
2686 281 4084 3393
2853 1693 2927 4288
935 1911 5635 4191
4532 735 4925 2149
306 2890 1901 4084
5826 615 6072 5902
3409 3574 4957 5071
1933 3265 5738 4795
105 1161 1091 3564
3352 3354 4239 4679
1717 680 3400 3423
1274 3505 6132 6065
2244 544 5023 1667
712 665 2424 6137
3163 2342 5425 4815
2903 1089 3768 2038
939 3571 1568 3754
5205 4133 5671 4866
4065 1882 5691 2282
825 3265 2172 4972
1982 1754 2637 4949
1725 1372 3765 5670
2054 2577 4336 3733
2489 4584 3048 4665
955 301 1814 2559
90 1682 1813 2273
3675 4795 5849 5722
978 4702 4010 5476
1143 436 5205 2540
1447 704 3481 894
3573 2790 6134 4776
841 4623 3034 5337
3235 5016 3615 5300
2483 969 5933 3139
3657 494 4807 3067
3149 1460 5620 6020
2402 1623 2822 5460
377 537 4809 5222
3045 4246 5196 5659
1753 940 2630 2926
299 2096 1792 3900
404 1320 4235 4938
5749 1398 6039 1954
470 688 3581 4980
181 3416 4560 4784
2323 2579 5780 6018
828 2988 2567 5302
2524 3410 5502 5391
2575 268 3589 1152
434 214 4237 5682
1917 932 3817 7044
4359 3219 4426 4273
60 3083 1270 3438
1834 3237 1926 6104
3756 2054 4303 3160
1919 875 6077 5529
3684 1369 5805 2753
578 1536 2967 5718
276 232 4281 6153
3892 1287 4604 2404
4251 1404 4776 2590
305 3588 1958 3688
1678 4212 5032 6009
3976 3195 5785 4851
2401 4239 2483 6360
723 2748 3689 4164
3874 2994 5146 4379
1071 349 5025 4411
2771 4031 5761 4379
4015 3552 5677 4369
586 2268 4618 5582
5795 679 5848 1018
2563 1697 5178 5890
982 1042 3137 3447
758 2451 2771 2916
4830 1084 4863 4745
4499 5446 5756 5533
156 1302 2596 1404
420 1441 4884 1550
1554 3550 2663 6157
2008 4484 4677 7133
218 460 3037 6428
4707 1223 5313 6292
510 605 5470 3432
2621 143 2963 5305
40 1353 2529 2963
2454 3840 4366 4301
1817 1461 2055 2215
594 2825 3969 6126
1204 282 5511 5038
3357 2242 5189 2639
1208 35 5152 5105
1589 2730 2020 3538
3611 1023 6162 5469
124 1086 528 1568
406 350 4353 4068
1035 2772 4142 5402
266 2361 2985 4964
2980 69 3961 1794
152 3590 1107 4381
4141 3018 6045 4676
8 4981 273 5139
1921 1398 3295 2703
668 1145 1873 3249
563 3367 5229 3423
3658 2235 3950 5948
2225 282 2827 866
753 5219 1728 6606
126 742 5738 4977
3315 853 4518 3166
389 2648 4091 3290
4845 387 5417 5599
2249 2490 4307 5510
603 4573 1059 6298
3510 2693 4754 3074
2412 447 5333 4707
3235 1732 4231 6625
3286 1038 5166 1204
1513 4630 4542 5019
645 1280 1911 4046
1593 2009 4922 3326
2377 482 5476 5572
4789 2959 4917 6750
255 67 5781 752
5132 346 5441 5876
4231 2739 5172 6420
4808 692 4919 2229
3889 312 4791 4969
3618 1332 5211 3692
1142 3266 5174 3370
4719 193 4932 4634
2625 1119 3457 1213
103 5492 3757 7017
657 1215 3465 4507
955 471 1896 1655
101 3599 3102 4429
1076 4564 1600 5200
661 5232 5507 5525
1628 5327 5113 5711
1382 4965 2803 6096
3731 2043 3820 5532
1478 2348 2222 3932
1491 1859 4977 4814
62 2831 4898 4265
2352 2716 2941 6150
1124 1024 1209 5299
659 1794 4074 2926
1164 3716 5801 4962
2800 1174 3981 4950
899 4974 4554 5665
2250 2842 4101 4388
48 272 2246 2565
845 2281 3816 4566
719 384 1239 5415
761 2729 4529 5558
1138 99 1583 2085
3057 6060 5945 6975
1396 2740 1894 7036
4041 2037 4069 4726
5021 3801 5706 5904
2510 3264 3128 6777
202 674 780 1739
4702 568 5305 1616
5240 3141 6008 4212
2952 224 4332 6802
1871 3502 5011 5362
3837 2594 5365 3992
5493 3504 5736 5136
2599 3196 2751 5614
4002 2035 5115 4653
2535 1353 3069 2037
174 714 3687 5343
4629 2568 4815 6998
3101 1718 4698 6902
1551 1919 1958 4905
78 349 3285 2459
4923 2244 5944 4854
3103 2326 3377 4762
1785 827 5957 2687
2526 1341 3548 3288
2617 102 5274 5826
2634 2475 3430 5894
2974 4105 2997 5310
1258 137 2512 7104
2075 2511 2853 6452
171 4096 2167 4431
2127 3546 5551 3594
1118 372 5657 1618
967 2925 1580 3852
2127 3316 3714 6471
2935 962 4777 6608
384 1246 3349 5537
2473 245 3466 289
1852 1636 4092 4506
36 2894 2033 4033
257 956 1518 3218
4234 2642 4459 4633
1662 776 1846 3423
2489 2139 5189 5498
2910 3336 3066 5494
810 2511 5804 4714
5642 3026 5976 3930
5577 72 5808 2092
2331 5433 2943 5835
3802 1566 4304 7148
1744 3832 4828 6651
482 3455 6002 3524
1119 797 1175 987
432 406 3889 1874
394 155 5639 671
623 3727 2893 4243
1191 1119 1491 4962
712 1575 3029 2183
3539 5250 4064 5913
2112 45 4772 4998
1507 1506 1961 4895
1569 345 2836 3424
3264 2083 5086 7031
4335 1531 5030 2859
896 2536 5954 2764
59 1220 2408 4513
3059 1692 6110 3314
2655 524 3115 4392
3114 4037 5244 5420
114 4380 1371 4575
431 68 3748 4479
21 1288 3286 4608
2250 182 3423 3597
2281 495 4760 5750
4073 3330 5245 4979
2 3918 1710 4345
5118 450 6074 4929
3226 921 4003 2666
1776 2086 3593 5169
2245 3353 6056 3689
1729 597 5311 6732
3179 435 5822 3134
111 1361 3015 1644
3378 3691 5091 4860
742 1830 5603 3140
246 766 2035 4416
246 1496 2594 2157
4170 1719 4730 3750
2054 1890 5477 3747
2463 4252 4224 4925
431 2346 547 3754
3297 371 4312 4434
4387 394 5860 4901
4159 4246 4324 6293
4596 967 5900 1361
2534 4781 5337 6690
625 676 2966 7106
1584 595 2073 2496
1801 1316 3085 2348
77 168 4324 3320
50 2276 5899 2832
2186 2435 4690 2500
852 423 2562 1616
4294 2610 5058 2808
2314 615 5924 1628
1756 0 5962 687
179 1762 3222 4767
839 2502 1105 6453
4313 3714 5096 5402
3033 2581 6039 3858
2280 2465 3982 2828
1452 1486 3888 4013
6065 2250 6108 5626
4761 5801 6044 6674
3930 671 5727 2009
4434 172 4936 5111
3554 49 4880 1898
403 3716 6099 4986
2793 825 5310 7004
3681 1629 5198 3409
1096 1419 1656 2161
2124 998 5248 1787
517 196 4380 6966
2185 4956 5243 5773
1101 2070 3891 5078
3660 2861 5244 4270
1426 1513 5217 2600
2799 74 5103 1315
4035 3048 5319 6974
2323 2366 3267 4259
611 4565 686 5447
3831 3072 4980 3081
1697 3441 4597 4704
1858 2833 1993 3650
1985 392 2634 5738
2108 4042 3853 6258
972 671 1628 1644
134 542 1633 2117
2042 3960 4939 5443
3901 2875 4761 3040
3273 3706 5328 5226
4821 1626 5675 4110
4721 346 5354 4174
271 2613 4512 3569
2207 2276 4748 5084
1345 1781 1869 4533
2752 2504 4616 4188
2241 284 5703 3287
2212 3915 5696 4362
46 910 4596 2460
2595 291 6090 3486
2800 1197 5447 5142
1955 1571 5447 1886
4717 664 5907 4366
2555 6045 5106 6054
1892 1260 3585 6758
1153 1797 3355 2131
5989 44 6093 4367
1494 4726 4926 5607
2029 3056 5220 4114
1900 4666 2350 7097
4948 1714 5516 2063
2069 2681 2528 4730
1158 3050 2458 4692
1194 3264 5678 3297
108 2701 5481 3127
331 1637 574 4482
1103 2984 1702 3200
2792 4162 3670 5954
1112 147 5007 2911
902 135 5926 4241
1548 686 4203 2564
237 357 4967 5119
3315 852 4822 2770
1614 636 2306 2085
1619 1267 5286 1896
531 2074 2880 3198
1785 1194 5595 5509
1105 3400 2101 5737
582 1807 3453 6077
4420 1721 4766 5917
1503 1883 1788 3318
3193 2859 4915 2903
2062 1450 5030 5093
458 960 1203 5896
3837 812 4984 5724
2136 824 3055 2603
2755 2758 5036 5883
1436 1015 6060 3799
1569 3569 2217 5879
4741 1123 6041 5697
2712 1223 2813 1243
21 667 1815 4218
1475 3625 4124 5138
427 3060 2285 5281
4626 1865 4739 2626
582 3646 5594 5980
626 1108 5464 7132
1349 1143 4618 1190
3702 559 3913 5799
4536 5530 5166 5610
1112 4023 1448 4110
2937 1153 3816 4915
4954 3278 5758 4205
785 2157 4622 5028
233 828 4752 1374
1114 1224 5169 3923
755 4964 5067 6786
255 1460 4034 4747
2203 5322 4971 5756
1235 2244 5295 3904
3937 2576 4312 3501
564 1941 619 4833
182 2600 738 3281
2263 289 2617 2320
372 1357 4394 2351
537 2678 4173 6104
4156 1130 5130 4304
2690 2717 5365 5457
1406 2720 4175 5671
2121 143 2441 3608
5068 90 5103 1586
3053 3523 3914 3727
2068 2886 5411 5892
3887 4617 4558 5678
3137 4975 3213 5212
1089 3886 1434 5607
5052 2916 5215 5480
2057 2000 3683 4670
3591 2866 4257 6580
139 260 1921 4963
1789 2121 3142 3658
4201 680 5725 6085
114 1631 4053 6134
69 203 2998 1649
2104 3156 3303 6608
1084 186 4681 4767
1631 33 1902 6302
771 5270 3462 5418
4170 1008 4668 4149
3459 3176 3503 5471
371 4183 3770 4789
154 597 310 4560
820 804 5055 5233
2644 1346 3150 4627
155 666 3646 1871
1182 1820 2644 3992
1333 297 4422 3737
275 1206 6023 3625
1484 1242 5026 4160
3665 2341 4565 4589
667 4335 3093 4701
2821 57 4504 950
387 3785 686 4158
931 3054 1639 5276
2877 1439 4633 1655
878 1905 3540 6054
3726 3289 3996 4521
1478 3397 1848 4066
107 1096 3241 6060
3156 907 3896 2396
3191 2489 5399 3706
3358 378 5753 5480
862 2349 4964 3771
290 3748 4798 5612
2191 3686 3358 4656
1438 4148 5536 4702
3550 1930 3914 6057
4278 780 4790 4899
2737 3312 4150 4289
4293 212 5758 2857
570 1401 4552 5917
2281 1281 3612 3407
4334 5922 5918 6856
630 1545 2101 5967
1533 1734 2629 6911
638 1294 6168 6167
1690 1466 5197 3592
1445 2250 4081 5955
4119 92 5967 1230
3944 3546 4995 4034
270 968 1191 2473
2817 1477 3336 4162
2604 1495 4113 2580
1188 581 2027 5346
4522 1884 5780 4072
184 798 4231 2622
1752 318 5175 3432
3552 5025 4541 6332
654 4433 4201 6744
1134 400 3514 1267
961 2300 5182 5766
1540 1719 3649 4342
1446 3764 5426 4286
286 2923 1287 4087
138 4972 3940 6834
5700 3613 5709 4872
2346 1744 5483 4613
5266 1618 5856 1865
7 1540 585 2975
661 405 3099 872
2305 1424 5640 6632
3245 3106 6153 6171
435 3064 2476 4730
3219 2425 5009 3529
3518 3446 6022 3528
775 1340 2167 5218
4406 444 4667 4240
4484 893 4983 1154
3586 4571 3602 6156
754 2162 5200 5203
2256 628 2465 6161
2343 4584 2534 5359
2516 2572 5863 2850
190 2699 792 6765
2175 4098 5206 5799
3366 6755 5118 7089
952 4804 3803 6463
1155 692 3171 4284
2668 3976 5084 6655
1168 2004 2901 3316
539 2120 4700 4658
115 3250 492 4648
557 373 2426 1141
92 3605 1760 5170
2418 2434 4514 2691
4140 4891 4321 7128
4597 2711 5405 3912
2628 924 2827 4548
4140 1814 6133 5212
2154 2833 5698 6074
1229 3428 6103 5949
3828 559 4947 4873
4835 2698 5957 4952
706 4684 3339 6253
1139 1526 5621 2370
4604 2595 4618 7169
1353 1534 2826 5630
42 1788 2454 6282
781 606 3518 1802
3185 5030 5523 6288
554 5781 1902 7076
404 3057 2435 4882
1380 4082 1413 6498
2380 1637 5049 3771
1235 1963 4321 5961
4439 4164 5872 5466
984 250 2944 6006
2736 4466 5237 6158
696 5386 2139 6165
3090 2148 3238 6748
300 4827 1434 5853
916 211 3206 5674
2845 1388 4743 4225
506 1890 4585 3440
4971 2397 5276 3370
1286 3278 3014 3648
3673 4185 3738 5530
718 2274 3573 6924
2003 3293 2495 4026
39 4342 5101 5207
4701 3004 4981 3587
1008 1553 1439 3072
3837 3948 4711 5316
1323 121 5123 3112
1039 3358 4285 5574
4167 3157 6160 4858
2040 1091 2332 4150
1308 1043 3597 6875
4920 4160 5552 5137
2283 224 4739 2900
2845 277 4477 860
2365 4137 5779 5763
3186 234 4207 399
39 4157 5525 4665
834 2478 3549 3360
5319 1294 5706 1343
516 2439 1176 5790
1734 4398 2719 5776
3513 161 3804 3098
172 1960 341 2627
363 1120 5024 4197
820 1135 5142 3659
359 647 5285 1439
1342 4118 1737 6396
393 2232 442 3090
1139 679 3776 3779
3773 2504 5239 6582
1762 807 2591 5465
3861 495 5932 4513
663 1597 4517 3663
1663 2311 6079 4614
2092 1554 6093 4678
194 3958 3192 5364
2730 883 5678 3763
313 847 2839 5269
3854 408 3892 1795
1096 4347 2492 5463
1967 1000 4308 3009
2456 2101 5100 3381
4471 4242 6108 4625
1351 2565 4524 3170
2868 2802 4217 3138
952 384 3764 2762
3692 628 4571 2348
806 134 5744 5742
1152 1179 5327 4696
1535 468 2718 6911
2954 3156 5126 4200
555 6287 4468 6614
705 3366 2162 6731
2878 4015 5779 5450
2391 2693 5471 4474
5429 3231 5628 6821
538 2916 2141 5436
25 1649 1641 5484
3763 1677 5070 3739
990 1684 5658 3825
1074 1787 2864 5891
9 5032 2268 6170
1519 2757 5456 5908
3785 2407 5362 5335
187 1054 5372 2134
4039 2431 5768 5526
1290 588 2376 5268
2075 879 3735 5217
1989 4517 3920 5850
2233 352 5443 4427
91 2000 4609 6666
595 2550 2111 2601
1605 3160 2836 5770
2103 1908 2580 5033
1265 1837 4593 1889
199 2218 1182 3791
939 2697 2820 2808
372 1185 1080 1589
663 2121 3133 4690
2486 5301 4100 6097
1763 3670 4393 4484
4139 2193 5951 2628
2475 4540 5228 6266
3411 360 5263 707
1967 1687 5196 7043
2712 868 4665 4014
421 2552 3309 6042
1521 1933 1662 4075
1266 1605 3589 3621
781 328 5337 3513
3704 744 3943 5450
2738 1387 3734 5209
3794 4555 5385 6068
2720 3958 4516 5582
3709 758 4256 4496
1005 2753 1035 7181
3235 860 4530 1671
136 4149 4070 6949
3010 744 5385 5485
3186 112 5554 6917
1985 5039 4629 5488
301 2042 4164 5527
3466 2072 4195 2866
3047 3471 5167 4272
3523 3998 5864 4531
5 638 5659 6343
1190 2946 4039 4329
870 2315 3405 3163
4616 42 5453 3849
3602 341 5635 4308
1258 1944 3075 3118
5906 744 6038 6910
1889 2030 4139 5454
620 717 3339 2691
1206 903 3308 2058
3977 424 4776 2372
3710 3234 5419 5187
2525 2265 5533 4260
1360 1780 3483 2828
1978 535 2197 4185
2802 1762 4433 2559
2719 755 3461 2564
453 4617 4691 5688
925 3305 2328 6861
873 54 4560 2494
738 5007 3682 6237
817 2437 4712 5127
1560 1975 2241 5468
1815 517 3311 518
532 8 5682 3080
3370 2860 3886 6735
2853 360 4507 2704
2996 1662 4275 4568
3946 675 4491 4367
2713 1183 3554 4739
3530 3540 6138 5632
3201 543 4657 3572
1409 1464 2874 4192
460 2703 1211 2840
2074 452 3982 1914
2761 406 4136 491
4535 1567 4761 3467
3577 2958 5832 3770
3202 1605 5311 3201
500 1676 5945 4090
2498 504 4184 2908
3001 908 3345 5304
1329 5626 3246 6380
713 462 6147 1248
3344 3522 5278 4274
2471 238 2497 2597
667 3082 1825 4585
4321 2579 4907 6028
1714 3813 2432 5577
672 441 3388 5388
145 1320 5643 2644
309 4968 2344 6108
3122 1464 4126 2133
1366 4131 4316 4572
1433 5149 2882 6255
657 2114 3874 4054
3456 5249 4096 5526
1531 2768 2461 3848
689 549 5192 3202
3507 2122 3653 2270
1044 4454 4493 5350
963 997 1050 4464
630 1268 5082 3251
3573 4927 4192 5897
917 3651 3222 5065
1567 5780 3792 6774
2851 38 3691 722
3972 1281 5930 2065
3400 5846 4455 6292
590 2396 5599 2412
444 5600 5886 6153
2509 2824 4686 2925
848 708 2883 5083
4510 777 4736 1179
2807 81 5173 2385
564 681 4168 1524
2708 957 3788 4158
304 2149 6056 5652
5623 4013 6072 4040
2097 999 2210 6421
4613 1198 4728 4104
252 1712 1800 4374
4789 155 5693 6042
2387 927 3214 5775
2498 1583 3691 5868
4190 4720 5230 6950
542 2607 3858 4887
4014 5248 4931 7178
3086 1592 4567 2847
4917 236 5203 747
677 1230 3325 3944
2054 2836 3043 2940
407 2419 3053 6016
2594 4164 6048 5373
95 2185 1193 3555
4287 5056 4878 6500
2541 2895 5710 2901
4308 4266 5603 4334
1785 150 4664 931
364 2770 1896 3662
839 1937 2340 5912
661 4998 5027 5553
2660 5437 3519 5975
3596 3761 5873 6572
1497 126 4387 852
2367 3251 5609 4181
3480 1858 4841 5207
1933 673 6023 6066
754 2040 5680 4993
384 234 5931 3600
3509 4738 5177 6222
3605 2742 6060 4033
149 1013 3691 3128
4158 1172 5715 7169
4146 3754 4782 5073
481 4191 5626 5853
2584 2086 3307 4914
1821 2289 4644 3411
4110 1458 5158 4899
2846 4494 3021 5838
831 486 5945 1712
858 57 4793 522
3604 4327 4059 4636
1352 2875 3776 4753
3970 3362 4996 6763
676 1436 6003 3721
5040 1199 5962 1321
2790 1191 4022 3070
3080 859 6054 2250
314 21 5677 68
3339 1124 6054 4583
360 3946 4035 6041
1967 6038 3178 6768
63 4882 2462 6838
4000 269 5392 1953
2553 2191 3186 2497
3530 4117 4043 5295
994 4356 5840 5624
1147 1386 2329 4566
2376 3732 2598 5345
1119 976 3031 3941
1201 1381 1863 5044
363 2881 889 5369
3218 3395 5212 3702
1322 2413 3462 2860
62 2054 2472 3253
883 455 4750 6990
3306 819 4587 4696
573 237 1251 3073
2121 90 3234 1070
941 3194 5144 6461
2296 462 4636 6311
3938 427 4898 5927
298 3175 6069 3874
4320 187 5699 636
2775 714 4391 6101
1016 4152 1369 5374
813 5421 2820 6612
1891 4892 5718 5064
4323 4903 5370 5939
4689 5006 5164 6156
1879 85 5748 5883
3210 669 5726 1809
3276 4989 3918 6667
1573 1973 4102 2504
2227 1796 4476 4311
2983 1467 4517 2521
2218 853 5254 3960
1510 1860 2793 6111
3890 65 4146 5588
2355 177 4584 611
351 120 3457 1700
5215 3479 5861 4451
1197 673 5165 2386
1386 578 3112 6792
1011 285 1161 6733
2660 2944 4974 4251
3284 276 6029 6141
3600 1362 5590 1392
3101 4771 3274 5147
1230 1026 1821 3930
512 2323 2556 3261
959 61 5953 5972
1651 295 2949 2516
3515 159 5126 5407
2732 2748 3486 5039
2518 838 3628 1293
4435 3027 5198 4764
4114 722 5176 5674
1167 1985 5073 6993
2644 660 4185 2971
1113 2483 4023 4218
4444 3038 6008 4472
1607 4446 2654 5034
3349 2420 3509 3159
1172 5121 1619 5720
2948 52 5246 1213
776 702 2459 2437
2450 1185 3449 5251
765 2465 4464 3140
2195 1727 5116 5461
1322 897 2266 2010
1904 4661 4410 5320
1281 3507 4255 5477
2156 2273 6142 6712
2375 780 4146 3564
