5000
421798804 335643442
488421838 932401444
288785659 13614966
443306256 263714323
781892655 675115297
864594075 75762720
414761023 323429481
214658415 404637791
279910655 522158952
702224456 593172105
945102465 169562771
803574460 48624758
200615483 238280288
270888838 890407648
838794673 561404616
948368383 955703545
905983219 90924028
728726993 276368976
20149793 997186359
171327624 284148310
260089346 397479008
836448038 167608738
715785358 690426407
537647050 638779325
879343863 673940153
65158989 667806737
855403681 368861669
319529132 257435824
849156600 945608018
346860541 41955832
967492794 711701656
156190690 912592812
568111914 710167128
572894773 453171963
933486618 743583907
119478851 145938184
300484926 377293415
251420381 69818676
876941434 973401881
407809606 348457653
624321852 401222682
580646340 350871786
236808710 895846592
227472881 192308912
604096920 151099683
775497611 842802825
148661112 744968554
954071961 466834283
25171889 154878606
867081750 652849242
273635776 895963258
838148782 50958270
701187619 704387160
114680181 558925985
433277064 787663960
397222144 245243810
653570390 868929328
55563708 838087315
550040388 659003745
175440854 455785240
600678338 410386205
468251833 271348341
719828655 895616871
540618306 435348852
489137269 902371924
742365571 74625784
139886610 257267923
476481294 443556501
294552699 930250054
14127093 567503080
834354830 288613168
9651213 190794827
914699121 80309358
622735266 384547685
732014237 24898291
574908996 25232282
27151929 886470970
420243444 143097654
872555383 186831981
208101480 197920320
775818273 81639803
677618496 576067937
227426144 112735217
557086157 737351259
175497999 944459326
768804866 57581782
214113196 896005264
741019032 57742833
338192019 800411158
713016266 839502026
935256878 147109362
363406249 998933732
243753847 173547402
349026331 547369581
913725582 765363205
794886774 182090106
582337216 829457778
777545011 221300563
574415199 770784285
957294225 929480578
769262075 327130359
43927776 749916240
401366096 559935278
562909538 118325384
496287337 827347406
511878648 932745170
356518531 28295682
604445522 690262800
407865743 981301872
409542675 540069168
552310395 104976146
403527565 69092598
185712190 560490021
979377638 530386174
697519663 540760759
870721278 494638979
238894686 754259972
534003699 439040387
564064949 626050805
239260485 879928902
502603765 695709535
82410034 519587348
385598132 275332778
695275484 143277012
61536436 448982825
99992573 907223203
656254691 553647239
448932610 345850449
949963873 903005866
146831161 670492140
429757442 45377105
56743170 729268533
204910495 183515338
940376716 663103955
95691005 62521811
706596863 377439930
742445078 415696796
136541147 491329831
101483329 173893320
841385352 369233760
976150321 864412317
499648489 606482039
548460369 528964383
339090320 295911852
780485174 604804443
367208820 53301023
484811446 302919349
625569981 781427945
686997219 543609976
161476496 629029665
896909989 126527724
715600919 576091693
264516362 154346863
294572097 618879700
686743580 423043483
413867132 335601134
929846954 6423704
450794954 440303364
920587812 202375357
617429608 747851807
31551804 24477149
797790754 700352567
736961050 145881019
173233638 718345076
298967610 143287236
448846042 443769745
460932045 389790807
472227655 279132554
23465658 640824496
676246995 55985507
740894217 182078739
799746216 389355545
270327625 638864245
396870080 97182277
106343382 712428589
908727637 219826811
237211275 4509815
38495687 7881700
698749703 188591041
143097654 444363381
813531931 216992611
115945750 617732171
891270433 774722531
45054654 706502457
446588970 939286977
109992361 339717814
318308588 982114717
68080515 697738978
905594225 840152298
343390257 765543702
813975651 723203926
957406136 920035069
302803107 783628851
839390199 345466462
717395971 141121786
526432467 450977438
515492239 463229745
282780210 124552327
643166488 835411665
71904467 154908021
305864710 792717810
134882748 79781186
85272926 942532064
313313705 744422495
128063454 954852968
980876030 106197731
46084379 773756822
322299323 981218494
669083548 711241339
246094079 736512613
62694048 686693262
492868390 889447006
269016826 929286172
754744817 180504274
943103008 21719234
747987044 816889961
354033266 166469225
238375248 75993192
719914110 37336589
154703582 45416984
679263084 533221907
335635375 923147799
890777436 830137681
903506984 56558790
539683149 12187557
29377679 189048744
867840700 118479002
16533150 97565432
53905530 239269940
5902756 777161018
929921782 2982919
536258682 84572569
358322407 426727511
28683735 373338712
662752815 748275904
780785212 748001476
563872757 302098488
741670991 48014615
797517672 860641220
417555527 410164177
272386832 160542792
74795306 300555758
250246692 49990565
420569850 552847925
586125228 352881206
327041168 304266438
629927402 126978050
576988303 48828643
497997468 906649302
29314327 396562709
329748535 620916013
237493980 984703061
615295013 511526882
537077293 516860703
59685552 21659323
722842749 755298642
547079151 39529661
521720121 377551079
979594541 246494150
699398250 643167805
683672403 510040221
653524641 543696427
743134304 145071544
895923075 413750163
180665979 76634537
244497428 247255601
511491714 853592749
970596940 688837254
24969726 318991453
115059640 328492777
220714780 519384419
748044586 905704157
141687616 4792742
208949477 499814546
633929396 484078315
767179142 593534040
535649052 68926267
793114663 211068894
90277632 456783287
22793553 804434763
702705637 475704811
843794460 161877364
286602172 161909919
41560718 874032201
266412378 235854569
702630168 94946210
233146246 337003332
781976702 141319295
536317378 245081372
950137090 540871042
939864571 113733268
781925008 996954532
49173575 699383754
606138813 41836207
344127046 26361569
749480481 164201626
371537004 360983596
279865896 716071931
270817375 612312568
329236138 55007831
630756341 699476786
327812381 93747367
204893818 954237413
895575030 824343255
665966699 943244430
158844749 565771550
843626605 520431378
717069776 56337193
676723305 808871999
279273500 455318471
149413175 155770771
698455308 65263465
811687990 371423915
565782262 559034045
313827802 197263025
284949203 364742339
45478767 744852675
730690179 607757871
177354159 58800848
829420156 140667095
703047328 793444166
319552164 103069098
287917344 236576120
55169822 935087173
437463994 51463910
858494914 143977487
903358412 260272956
5025736 738165335
925228728 365525428
479261692 830908431
896361302 670940386
519895640 962522259
695728312 964605657
318467217 1567661
290468646 905498301
845273313 787155896
719715549 737985253
268653160 88454273
953637329 60644945
3097776 341205786
613601760 882758868
452248846 635897695
464967649 721916448
843675984 819546126
144427461 230645573
659976087 567176762
330611700 240155508
204230662 907175898
843732411 931347019
189372715 119847862
56066839 904546427
759683729 662484945
648255603 37357768
171368716 982111797
272925329 491611284
768970763 961712532
264710520 705175844
884298706 721388898
67508892 672011174
155949602 525604346
467993823 85341761
465416400 692121781
901229875 555944513
615981164 210999711
284390827 372899393
113335888 523004560
884925532 323475088
217670558 182118161
397805502 664386705
233916329 242389943
242649576 481154731
668259857 753993314
326807663 99451847
410892445 280053411
135957036 39356006
143424777 401870713
122367331 202647938
727662074 599333911
810893756 856087486
795494039 845509011
989102019 570862933
12308769 815832501
850513257 63116300
706449475 314167658
80090829 696771735
998611820 660199148
359915643 852625365
925154621 13997793
808443440 2673428
744176817 18829998
816977231 479802171
696871695 779135241
853290487 719776308
86244741 264208255
310672717 503282631
570628913 140161466
73865358 142080411
437009651 400251371
787723296 70698614
549164385 840193489
212103581 721666833
116026550 818112127
94413149 344132016
268295598 302502952
540878225 248037501
699034653 559438563
143174838 912403911
756690502 371218253
872482805 827264811
239625164 698779739
586384323 650855106
930769163 442559230
810952853 929205359
814754935 508830093
315775805 692086071
994483864 754556027
483602804 172262629
530392777 458563099
41902077 38680948
113947397 111028788
885027655 485393379
112606385 961738200
921641815 370208411
405072861 138908880
395362172 686478543
441543925 89759375
525915202 861516247
531356404 289478733
223430655 35367915
896071779 339865746
136677879 860486693
601656799 980102679
679148317 643467342
297703086 515038839
339619477 33645933
125423532 834044410
245307274 186864475
200872937 436084633
948910810 994051973
805228681 229907824
265938002 418713151
999469011 907064002
131303904 844744944
889311483 203470575
302117821 379853314
950362540 355812098
734760169 886740101
854236999 400330117
167810920 369619114
694899243 257989904
393709876 429055252
362903048 37711468
741546525 326005309
459681424 251948423
834863398 100891612
133000610 440034769
541678316 77851379
528076223 316614312
414962963 275533926
407265205 655469101
152123099 315909761
278570945 128238479
58202127 17968899
923196841 694958816
343332588 334177531
191670066 764062434
132839404 783399379
712862965 277381191
345601659 537608627
791044376 191569219
783073958 590238273
255513283 825844298
429343669 531299484
459348933 46006985
820084936 781507744
188076629 275297260
239551735 705972005
724796978 749988260
941095677 727434697
403296134 580548930
907418621 251484035
333823217 576581853
430945569 863897207
976595825 316993202
757654108 793521102
467745180 12362163
444012645 718001153
322328091 346433983
345220852 420773154
906502723 216648218
134867615 241113875
158577096 631002795
896648599 802601034
145956263 781065653
494098727 122492463
549168418 921056099
884011333 339459440
551340071 559991334
88975034 864072386
84255949 205625890
695700602 844008234
79683590 618555022
461434176 277355856
517985233 970324583
299430555 794057958
210526675 637729643
590333982 281705689
987625565 212357919
237401457 232414423
422715639 206089238
983745962 233816313
562211176 536287584
438781952 734025105
96018012 601680518
380379347 628103951
225315103 56595941
641402683 268977340
802259193 184690665
204646791 879013687
47054765 652582583
952525987 391686094
13461010 308045539
360977617 192755271
703212740 483103957
411270745 722369158
22773719 305606083
718332699 875473221
697803785 408524415
94120754 520662139
138073554 475374602
471695977 174903145
789033259 87280936
753233026 195035243
14384782 672768982
61473185 626568648
213879905 861066600
737541603 163013976
218887060 940023543
875918177 296017291
830713811 957391232
601096748 194505394
260896386 307823343
371859042 266773456
498386626 332466370
862591336 845100193
184245896 162155813
392161521 751395382
973443844 62842070
840160587 289697882
644060361 124193798
9304208 564247457
214337425 901691498
585768780 584258274
456045859 827574930
186660628 234132482
134722025 743999887
423719267 499356249
389349723 779732183
766779981 997303678
142410481 97428073
616880400 839338795
258588590 920254126
806358610 823877099
932670745 880673976
187369924 216121519
885089832 750360902
875685835 56567685
697935416 499257496
210514430 833108175
246655304 943367406
96073408 116760148
109776684 937296743
517989336 910496136
90837866 625780326
340514017 353609098
938370655 75653750
613739841 155917714
842112976 814398589
556738247 549724808
162269584 192379936
369917085 315506137
832929587 153262958
471542250 89163392
980766767 187331319
945155998 547596598
723578886 282960111
450718321 334700559
358089416 403231805
184493576 953139150
868202560 79947169
274856399 736281710
273776431 192250496
412237936 273011155
58821996 684034489
677933475 207414019
162311438 485461679
888116232 127910768
804929640 468114234
203110306 845396854
349975857 274941482
897589246 286231024
37392477 134660737
690352403 215658577
834614895 158711888
583023831 630347583
597902557 431895257
488371333 44764465
615488264 327107112
822479026 37553429
256374948 668864710
479304922 840807062
48256286 858897767
70255942 404315079
362222883 306887099
242033513 854141084
693612256 899043797
744453342 74947611
103386353 915490845
45295766 830993619
466554806 435996790
150616562 344540972
256425138 800245532
108907577 741853009
455167439 314298669
265432039 246570129
686912261 470624299
95831393 866188369
551325368 168858857
406750706 729739124
485639236 208759725
396328662 581800973
609446011 158618503
62181940 514858881
655345902 573707545
928511020 582915140
739008174 167110097
469397072 149317426
34910804 840573575
38462922 148308105
25613716 726754184
627764804 699087888
869872316 23927907
816694953 282810318
181674260 595586303
937378808 942800857
673153086 597416405
189949440 738032688
32530081 584669908
593003869 646897351
79917122 708538198
307479153 86309672
891098083 980080366
195776784 164616469
911726668 794029626
502522645 751698879
235113874 213548594
218536966 935644644
606958023 310782132
84633581 93061265
631693823 187290132
331287103 409283418
619092013 337088384
680514085 487274009
403975741 531408457
369322863 391907703
149575009 444876300
964486974 758735854
597428599 522485588
706642214 15940179
799016084 92057576
771682325 309940783
258244630 332025769
713300999 188558047
588534591 217218405
33553752 41754134
367779673 89913476
987532830 510272280
941286331 539162074
825863276 351184353
298923775 705426295
156869358 568822834
861373677 755718823
39864311 689546368
129195353 786059530
483396654 243318649
383897542 510953181
75089953 684754455
325179718 268129024
132736881 608274180
239800418 626286968
404865115 725456842
854518033 306800338
159822717 239441245
554885326 557731323
863419184 423968806
26602032 917512771
654809356 278998235
286498090 575935604
586660375 394617998
865325934 727593735
698174901 241284753
941171858 12933183
858958118 60718783
22945234 324648701
894657730 803287285
502182871 235499224
732669025 495196970
757193280 735953669
300999167 594521578
229211513 523956366
915203217 262911046
677586973 535642380
792676513 312279779
606642442 708745475
224171406 153036891
90454722 604884346
2897974 644897068
749875035 787717025
531358029 557223769
390118979 21067121
696109213 243421808
214668460 733498332
335305952 417382500
602360086 456967809
425156099 824385725
669956230 69732454
826652183 587057171
47192981 503856940
32559680 528604328
906421132 541925029
15671802 922578878
578139567 227280623
800768155 334967399
285607251 848761908
820178892 723793526
483605947 658223479
878359863 69665696
788111001 629607425
782867742 103908992
257643075 499247511
12056969 253331450
978032485 182953325
732971850 803375987
763222591 120394208
426305569 371898380
466905772 173029685
153896711 245625852
764265954 896594016
72557217 543294424
519794140 36322572
544216270 430133826
611276477 365708515
859947439 130404570
322458756 827624664
829966656 317368856
716390020 196430726
507854773 35096844
958204548 835973828
833542159 233046165
865236546 361363203
543812397 833270995
710789976 54423968
520326863 15385910
570856997 10460762
295347216 371558251
592556452 424546930
35811853 388222226
853276590 440053382
368490224 601040989
77595449 998148482
959102919 993412511
966943127 892019059
976554019 607754377
802342448 812623941
357377816 908385418
41230380 538154411
507487280 996739132
659114437 25960996
91852638 58374087
979618692 857941672
54776437 105967360
94674977 948210986
44251348 281117977
272343486 96208714
282295808 714508981
3036750 728645402
279177643 978377655
810654455 602680402
86210055 344213818
724601935 967774901
68806176 291661722
563340111 198408541
987348847 288723298
972195617 341727540
435271534 529640832
211879290 287149078
168923235 379665660
637906038 143280389
739466538 907141874
578335087 276698812
105965161 710600626
364821869 807099289
47673166 144500211
594755145 679487887
48449401 148662547
423369420 938478633
12650806 722430862
571619645 82567163
158325525 491252187
136889556 744768194
151700281 653937195
826931245 240540549
203611721 745720621
668106738 851929023
985033623 663891704
622049109 228262363
651816278 254605939
268036431 289006277
379048947 717976775
595877189 515978892
210784728 201599129
72088857 545031003
163713574 30829057
955265094 40948954
899882255 523179290
266928155 588655898
472072345 515662664
679782390 385985298
397848263 617221835
110687409 670638387
335971695 919748673
436147422 697572051
43581333 256653123
884113772 625410931
507016094 176269038
414024408 863536327
122613974 535948931
586596518 162846196
920836223 236535924
732514729 668212311
322132553 949835172
346118496 382643572
152758424 603995633
533030802 471451581
836031259 419401756
259005563 767002495
726249039 193959508
784195946 903949638
754551049 113738377
661157729 240842488
511468680 2095277
42694915 770952838
662091912 325959098
171745775 903215791
619317734 446315694
835791604 294632180
30737481 327892721
271834368 599110759
102312501 351998413
261181120 622607286
840947020 866871956
773183211 836426
98728356 917163739
796652281 601638892
315048312 248846009
246230146 773814601
776647961 733653181
300122694 125846552
67851678 557960639
459803872 131687990
170313330 988435285
129281408 176232134
472909447 123667811
465403363 331598309
107773826 469965029
474863396 971877559
624412359 383574721
589060406 422803662
562205527 456722747
777761374 869716612
848035464 589336068
7526214 888766943
586600564 457690583
627717695 808596127
293622033 83277363
640381813 740730840
586161897 467980260
734629193 424732558
469625180 937502932
490998540 951783805
544125213 373032910
344447475 800038707
931627435 718805695
729296673 134185256
182355049 432167885
97970713 323831659
194809234 476340579
93399130 471830678
819820515 387863068
570981243 733187722
283174084 101785867
450799275 696158218
320796729 657373016
197236614 962009365
695568166 752147610
672598967 960421940
206388429 390040286
788445524 427030470
99841417 199350753
816084033 199430315
218830378 532481366
814573238 140871759
737428571 55141473
396224848 374754468
485101831 631779451
464334524 616918651
189194842 658620148
556207251 175467105
520964296 791656805
610649821 163765987
126320388 977376223
896073091 474133954
594072756 70076246
778176242 420126129
112955995 949823601
518268813 395257702
458434377 915532087
487084395 132720681
445631602 120060687
105692545 533670863
737884704 515117442
409582706 168080039
124422703 364378794
355275011 688042931
125729008 227711776
46794689 189767622
356368505 14569475
243112451 312515556
573911334 373116667
100633055 870892217
265034784 118721210
866472307 882428997
696639222 124404984
728864254 109722961
392130525 211848340
398410675 41329007
331992738 270049821
70100687 840441568
12928359 243304935
680733506 274295485
66586565 517890441
838199940 724057086
434488641 421815430
67676183 56141819
431802779 87894695
561944052 51863945
914697706 390564809
114144431 693205747
287143382 576040399
931453561 90434096
739331912 393989403
986437761 434496761
759401254 238404961
238913254 528950399
914480829 296076858
681501389 528460951
287965124 72616283
949667054 104012938
836551080 370095779
953293791 964308368
979705323 411862679
232458385 710943386
8641285 987502716
444326290 290201486
842001775 588606265
219570735 238689845
371056999 114744879
479638589 149494287
340721254 39884918
503087354 783123664
372862414 175828981
78136048 495286073
152353355 990952333
540684925 47240516
475401381 559283221
23512166 151869542
477272816 103134361
892720428 370756380
135078576 438776296
586186288 974676110
627961847 369606309
547534565 838840850
293720132 312747125
93703097 253825507
196459928 472792253
639156592 850878261
744481008 826734415
795043973 901925894
226944307 114733458
606467732 847311741
910190331 228343258
855867714 10530486
90836123 151214567
399148966 7069911
794904577 877684446
646070790 174835552
351897768 365481347
36879469 711795628
339898973 90684349
804874527 625678561
640423159 20375418
220708177 650438392
640099012 230814502
142033662 236214403
6544105 210676978
27368366 213572625
197429629 945839848
396204322 295702371
98472423 439480609
426297601 121621021
699354569 308646308
996683507 961891612
596422442 617846170
28266397 21102470
851842222 180763827
882093104 844118830
586087683 672183587
372346737 289867667
250668155 837432055
518158410 575706148
257095930 70859426
501824942 102327177
424594465 942228638
597406748 573068606
376524205 362482409
19901469 40354914
7695445 243615108
177943491 173312741
385284037 512440613
416749906 52672098
402763691 408117901
454343596 891663808
508807193 376502809
880774512 848244801
565496524 38280461
624094326 471822752
241347156 106072278
277121092 767396977
945445926 952896157
612314966 278640124
97909319 265279782
14194239 726061211
270377637 409148268
4925154 697114749
973533820 32581052
333482504 193858314
296996370 34728214
215405827 241978721
181248594 273842883
335146637 425241427
905509430 569965550
357327262 69002899
507809071 536663172
355530757 597106637
174058218 144048269
303184108 149900700
583941168 988490257
817001876 642847760
195241350 86430257
553911207 754676627
14356222 258254251
17899494 483142714
860104691 844879972
222106262 710983956
141846094 468252419
672414455 152490271
996495176 125952475
817379177 780182465
155419318 560430680
841923428 882689793
954145911 958103362
927540253 582267235
350256607 722808508
580030484 119066077
321956338 603823658
477764620 838448627
399825546 672713892
508611695 718683689
241255654 560471812
180272841 55728469
388034577 542698466
209729286 313183248
470043024 92777388
142679827 320485964
960918653 397610450
409614142 575026527
39939705 766413709
808711665 406081284
985584331 443547895
12670774 615848587
597785600 756583139
756433120 341410677
66839526 236430918
816809751 844370523
771282223 846630404
238784116 49590240
332766551 166259136
693472855 854619766
2005180 948891922
15640305 13168277
574490726 175663023
910726903 802324608
566531416 956261679
11472420 785061596
285607875 468803422
469357764 458800173
862924013 340357274
610523641 593981389
141956857 728085754
551359051 354227806
544002197 793920322
884910754 416697489
800551152 946590656
934550684 147205436
962957915 775975121
278551885 911483219
789308527 100281110
135105553 84469250
437162418 190165881
144111586 523518502
302208121 272687564
208084732 907815233
713829148 166373203
759164320 449416553
73266368 844925640
928690311 261740028
516352546 598474727
341505803 719388456
489283017 175414540
225335273 468903149
559488599 283942305
680411197 808512568
44937173 303195628
47046550 740081053
416907650 360162817
491207690 393945511
104683154 68025682
866561245 35771773
153471496 313325876
651718329 175290715
883562170 126884597
122872832 317672195
189364371 281031691
652572230 669549294
841141505 568671488
859431954 769069132
789615354 817728321
174106507 932223911
31169321 973840833
872083420 227678223
608684060 326854433
126162950 789636302
720622195 920231865
357576055 97354298
992877301 696372307
404379917 507729397
702209118 649725188
81861540 888761610
926015175 781031451
73652124 718179513
102752396 108914872
463707845 990153786
79146493 112037904
14685744 929544467
278082862 895470862
277671956 328815301
671640494 269974646
4997540 490285198
277679363 858778856
353024672 615940596
400868180 738795485
248133710 970439806
3852823 357640731
96195548 769647609
120672676 259788429
528333403 342122007
95742452 66484838
213423996 376695125
324058717 94704333
547989416 635474667
806263711 378903088
454402858 197450933
523025641 843887563
185265288 268671544
558298363 150839506
179321331 298061077
562986394 50227700
305922184 75713158
29220603 810653398
493270168 40070499
739015263 63389069
792464357 221456212
245292870 685728892
130260291 954046430
862944963 388107394
109353964 813671341
856145394 998579808
572522383 981140217
150090598 608947539
780781574 312930565
156153533 458421357
353797259 126993346
474793372 380968401
110478982 284294412
969264371 689666489
411752018 293890072
65773891 903429168
37590841 175121781
395467556 189560561
118699411 940758576
267515497 547875811
182529784 245462253
684202600 95252673
4690255 903378740
156667290 94650150
551057626 203537300
577777312 72536975
478038657 216326147
776442136 433973224
811898289 434866162
39445923 903024230
293301005 572718686
316062849 87699140
998254391 80104698
130556608 209188613
682751487 946773979
45222241 656560765
717598759 697242713
650611637 467598354
48460239 859464224
234457339 264951805
180184755 610917451
544022702 476058589
474273582 990505805
299153047 225293215
236888500 288189294
184332819 232171504
977019116 302015969
185293280 672264012
958396761 388641029
439329221 72477967
164622497 779004868
196181140 112201654
714811642 242720624
793275082 498883502
40245136 97943585
977613550 766488265
849143016 655845293
123496556 508555112
348231831 241317042
656414807 942863902
229229957 580083317
493588407 269295721
780787364 271559297
587105680 856642750
527412018 559382944
405494410 662505333
913728161 906587872
789054269 842192887
434394429 301114499
763893992 784169379
346204738 816870378
309716172 687004757
136332840 800906398
39980269 368475621
631027052 73709639
102176590 731873475
431577339 925136932
867445540 27456235
346094216 485113892
80949380 86162669
757459245 320137722
416979821 341757486
78053079 679302341
669807670 396514444
931108829 698232962
568019382 100958832
630519491 753009025
393693825 859559238
958573703 220805029
490776591 19960865
998255414 739579573
221764801 466598682
769789581 178225701
841648649 184904338
767460529 555863149
148319770 724361006
50926139 394811366
118552139 201534547
860207248 498619603
476540793 602916677
559809729 276322654
535615614 125873168
638768080 792089714
173114008 565093340
512625671 775467167
872893058 632402681
750593733 30657530
825005192 343565699
116338070 411996348
268864569 625479414
534395844 915564318
638125078 100614036
510529670 792584029
448108812 810413535
937517648 98832417
260887650 692096397
446938934 397818416
909760936 178628776
397910751 631758662
132210486 627051985
941568469 28352935
153668628 297352218
957901171 918080832
118082350 147478722
553613343 323987231
216322387 64616161
67002940 723015938
38831796 601715037
379791059 86846174
923078041 81892349
234729268 251093963
148017226 615271829
12364060 74127944
286284945 647711952
418887080 509478059
279615359 13699930
269308652 797597957
251007020 41013579
173948883 901215553
768760065 408245017
530787330 506355107
203861377 159446108
692730076 261359230
404623178 441628253
66450339 141122959
774460139 161557105
87678098 860454924
842319989 155112830
363579411 968938325
323365143 454406466
799640586 799390796
674759427 3231697
352999903 821340718
49714638 315033744
222929293 485325212
26827045 157398901
144607029 976725262
100762242 543861684
389465286 218679399
713692839 107182513
564698247 160287605
766042046 263074352
354514070 784863949
577402043 403724764
246800754 695380081
782783753 801633996
170380305 260736060
484284830 71491580
106939020 800479766
284545377 826543636
78320950 865738286
92089111 305495020
167718772 399670494
42104990 270713946
788113391 530766552
590347916 768276749
894581836 966060323
315322789 457473080
811439655 586801004
110490892 405085186
148218557 152356442
447212922 71363950
357614142 924572880
260494136 950698919
25226634 631176774
759713542 741180249
458180229 783806993
42507795 726967992
805099179 649590754
226207243 786941485
227517076 600242225
962186439 90203206
641883681 226955679
753799527 631893144
502410095 110899298
733808417 421909182
86815271 883426969
395460369 49653534
467786346 988528533
134101939 6421365
63912205 843315829
377357239 871476111
588329474 901946118
107029201 471837970
317953904 818475236
410128306 135416022
812569891 910592354
989459964 594699795
224580742 714728053
715899144 77187490
103172783 619878224
594665298 489773634
646336811 856047321
589067371 838173382
681976864 899147392
507402119 858760485
990941238 922264030
849884777 425188992
563558281 995042456
393934759 704411068
574640384 449863654
168441842 572645815
916839703 121465134
885964930 724060426
370257918 225891562
630865008 542504527
923474147 457069552
12257325 590877712
646634784 632226962
789494291 912908242
209808138 795266298
988267425 270698211
933164970 700411775
991454050 609992061
478039965 73890040
443705642 199519082
166878707 495140560
305045673 681839913
582493437 782206573
857797995 358190805
603394467 237106735
444185960 629582090
292200658 360054322
64527306 293588064
546528272 976377989
773131232 467255110
538515210 334178188
254443505 836031448
688945838 664412636
697862125 328519916
966758302 900439424
468269871 645016300
199329781 95117359
771792004 81446970
71526565 15572861
215653450 776041728
188974039 846544220
19541510 74580920
640896514 362300595
271117507 742703781
284125836 476243357
408728699 695564286
857641876 387813613
842722572 160570510
764478517 913637322
427693650 566798349
527046972 802232046
133130618 724719533
226437891 339185304
56629229 704452670
685433235 74701123
306677452 184487187
69266011 966680299
315917070 113661452
983925914 705229513
704806909 861704730
260573322 460932645
373369561 429775389
174703451 138818170
47199514 264602727
809061764 391255624
383998943 113867669
147061309 413318983
924938284 561447797
988910655 7861862
785508489 408538825
667921216 91397533
444328294 150497533
582407101 287164070
662039276 63847501
252893093 935846666
906625903 536563171
693911199 134202958
714230255 279498969
774400579 225545804
269814588 471350954
704641125 638286523
119548450 250119081
525775220 515590176
359776719 736701637
458900542 341413244
74791302 877243064
826273449 190213228
462629933 770515110
770948357 166342466
154233407 165793788
275994251 689076558
131536727 208174840
675400479 659887955
411529057 514624373
189578555 402827751
411261627 501976380
414053959 908491423
266414130 151563324
249482323 964752114
680905752 572538178
704573170 167657190
643172315 188480326
489770467 767839563
178714623 949274457
443081976 58421749
179454385 42014009
929434868 992004147
399216819 592666298
544888607 511683113
500127147 495221073
413235908 539164047
398652215 29918767
359372478 270072857
606129650 30908280
160136842 818456093
282053480 308383212
471883810 151878348
533864502 77037651
308604738 195148388
973235208 17447606
769899714 555753339
696370739 661444264
297758461 431178576
307334161 894177063
410349017 473633595
314773748 663706708
377590462 119447973
746636591 395873016
799934936 954314100
713516631 933702008
944397897 658084167
263536709 693362524
696173259 56619770
795663885 255666262
971425064 795367114
249453992 609813760
41439678 184167693
203043220 174967502
56434791 981247490
145164307 44951459
607105593 260377550
534056310 123073083
103518025 24233367
405524559 196490985
143657234 347780994
630447803 223792678
191863805 65126951
109829688 719894030
770206888 132319870
941097364 428629122
460653296 619802951
727283977 867867585
225861634 692430446
210710208 847513067
243667091 731504968
927419726 789380863
340022284 200765757
987386113 11158228
186081082 946085297
576641475 45780893
665724435 998403909
847085974 218359339
170239424 743104170
825088402 766134001
391390550 319780183
175295683 881787155
77066955 710412237
936738334 770518321
446645966 239314816
270469483 129583866
224689874 968069530
729707231 644200930
538804476 822820865
581090524 412801537
33729011 478704625
46409806 197190474
751278927 354982827
929483707 324825133
767246383 457497499
381084473 249677809
130051359 327191050
88825119 387726942
214625034 124753239
422901162 338626537
515357773 291298276
340798400 215429482
801813849 390315262
939569103 788854486
208554194 974871853
163279862 129883827
450037726 626688352
675903461 562638477
342868000 710403841
49664196 665866577
688463936 245020736
129606523 199244369
90318970 267785848
543338012 381501839
249961607 955523792
625803014 671839584
900699609 844329637
976213978 190295529
664918138 434892386
59998973 981402938
218443706 720889213
743476804 518325038
841319258 232503607
315693341 549527550
969763716 81762657
147327434 557450063
992131897 974415634
232985873 588100928
485928427 866770715
802561405 661555617
115445415 230679520
730557602 287991693
297187387 7831968
595888336 908613805
630621194 549904788
153601865 939365519
348197012 887224949
114253692 294728765
52776673 854916617
672830848 81258400
875667608 622659037
676617498 650080964
887040926 581997549
925423925 929036078
580359745 883117772
254809978 721639741
111220660 938631238
256639532 37160028
899865425 268707832
825288856 857257257
193940651 851651788
702926784 985267452
118643528 230804225
732111385 261206456
765156764 899779186
541713228 408626122
396789683 216778793
738907379 452438130
976094842 969870567
369860667 932282666
459947497 89468888
119980962 83370365
897477292 16990749
590984915 575130273
790680146 554590018
206886349 640563567
445865938 890787255
480902439 474663484
960942365 64598297
974143581 92747069
224627653 400339643
397993419 360969919
504284914 730436275
773114037 168213853
179169559 318940679
693944912 124745659
467591230 120158279
946964437 764117484
904694322 943622445
53136072 226376963
434834166 235580266
288128227 853966546
365712974 90951193
378942979 387259108
405307974 75531568
527148476 374479833
452803397 444841142
947574751 417193075
998143253 640914346
281731494 161557196
858243319 349573735
152940518 354713408
959073883 813470469
771491581 962678738
665623091 888849261
640357068 758286949
993349989 131743507
269605949 607173697
680340039 297692989
284964458 517623797
660927178 839650489
824395702 751245254
645844719 265926255
994064612 146922553
248906875 551717196
728967550 78377075
511902205 18270686
78380569 389574990
186192262 619347127
589702998 770023803
998179052 28316416
418131842 109771588
477095003 67659602
771975543 564089708
700555999 841065003
74914851 242866003
259945133 134558423
119492092 970759872
927629923 259325318
975360183 274776303
334991430 357052757
531928951 395778009
137058462 833101336
720094427 991947010
23507751 720451929
559166940 28481055
375868 307873283
252405594 45231112
594674662 396117525
184825190 280117361
442236903 608331020
119170173 145732418
969115278 238533562
483241888 857431221
704563702 637504614
71002250 975044317
938357422 850178109
228005183 420857942
935306928 551096710
250926629 330859963
755481453 585632190
485267334 366816106
9958218 455025535
952396746 226369279
153939109 910834531
854123674 985559973
375598212 448900005
936493211 400632090
238327267 623290748
976154454 556988652
3152454 269342014
46462458 784780423
318338536 710875284
309080417 881444230
542366256 336588382
385102795 990228560
666137244 766111858
805879567 998114761
764988437 986348307
560774125 577056560
234263017 765339779
76545868 455685578
27638782 42741318
605754886 474975685
187394313 464653238
401350465 512163517
409659383 907760662
600083331 243303826
415319828 804965853
821187477 644687422
902635210 103946781
671097940 798547911
171782133 847954711
526651156 637375805
244639493 317052848
961893746 591645440
886225134 485858742
584147555 963435854
703949970 568727397
34333869 234951043
698989223 755875293
167886087 368119342
817447129 817895772
837757315 154286054
271991472 857692148
348564381 59850058
450740331 6537819
440645533 767645829
194476206 125968853
553434039 379361218
67257498 58371147
392992525 164982851
59292427 313270355
513082818 13916383
162965834 283194279
531465091 272086742
18765563 370095823
606115606 32420214
833856416 399323893
448311881 632383434
610648463 862317684
356277921 113926538
263994656 683738750
6307636 217545791
487644093 292827678
976066837 629462503
201541938 687241945
584082005 516597743
591768617 57824035
919839652 703493973
463496739 997434370
663359297 82702950
363247226 143505834
852458047 861121925
780090012 352590378
235846833 518827689
209570237 843513111
18588005 508525586
200212424 246024094
111110867 11876487
46324873 659115844
880360490 509515249
68132687 285545044
656495086 371301474
286235794 528759533
650712001 870935963
60877586 737737240
620047308 678123681
34237970 717834135
630736708 101908632
726981082 461469834
617104102 371078533
435704695 99485361
643513969 41325927
297549111 667633318
456993667 247711423
627088034 598315308
426138985 363094262
223446964 110292983
416861971 429042691
306232811 650402323
217782399 752783020
229116120 860320306
841945614 425551713
249957428 56166712
992706571 375625062
961898921 57650182
662188250 577812643
476149441 927751641
496283257 674685903
864673777 154568387
120594445 987620310
526695061 598534696
503816722 451010860
641296435 669147276
15910559 9789264
119740498 801966533
984280196 122047710
933914871 786356470
159568395 546888523
455938441 925876194
513950202 296153221
580371860 187579376
539635499 172977542
656438398 847445385
985556922 906474970
769273646 465314126
964238232 394138070
150724203 663007437
235540651 481439425
939550018 946709997
762302616 472710809
150470073 380438117
66910843 743174394
945936376 54556233
215215532 860539427
17951918 377763497
180621565 154963242
277360626 696783232
198551631 893861024
496753274 434637248
886343865 192005914
120255227 427192402
246737710 931267354
657519280 770633656
286495387 978958789
184906835 184625328
132408396 57305782
196670712 488345430
321279417 459734754
696986222 270734435
278867811 307257691
696774895 261968081
258876342 164467955
968013061 722974260
694031350 561724459
918815243 398225300
89556851 350724114
244793452 579247111
774536214 164270373
727021479 560977107
629623096 232831841
473350031 790679160
773258707 488647095
575594344 762861543
228546426 808100617
434625415 162943169
598345448 584706000
889838423 416488489
207633471 272952250
16602273 313827562
449875311 78828456
378175667 50475720
877565326 983440267
453145734 890157856
107149757 116567678
137830832 10429357
133947571 769489036
662237331 252255680
188529522 620549753
187481965 34749671
150183004 775875531
522240157 884679667
89496888 993373315
22309455 407240756
923647779 709351852
643101426 189597154
294879528 112818942
617517728 108636690
683864884 373834263
538351385 639752216
681261640 810238277
748508961 126601071
823112306 56840654
628354169 824299071
860699129 180129187
325208114 69452794
756338729 19107409
11704037 760886193
371194679 974494334
97859045 199746200
561154423 460881857
971340020 361188956
69696691 480336016
64848234 203367923
45123623 122632229
50194068 570792098
759474878 646228825
41368034 627471276
672893767 706948883
614405903 170949439
434772160 568156347
87522047 67323214
144365218 794998605
858669270 858148816
840157610 819266231
334920492 761640015
753452667 279807724
57280111 59186079
980098768 668545390
674717937 285654415
644159291 905188
719414421 284435987
52447502 785156635
495655703 219812257
315562260 787857147
779569200 240742775
77232426 657737806
867436452 575951739
97492890 997317511
507383808 689008346
521140847 426103859
831129004 54427634
523290022 357904927
569795467 20602794
932316186 351827983
268143566 175870868
431204316 705563541
431486532 159441400
701461267 184909936
357055370 845981384
429314683 574481201
952735227 467189276
217605779 463815746
328437241 443733448
156164537 482825032
748909703 736956317
790246501 789061651
773247247 888427516
910798156 180143020
960422997 617872125
228265942 619519365
560215819 42100391
159866646 571162479
55090503 37775046
911294924 955671306
723782744 151028854
882503957 599391645
593223371 55126933
43431873 567966985
304470604 742629010
400599449 372463280
968911750 389163681
335963213 32804575
801368466 518997479
521567132 931947137
244414763 105992204
663158459 165742071
347038145 605094837
994620159 759192940
547501444 375084521
168733156 442959314
242906242 437707360
302442792 448464689
974732785 72675833
240361623 48623705
569180278 297757165
254689961 259215168
724891848 428404579
863776297 776766258
334028454 683502973
669109901 222314494
732500040 41720022
81607384 266646347
676396955 916099366
285474367 234929563
10287745 505147688
488907424 681488387
161574873 109509289
732044179 177698974
726789731 953750166
156496289 98424912
46601116 158581057
145505894 959152777
722766438 758546411
205157753 872305499
101334575 563719068
521978420 675699442
152794051 655291877
124603651 111397938
27278286 72069859
520250934 118282911
291658220 810612188
240986302 446529945
689663059 720884044
881249501 933145863
520544479 393538281
117845319 322906111
738109093 47242971
965105057 210758527
632873786 338197594
913372508 457748416
216090393 981316642
384475884 553593188
732879506 665689182
331791816 554992258
525499590 254586607
73385935 566576064
245220385 400238261
178947560 140335833
59718108 386483726
88824028 880835403
175402825 919611639
39097268 367801076
47876431 612169301
908983400 263123462
991054136 543642579
644143302 797455700
512599695 970886242
152949099 559293031
1180068 107933285
481618680 387163879
942195124 513227454
50661578 628770628
101893361 158982184
720831011 371725199
507589611 144091497
601188027 26943528
700091629 246578569
220972978 58755851
294251901 46618102
518404838 463937292
56104426 625357147
280902274 372054998
767033759 625133335
515934421 650949951
918467807 766519403
956406845 866772508
770995083 277920219
588581611 692396324
623253489 149085968
236878148 490427506
923926289 84023483
491524698 139044597
408815264 809906623
485825259 215581434
829064299 692552212
661607774 729443159
890463940 961617626
426389340 250287555
200122722 326926809
360262488 198628504
79254059 496115796
991747101 728633636
689667588 540442712
919187771 288064135
1249230 141960939
826380075 95655454
61708518 540754380
914476956 957203498
966513179 414412488
286195553 762507491
439980030 805341787
435987206 921181793
566704986 608551372
940846409 875441683
542397592 57810649
684528916 568268361
534750988 430517536
289749476 763521506
105546371 871273992
75538337 645102
917802665 447711239
753581547 521941194
376273468 241296874
924244847 897294888
28312645 279404786
902268335 61289602
80584453 746444281
213569723 889614168
171164112 902816762
756728033 239292839
307010112 160400371
905207959 434135018
875422697 815176462
164197185 464803196
228134256 182927642
346881272 64950082
118000973 673616784
697011369 866073368
246603624 629108451
780142459 150216139
107912656 742171407
302131269 381631762
944752983 802385405
3029582 975165349
847698161 457929040
989318036 326080030
126783814 315468873
595280622 20261828
461314527 861586814
267963552 344133302
351022757 66200879
537738559 69974793
338753810 478109373
263173193 344510249
81504358 99207444
522529389 589727114
130836992 730449320
693024568 967666305
276753286 284894963
627470412 794378211
177359216 129297921
454018232 14751045
264441796 808865808
204302169 13519449
243280637 45396775
730027691 146879383
33390351 30248645
732434026 525105568
93656097 410802437
657578877 405544825
324708968 563161503
866123136 192894567
996968875 124406389
473557722 465478982
989887019 70749974
186923488 611079768
406883420 625915337
541547011 944965368
540764088 440899880
827431990 572756915
106724500 567213143
928592399 48919291
99834141 653744115
425803615 301545236
790471922 842136254
701867229 631470109
828501565 746385203
125669137 230905958
36633685 396337550
614372449 208005812
6350078 177000508
110847346 612560146
590057083 174962138
466868053 690804653
233382540 985209665
203280167 32675024
616340877 88279083
920464261 74769329
241540194 725762087
604348292 976505647
633743703 363253861
46364950 945952675
869557735 834685100
922778920 4343073
854522415 444531716
148749636 367781492
672258465 658209426
763210553 836214505
119185196 499661029
796502744 529474923
324550286 282523303
830620918 92895032
103612610 624429331
431776349 132558000
300825271 739462907
195515032 682571902
87180245 457023437
537770133 42551161
507687704 860236617
448584521 1353421
400402580 585746181
603314027 42455199
125076453 707994206
496061948 588463159
216964477 816616898
311251325 784209762
168009198 140537107
704637298 218664470
821181276 280867806
276774923 820079944
508850038 529134249
562740869 198058561
627919996 939613914
406965330 355936285
977498135 347921922
793946229 690932730
870535348 747433590
698018476 592957929
265858107 505337
877270357 821661257
445204481 384226984
818774399 550539270
675736257 204949134
437215247 652587656
936780727 127221309
833033879 402964797
486426802 20113695
34838890 800808797
543209438 745370736
215766278 68967398
376393955 774445452
738356152 862572157
711966206 210983926
866505367 521310554
97780095 666557421
847855591 560533442
981486924 696586494
701705345 747964019
974008923 860622446
288746379 388933890
679331603 579161428
327410572 387288729
186344574 216455351
623597151 114878722
881955210 112950217
595275177 349359839
185495301 20701980
479651440 477916921
425668021 98293760
233717306 700663672
778784148 397423328
669421486 274214957
476391700 562666060
310592827 923485007
144781537 166368620
536044158 864358364
949190363 592496961
142615255 375996041
315822439 668058838
335905052 823536318
983162384 888976694
301492198 88807436
782662555 667535257
521055789 267838336
775468936 558499437
120200743 509468758
657165810 569125468
94604066 567966406
960367634 165005734
754461923 466841945
147354775 138410437
295755497 322542602
983168552 770313644
46053332 820499177
251774939 210806193
923163578 968602666
382616454 79491379
199746201 789335849
391216646 198376602
899743803 298836631
709461424 974023782
184790002 219648983
605926405 72429618
347645108 468573833
593995902 184221196
63771119 37446469
605007455 220353713
624109330 787960879
587028043 423137774
634522619 601022192
115100771 310255897
235165243 274580371
709749679 60521243
267571445 811329967
205305902 908503544
657657134 865418501
423583681 111796049
968532984 104338536
844150736 349313886
489289615 457323623
162260632 214335862
806145572 999637517
737917638 817795185
202225080 144952375
585407928 156819941
56693011 683564051
11520376 423476025
327559693 320031562
304937879 264370380
516529501 515621237
359012792 90604340
870628859 838787677
254374512 928883888
352600624 188485830
359950373 551083472
279569940 466821866
817337757 818473839
489379735 890636440
398378791 843063260
261131246 141592263
623900544 202715331
633366309 628558684
941318776 942216430
299840789 173233406
647331279 569023086
366057277 260253066
173331469 354078164
786040659 586704473
480634256 929076
466474532 668552753
84123509 856609204
51475463 449822547
462052819 733890110
239081386 382653545
353196813 471470842
272555236 537257538
202278194 656975809
722846581 58035473
40759966 166085816
346968563 61234279
78315230 822477523
997544612 176955112
976883811 973576802
108165791 80929054
657418156 690467265
663076316 842803822
463186944 841610742
904413588 84371441
95292511 131963257
701575900 51350771
408909701 503590615
142679145 548846051
233324946 224880169
75508317 171230842
168780702 104902909
811516002 557000917
553721758 200998684
757038920 441827039
370953414 349316681
836486429 395499322
95612095 827161178
960796719 799285875
308347482 490262855
436000338 360711888
211348716 770842740
7452372 708662227
531783512 724122302
124454158 918379539
712511333 98112845
557796254 455283401
710016473 430162003
781759688 648487821
779737144 469275659
721480976 595188957
849399104 413071078
837930547 720906211
42028895 709486304
930962174 18216819
449866952 931668510
455034673 513890425
281289946 440576018
882267085 752981487
396927157 36961359
972799596 753326257
971183599 443108927
135220832 721042428
519211434 753869059
696709307 212689962
127002398 889814230
59421184 985069917
612345972 127922189
242848165 708563226
309258268 770123285
221482707 866315108
664533525 751035675
355649042 735592069
533212371 716963429
163924737 767780345
961659076 110115094
352853098 269936471
211812453 632063891
51008892 304418349
288832868 674735121
643568866 224108851
608689816 436662867
752439913 792036485
316151930 987834111
998382267 12323673
216725947 637326839
325981730 871597197
785180646 199214690
484542390 830620164
459635009 450010347
235623276 159469021
127656426 910760582
80395299 39376227
15763520 880866999
289330509 613296134
909496140 540476348
801727067 701105465
541462108 226242228
610915765 404435408
426941295 37413291
631634089 478838250
536807014 126279591
569102117 504740144
528833759 66236726
381692442 433909611
34761011 710785943
724930526 627701832
521322540 115572909
180938387 441796151
769683634 758168110
70729748 994726842
41295467 86309836
578185994 907606666
981749487 237591145
828650368 738884699
792765497 961696882
548801851 658228216
749505908 816200962
3004424 804243510
524108222 101653080
92382142 276261912
670268923 463266868
252778708 157495569
365907049 365309998
966793889 495492805
459196601 435995987
889493167 561012433
983330615 698980969
751069756 405144039
324693381 989524528
764277774 588216382
524454695 68853300
273833302 157716740
344796121 584437129
152252156 694065520
856909910 973994033
458291209 571574053
625418138 50024577
735842210 684584642
205388476 555794076
259161692 490638813
945686809 779612314
89517222 336436577
154280976 21445942
131357700 575536536
858490212 658112652
722297940 300715296
543521491 270472283
869191953 722470843
541695228 741815433
395944831 425339
331075243 907941422
126424831 814299671
711363763 863680840
565979687 462619582
841923072 747035032
302504215 345556898
14684137 762999970
312776255 184989378
789361645 796048997
818081134 693348301
502504163 696707759
340706086 408838480
567404766 815517164
239090421 106670549
140596774 994201015
980856507 975738600
447988476 503259020
804066919 850968567
593441659 732496318
766036217 932212117
66235064 756448423
265818181 986725026
262598129 990959595
970080974 149132368
14614017 215079476
329864680 48448184
920961909 847784934
647426268 352148662
766074065 847594824
691179523 619022667
354929528 541045066
764887933 595349878
270194120 857744782
66178156 409032711
184279056 714670842
484915398 193522505
470766724 450983388
145757206 547563972
378626235 548885771
491874944 652422924
420419549 415142474
68306460 292851733
459586173 684307920
367871672 530908336
281207223 968991032
327784781 677653358
108132774 419601532
264678769 583504172
584767461 320634483
515996365 706104043
714223680 460618014
377959799 735642186
632064875 434316279
580049815 956588534
891104978 943037668
249470064 19660132
143404275 939873561
437804219 311774494
499791144 719506436
272832235 840159905
872852184 922824307
463933787 552879968
640733475 854032774
369544260 517582686
157014150 675009765
111243497 247509808
717074542 127907770
52189557 454551758
270489131 891953934
981868449 235706067
267667642 116983838
880466280 355811504
776142402 841728968
838035988 109463779
23303063 556379852
202350528 958070382
678312314 855061837
277484737 790782910
274847543 798188504
575561069 543676202
466388219 731872625
409463344 661579509
497328862 547459379
551178298 256897870
245132752 200977387
967082467 719800734
989871198 995868472
360073788 922896826
229785747 141917101
351393326 44184891
641972031 997134535
389601167 582034355
921504512 435299911
159724722 688503932
134775575 323426279
236348823 214656736
76205040 235866500
272591195 195372489
12068243 993028662
306392019 827086993
631872107 440900851
233327836 815064810
62982890 320570167
603734060 841162983
177428236 178434610
65546296 466289244
102684379 102898289
636252475 205556288
1769890 924910162
999682788 691826918
728419500 261214762
239801914 472259795
958907347 741066475
226635813 272459528
656174814 719218161
303711292 98393625
805400383 700920768
228454900 381494919
479512050 950743052
273937595 685496892
336048563 7551091
192530759 198220621
928271434 96965262
246469727 362160847
960980136 509178919
558784241 461299019
638141648 431420425
971005159 571022293
220881190 535250229
810965550 768492461
461338307 580136045
67993227 171841988
700512828 357153435
975628819 610303442
806549320 87965181
777669510 781359208
634074572 27696181
918292496 48285228
794335475 134874558
115891683 858417466
635714075 353648851
128623795 168036317
854978226 151774595
966925364 648257815
591708100 545270862
921642636 640406935
646634463 720261000
139089010 741990711
559251904 346057242
558144599 207870196
51187247 893178366
288538629 198735512
780133601 798233892
205533790 530344755
108902757 683984416
496616512 315201671
422940820 271652721
756459331 190190944
655010970 633795701
380592497 286328634
422989688 599972107
427374908 421958250
794327909 144181077
640070399 218759136
130730981 276845993
271057223 442939005
416124921 787694975
274431575 933884806
817888438 78175328
335921165 936243490
577207443 568118819
369452330 155486134
219821153 83676337
200331512 476930913
391197599 431440564
913074021 281055605
371111154 228560930
609486617 457906264
928064842 337399580
496927369 13593581
168871642 642582777
449594565 430162506
703399436 491993057
661908890 135337923
271046011 861028138
280383332 708402648
642249937 854011799
186567084 859068334
445448175 506975169
390980416 330419267
615114797 68654861
501208843 37411346
933272203 353063397
126583088 236018959
60937836 637792702
314993038 313131906
618807531 242698631
720632379 892143114
646934285 791162082
372827707 762980080
817996462 293573032
118096486 903693358
824257875 439288016
212027225 902388665
608290568 271875529
423925339 2851104
5999558 236121682
40419238 895458836
124278567 647775762
984437123 973094778
988940552 446101407
195861332 175345228
136267495 364730969
134234872 919610106
317898863 269229418
874195120 348421150
414914708 647592622
91435036 888350115
797482136 156594584
689434604 216812082
555645217 487771959
201047532 830010595
329539574 230566829
12057381 484634739
643996732 16383807
132141566 929316670
45355023 332903027
848084352 128532734
477101521 756626641
535972167 54171101
202151911 186378110
685118139 138905520
678492679 925692134
968557585 392177037
879488545 949728410
52213914 674828140
934117981 788720704
511206674 530890678
66021497 20183622
996811675 609771389
678542303 595773580
821418345 770496891
172546343 706903327
444770244 465260452
870318058 417440938
975660808 95191261
547267839 136548146
184630546 129196943
209322533 72460592
60460676 922471867
478082017 269065998
37035083 386059237
438990405 434916547
535351518 957763210
199716653 404373880
680400233 258671979
968869941 813767306
125483524 777595129
838622810 334694424
649149267 455951521
698950245 78832855
953442633 279411618
148254677 85836595
891172792 756868310
629701318 303640429
808512048 846261185
795935641 989255234
150848855 479607916
765136034 221415800
352370160 49502894
266090495 905915398
847785888 277806952
440313801 674592529
863370984 602525984
227482104 949727627
57200273 662452357
194963383 367648504
740912580 790629683
610723159 635593045
410215929 73175016
246802454 673821554
991077755 585805652
805481638 706355690
348885811 485557398
366693808 297364986
995164737 24951386
462501825 798742475
158605547 483574104
822891262 762933757
425508282 96054185
684904602 43286725
596140491 243640884
718468691 315102146
626733387 73480440
531321402 387791688
667679754 42821293
704884887 603441692
932741644 995911892
658332282 746481179
91453922 240992574
316202395 862204557
576615118 598527054
270959023 869892082
977440278 606821379
352894634 276367251
829602822 991339620
663569433 646360515
722992786 438506766
740878977 42715676
643330916 148405029
28604205 11413040
291851483 821719042
119278450 180607753
999867438 912625275
544006017 423118288
40787098 427614158
191946815 663468526
538100153 110527443
44184639 300806904
994717692 104072030
99026621 312386560
93270089 611481278
51815382 799265404
992546400 731773827
427447253 935925568
238318172 657704600
830518070 791721979
773981207 786227724
804133323 703241569
734944604 832307205
129662025 528494337
55891598 568315512
375111973 144411963
407736904 887054546
867344099 110800498
388620610 338617825
318647223 959812577
524668085 834823482
186441665 265829753
773583435 501990551
14669461 175306291
413508798 777361792
654053329 201330840
117982910 924628603
69217850 828633700
230688386 128546715
385221345 366455071
151741941 228190305
341007283 698603496
956665982 197764345
588318324 685325978
804923710 561307137
222642219 939356773
474385710 137783206
648033325 162497096
316087544 319937468
245408276 413103991
623734881 356477812
943782876 902652274
161508778 589130254
84834313 999394498
752585335 958099955
650732395 811802566
47381875 630041394
217645456 93287478
869474544 849308966
328766644 128677662
119935001 539718297
880211551 94930339
643204820 157698919
403761195 218413736
279123064 244351424
605470853 85598890
959077737 740534213
207169248 930236467
299349230 397289434
478018247 355536969
402277723 878380267
878744308 802099201
306068645 154759077
32587807 119353732
32240225 800292422
52690292 409563642
756571718 627532022
765206597 498113105
361838006 633992948
726513638 620784563
340847558 976998750
562876927 536485585
272669614 208743963
80780925 339536456
924885031 497155467
143227596 152017638
375611294 922539942
566365884 213628115
263143212 51018983
222880339 676391345
310770964 358015225
295848011 832016789
626636463 253249781
468216730 678419858
579899349 36010167
692946846 47101857
427641858 606734269
629323644 122685385
394378754 474998393
270086754 838911971
462957808 32268302
621984289 933357429
389446671 343409476
911631284 860404345
595953531 208513560
55598459 668177844
128759645 446555704
188389089 729812934
830242236 5549120
295183875 789614998
125972768 626754865
14858959 33735287
832683614 60549458
489449363 826111226
474013759 878687512
56439954 963280966
747163616 736911267
297975206 58884168
883394671 40813329
274537381 317937023
174971340 38825118
780850102 777594709
963107610 495142058
286335862 673025076
25104428 415624705
709428746 191528102
484467676 591698394
138635912 697959091
659551378 694023932
818382480 44556424
491829758 194117718
777010031 929382802
52362977 888524561
992187203 488758455
737084129 14329930
738513516 607502721
994021217 344978774
831546199 356139086
619139785 607169909
48322806 749206571
714298578 630839669
896742357 925146664
535047648 207153517
18241778 322538501
916219876 56248848
713988400 504682312
843842055 419378297
920885579 824587956
494455966 33488797
168211144 39587589
158018137 320494497
957265918 573898531
385830922 787126495
269277723 555668373
975850558 861483602
22600575 3272084
93023144 307617010
154912609 789743056
985222809 662180758
209762638 517604740
930933567 414881736
15582384 766970615
286876861 434765250
710245556 754990120
265016284 257640329
548132119 879668860
6393721 836016166
644100877 22640261
313623733 924150880
495111877 18569432
60420529 421386770
139996096 452223337
185588629 268539553
892316703 148175138
584268259 995381302
593624254 631735247
552881749 163886462
294112946 651880465
817722097 829566169
517464059 307696735
180685619 247754205
432878947 449481623
534069438 151947631
937943817 156755725
165784747 54367173
644593710 347741435
185632223 989287909
638000213 627915658
126170256 272978974
198272915 808214209
920373253 778381127
347968976 141147967
540608988 28086434
728103297 514532073
190094015 297554150
801942169 108972114
136175476 292473145
518828310 845755058
442859552 980945170
47530423 101242283
232266658 752715245
600117904 535341356
820502457 74953803
792324320 123463938
681878408 216530506
380017191 736083422
644060183 867411813
192191411 26563442
213368246 333773318
52938764 869124588
106542271 843713434
618564562 602334642
471809268 836387028
843798225 896296097
120841263 720091394
243988566 615211170
169421130 230207912
329857103 834738927
882398988 952305119
820817840 697655679
418983047 424118306
434091798 942921468
487848886 85236163
115676797 959179451
925922368 78777992
169265928 785631619
999498621 136240019
698754216 159477155
98140311 601335001
140984968 854132198
648370603 913174785
44189010 638936491
726652705 21611344
642416180 592523376
735980002 669362750
192766412 5767879
110697667 810358911
756673196 350309828
756433647 68542777
491612615 412819292
334377888 360089937
143962338 377429630
349045858 175167531
704046676 800601003
209790465 125541841
730908840 851321839
122832251 438699518
152639609 228033151
186788281 530072008
822792258 846736719
994341217 289075129
899041158 598586766
609121499 669367666
549090451 111747905
994246828 183824490
630273183 920280197
965958746 630848192
107357631 311260104
508671775 594497595
607326618 961006750
558985504 192421935
636876948 291390097
720586019 196538625
842947277 825798302
937936385 918532293
572826722 582132473
353607265 58338203
635704516 536162420
711978845 159726530
879569177 172774796
389282785 762345674
296449947 430505538
993968048 335809650
262233951 186594973
871480292 196174070
456370344 454293525
782456619 271271411
678880644 530039728
213246465 449094068
496587001 256070754
60832633 117096932
718924693 10922092
528701625 693288435
406205143 228611317
160166697 6247399
626894959 918110506
20733690 729209178
890947904 467562141
123220364 401025515
483245872 977545637
116037004 734529926
697183242 587573842
845549335 70165605
483426715 127122526
480970086 656926729
536693058 650482299
196989242 428963013
139506657 493172169
393555053 497241940
152544422 629558170
521419853 352441622
122733319 81477131
187591752 110680567
207749920 168023305
62424020 653834836
27885345 80399829
839251905 705230757
430133302 517233091
1550520 745211707
287337494 178814968
748758813 41678628
450484094 563366870
659470794 745243667
66057770 988332875
535297948 331807264
704900235 956682183
428592430 346168297
42775689 693252940
639279931 221697834
128959922 314616926
610321273 196115394
137483710 387457004
600365438 535358730
975206474 790367546
39360337 4344686
117335970 226290402
837047918 990849773
30176423 402421563
474791307 519657226
425241665 197482651
908682042 251701633
541989421 342218314
954075484 460251831
312344310 33771305
774025408 577223970
850656636 283643793
857807843 233621296
878834620 835395689
623834125 676312933
815533884 312716024
148917378 463506102
569128393 876518770
770253688 277175147
91504170 58984128
243603522 636992096
362596109 278791799
427451454 740400625
945834027 272349981
627026554 740412129
541223168 384223697
225920846 774522662
525565334 565708093
174606669 38379716
831052163 592990399
159004870 224223639
899559428 423314051
289426283 248286271
907038150 490868886
925774054 216332472
582756220 410544254
937906976 923911243
957457784 582556273
865790560 495530393
793320156 254941353
157096165 614402903
183556107 262935348
449564370 946876913
75292321 356923603
576784819 886039000
425521082 144150484
502578914 3880376
294771749 5244357
689498402 234992468
222300702 360954680
888057162 725534586
479575037 680334543
518655566 354282954
407338135 903005957
705462295 136178016
64644358 35973739
963035755 205450802
552554798 896568624
74377400 35419098
168273256 965560249
108444177 342435719
655868043 19422424
554967290 540016059
898979685 742746398
173455717 872901120
529917157 564648788
3942699 950862780
296973146 995012096
488403353 152250590
50963802 436147225
147127401 702194279
719614635 811986504
831089688 737939153
763770993 569155897
839815628 884489781
327488908 672106017
490420607 87817768
256035261 259420052
909915490 549358998
571308869 910163422
422395677 4954399
871014154 927442362
171462579 739818169
54842253 315631788
377712831 136050212
40879644 68003787
901980872 893380755
36538464 286598564
605641183 426616030
495461855 120292394
264024421 130903341
219827000 490052015
244936535 738322438
882917891 712700328
677384611 485522776
269438107 846610883
573332267 262567384
518199568 580259127
267941166 419296514
75646124 588312882
818325678 62487146
8601780 678776445
380358847 173473125
179828245 179474594
792807236 365139208
602945427 131282300
620240948 280406345
901513121 248590303
892243879 957794112
46258668 49595985
93401658 389902820
150558092 52302468
510576759 161695245
934066012 617510452
735070171 163275713
460109760 822115575
513522719 726811804
537115462 466581748
966477050 657506206
630551745 456256496
578050113 130518834
83901442 553156068
279890179 830363688
780508791 907725705
886358904 466081850
327245789 729772007
192492204 629037253
810263489 21218093
472715935 739364447
282289492 657457554
338993297 328172428
987350201 306840873
938922679 616950826
225978624 352063965
797406118 402742787
510254409 753408828
790304534 619906918
988470438 177303804
21142934 286957352
476571994 178675338
503404656 134553267
305917911 151234066
478610921 128167699
318825090 801292486
111781540 601567687
409575664 572819792
911216017 37729586
877576147 798747184
61352875 609181742
751016455 935847280
8257874 618378102
12048250 16350833
476554747 198957776
2334130 94091922
152089981 152364177
698299177 7275702
182096826 569936162
561270829 572123895
528946 935592827
373008057 438728776
886446814 465828230
69233072 111477264
194934412 849528777
6180122 100107881
408316279 568366269
158813506 194735393
46752247 831574806
975233552 77430164
314850932 399956312
456360880 692912341
358608967 766808914
312557538 90875354
167145743 456527962
667090263 195114866
117524058 957995895
37848383 236862092
754163313 506939278
294415430 507917789
522029063 283231944
430262531 711205390
676725823 524122509
345589359 897755091
463262895 130219960
77568676 905355164
648134817 531118064
778160916 287129120
645076623 585177900
950247250 769671220
157497434 305623889
460194916 151420834
898887475 160626228
427366126 611058807
344857655 831664997
597400274 390027660
201861957 163584107
881710961 975987273
222359232 573617683
550997468 983117025
256574058 565509830
92343782 950709168
884238558 453690772
50231248 198080451
967837555 218085690
527408449 198308487
833800944 372325306
918647181 836858806
100543244 776357203
143558767 303278481
578317054 743072387
622836875 20345594
114248666 848637232
197404730 647470707
413443207 88853002
707487914 647523758
941817677 552142015
24263917 993591512
257308516 62267116
828896128 2941828
950251108 411453418
143048714 37044281
746245071 498245294
954423299 582573242
635429248 41622090
112819904 757436836
13927295 959333099
689129016 620243017
560151280 178387149
623824041 955112310
924641051 669281562
992432946 970895137
922271809 470574386
685096859 421564650
835654141 466865462
562875328 122574590
45168294 618364299
676685491 527308765
245108128 5526192
880979457 776118338
252700910 396746507
604535940 772372665
687602462 823963269
51422768 903948449
112158252 105094315
438073053 583113684
900611344 263254004
63482298 623569275
587784243 158735728
213319579 736419822
282692234 438835634
275766477 239855508
300003175 784499410
101893663 984407476
284399477 217055372
956474087 577770160
967837495 573407009
406053243 241299930
150941371 803497923
473570052 47842375
57488763 13073515
674850533 864883585
319434260 729003857
931275798 373786950
223671559 804268231
946840274 754985260
870793242 744692413
711419059 687212523
91951267 266980866
596165170 977160809
962256190 683269575
594863718 810237955
476664267 256562402
992299337 427291287
21980450 171472771
749103052 409529286
369814379 894136027
187998885 452152264
875312462 356090138
645611715 386629841
547059102 254052858
913380444 801591745
196239539 99228268
178563192 234612629
785865382 80737667
833700083 886051513
36048014 611854937
286626233 280986535
479073462 859663730
552852828 518392839
277690264 303970015
85570392 754815149
446505813 759532151
22886407 61314578
225092090 178475038
593996797 23635108
938367959 46452148
34703433 902989500
709976639 343457091
17830010 662158953
995772130 445573795
45862795 170937525
51766671 950565146
853921000 961021495
458974203 723296496
954501537 120383705
169488196 739683807
53893789 685389233
16074102 945709013
215103210 693743247
729625734 728725301
180589647 82912306
247285061 217390747
498205633 838556595
943919333 765065113
38500862 374729325
466633078 124679001
166545808 541275904
512372280 303953986
428014629 665986284
953391092 974531598
966074980 77780425
882051255 331679224
555028918 947423515
434951753 625729952
748432123 300337441
163834574 680051435
905950620 758267073
82317172 249094710
922687809 455765558
624630769 347701615
134994365 656993859
682171313 430690838
536440173 552285675
105130955 308579262
736374399 288004942
292683169 750077694
643014696 131274903
713418510 761484958
325205354 467569942
263053563 657655584
232789970 124792085
602164880 214388734
288128320 980772041
568369578 924640702
606718784 10862182
279342689 404472864
372409811 710836758
202431036 294708566
256864302 825520656
947986774 892875412
231650842 410882957
394520818 424452774
637391681 99656577
951263020 433446677
682156022 287682966
868776070 708949282
228601488 918785718
284172460 431990545
349532418 566465225
403280150 307828546
397398704 222757914
932861472 357754042
759852896 951122648
662014785 410100480
943655014 501598213
94992038 837966204
494676599 855509034
744914167 949280467
585591210 356945915
865451027 172147479
488918076 664567643
935317385 760321513
982529270 997556163
731597448 839904127
612812302 260139802
967537956 663330849
529590287 246427895
400892094 915093010
300452818 399617857
862440658 245625185
928624430 655720156
724031057 642750954
456031903 824741517
906810870 211219473
168732495 221737213
77245738 107859596
622646357 637321248
218253098 449494758
620151332 920113423
534783632 205931325
350293769 156038812
293040050 451199114
276318408 887905240
37051135 604438468
707788465 71889980
43000566 175267329
326913154 844045112
81116576 10353758
24225698 655016179
598395850 341393326
338625113 754317924
245289657 827214206
177374294 585781491
795903534 192401860
257389176 615853526
897257544 298944055
871699772 432175229
105178449 737984081
604209185 217680470
41734783 351170743
675855279 298388052
454216348 68484119
72413585 648641427
647445769 94331665
545453606 482055964
20428071 339872330
945128266 238085536
856978314 454607173
873406103 235378940
861765643 491245939
599569497 395152721
867430324 177072718
436937075 275106953
759507001 916214129
697176123 187644201
155697879 205741079
180599570 323100777
857818849 228511805
403608327 362514916
531820583 812720992
862866566 853626575
492389357 219313276
192670235 401330661
715501147 625849693
109430705 408802077
887762851 734922782
227804534 843386910
915183092 514160496
86579160 916892542
11467224 567895356
189384457 800871521
148086143 698848363
47239298 157211548
921004404 681016357
632347884 368429312
255962873 679106289
769976777 183792666
73559082 757233573
659553349 7938841
72199766 597319045
367335711 218814543
595415678 113044727
28887893 856708485
249182240 640501454
980913491 981496045
852213614 118082201
276780227 868414682
144500645 415385026
56608211 870288705
115167287 542473486
302760825 226996465
261060904 795686595
640964706 628969188
235362690 421631750
9676614 961637577
915917655 109169292
969492275 831892705
82837050 906735757
688597568 784396551
782446658 218907265
764925446 525683590
695064249 853699211
50610248 535399678
908934176 87695958
101399685 146188183
315153487 678850806
786150540 518002380
841146521 664569371
389379195 536063322
830586604 630441781
824792433 93768581
761687323 575065664
97559648 456021545
898484565 629652377
750737582 906548873
747683899 846011636
613853785 833644015
238627991 59435557
909275821 485484260
847752069 511493016
492458580 90623142
379523355 482065177
798878839 345862318
369483412 426711282
314695699 35637790
931047773 374644388
123797070 177529700
896693471 805356135
979073935 5946803
856232507 218875928
759944218 834117941
384735221 932768809
848474931 10659413
329964528 379673823
507701774 466591833
605301048 369578693
360944653 237564872
137948923 995016993
872801439 150390307
137329811 845873661
371959224 275805055
64816913 732425087
534519961 749781942
262861131 503772728
847108188 644250350
546382236 133343598
283549522 999044400
525094292 272910255
821642526 604516126
445891762 694698596
710563909 544979105
562359305 404275520
656885925 187023366
141835711 153628775
36553366 557962636
89802211 731882267
259619785 362242267
707113694 285170433
657273007 250332456
113481333 218928096
651962747 771905106
244144875 477023414
326732719 965925151
704895154 175572047
165306715 484981521
696559495 8301793
803254535 755542266
294234100 551163228
664606981 818706577
580704419 111532367
242272889 73829949
131942836 557423638
382960043 310376473
846689174 221404623
127043245 120955582
550146446 837770411
1698033 925819112
500644526 849264191
507274241 402671482
754614458 350452628
848761234 581837552
800060033 668945087
315069080 232126645
173860789 442193006
955739318 355285411
339523547 595561947
492723377 411778456
990988339 514900002
257633753 341641953
4134479 270352525
487873397 527526047
861560065 159658358
69625519 441316754
344014105 9727291
781740220 523412322
904270268 623664068
743563347 986217130
816143817 535575232
652678405 167976552
693051224 938713567
818784684 441232642
484883671 671313221
885042242 639728955
304836210 832134907
981043986 535407676
601578653 370283324
727169902 21567892
236682309 790176991
183476238 471117761
708728982 313289841
279932642 139052800
89300323 67608895
692592159 676870819
270861639 199961904
324277875 976893059
933053129 604264094
45244728 849159833
30644544 819975438
49878120 380920522
829569793 794988746
361114237 514399438
121417549 953639215
744039712 210221169
402609739 407085721
214424095 886074633
422069660 122701973
223288202 860239934
212405215 262704228
776081271 256950670
84321376 703769721
702294040 892293597
752837607 184303242
72053338 594305262
717300900 530567155
587898511 738696287
725340671 460885166
638724677 148443943
71690778 817158268
710492066 831702994
544953034 881967686
886252768 361837593
623041538 969218003
472506152 596501842
835171182 735406339
352331770 543756619
637914327 121683159
466997290 731292011
274976913 272527625
223345023 707531203
542937409 329404327
519199438 843640488
209012799 193376234
364426726 744271483
935136258 244809602
196077485 988275090
680993244 447075194
746642177 519846510
88024439 29283665
604804111 732439621
902056636 430132161
233739182 44037698
708748955 703978843
743260494 700489590
42349386 591295581
480264727 230590595
540708766 757236309
73442272 10282897
9052109 634908232
647100672 821266433
24237991 798354773
969335627 215584809
87130290 673122530
879970136 974345465
267241463 833446461
988484116 204462900
206745595 95522571
880088827 287694865
697986433 46291929
866562429 884779779
318601091 369534623
587063161 569191423
716530804 45583445
616349212 710053604
198849888 911116162
975915683 151390484
221815958 55849896
790097680 909797796
305200091 206769923
24267047 142607129
660813083 834508531
72752721 16125447
512332064 650250977
542295156 988594643
235402988 627026539
582953474 160245317
561034202 881023888
637694151 229168868
97256608 265927791
262125522 383123042
742499070 78907064
335953368 42413683
422180619 620750767
357529755 22916580
228768995 350344292
798160892 615532648
214032759 218796176
949546411 934294183
398652184 343336864
988311423 558854049
431134817 967719633
859415943 661496887
744269071 365889494
14938690 157486715
90573303 619716038
764280580 828248789
49095539 15897226
540840211 799494472
180331668 573747968
317758567 685436511
223236249 460914346
816006199 632452027
168133689 918491885
438619083 626700647
267538641 774648910
970294900 235411499
48279723 291040722
720032360 572694979
156978562 410376467
80505666 72620397
345135230 685586253
276096930 306943651
232403575 497991956
993802754 85711389
576588719 695949088
68365689 482464851
369901706 573224803
622561886 324779846
648561525 143907866
833184908 455561279
785867126 413151704
913763372 620590263
252924541 228719198
480448575 431965749
695041539 230188196
17417776 98778207
521616602 51380465
499347103 46868891
947660849 1384074
983633466 484006879
576761653 203169223
563696240 619461189
272234515 905598285
447146004 510044046
109469589 456199760
796106877 598610169
733103111 740405354
624482032 423260597
710887707 913194221
199854758 258144992
115336065 152749824
549028620 198264266
152243670 160732053
988882574 118738798
199441389 244544700
159300153 84971923
927788409 228584878
887800015 291032950
70552779 566159654
406431035 926848775
984826321 360276035
651413947 835998325
222959963 936277925
131153939 31941910
178534950 68984250
275347333 713588281
122147907 706766885
590511624 461716099
635397549 642810639
683050328 874525917
141796947 169643266
676982347 420896301
951827011 797278036
555565019 436024224
777132349 368320442
536505813 324867135
806067527 193612288
419558289 59096087
467530220 526113992
783851484 416726870
278467698 128960779
405762468 572040915
305259999 745862930
636949227 58430682
45285399 382265946
292400073 984140065
750855767 70646814
168919699 523169163
76773516 149483770
113112235 171652079
886783573 864309586
257387376 747497031
284317250 593431330
608183840 142409807
835069343 566523044
145987468 348123563
489725939 743755453
47955705 866767461
158240821 294100719
356528486 472385377
368738805 87863843
640140849 969069459
449642407 693832506
282290858 519435241
209220632 116429465
110659386 271202116
115068593 249791527
59142198 635291248
254282988 363070949
150074644 276069440
889684182 691069333
745101317 888022296
113067721 40596024
435652544 493624003
88978096 357310059
88588459 150822205
794783055 247673810
869586338 696050997
636775420 216847811
196811498 812608054
505374488 463114313
478891020 63172559
546040172 369790543
32166092 4380577
457393010 917805212
868031556 794288152
359110317 579337437
182519629 446339970
722745677 634047907
201655729 51359621
929598738 562652244
340550630 41981406
934099773 623994651
262823103 773309004
432045216 318400641
162357014 810823935
744245797 328169333
936740916 986324465
200373506 395842791
47953032 561922176
509062615 313604146
516697878 626078186
608588754 467016150
478287049 553796959
460931656 851370586
864847580 303285684
1422305 552688420
65893119 256673108
685533745 993780613
787190508 40224750
681104240 198422822
682905763 911716498
454405756 781275495
18225906 39849249
124131041 571571849
83185209 156308489
793010161 900263333
139688592 385969512
699735486 637626690
913712860 404874935
777066520 490417929
80563222 850259583
554488758 362028933
27478971 35251567
181056140 529441654
28969573 196660155
102849605 188119689
270988620 692392204
188449200 737952347
525220488 467979587
168171412 665333697
647546378 558300935
759737881 521030157
979779258 275947065
545637094 960687389
65126392 289937891
369006098 917747061
958746561 943704698
630896413 450695187
266995400 234889020
421619154 618536086
463479871 102961931
715006413 903628481
319819197 718580456
770113201 540798251
986609095 375712799
180696594 78259223
871544315 645170656
230001203 16484691
788507882 197155155
460757347 605305273
331368256 679602935
848438116 122010637
469018356 982945
587434712 395703146
168227703 662885833
529756831 123457258
898383986 942095798
610507110 388381407
845871858 953144945
659729225 943829588
397972871 792875693
287674536 91085528
554882022 306933627
586283035 349728398
161989721 547750659
1143463 277597552
169899014 713283918
83662406 286451782
225573359 232831773
646500663 122961961
246494099 262073709
767531256 899083368
46046734 949097193
793157416 899390394
901155663 434606482
207383144 939454901
39155046 181624601
195103198 110591199
77704288 617235690
551907536 566899212
10044503 551557967
125984455 672584560
490951092 140807662
968047204 355980444
64055304 577524297
627201974 668550104
258917693 3358463
972918086 445154477
394889972 182214239
757003253 103506359
416386141 648193737
311114313 855694536
63639849 836007967
472568240 401252492
371246557 217286808
669250805 950375056
626151812 864238788
745228012 961706636
356726026 949950177
711348356 912720291
215588105 113043873
845274061 632639382
649986700 29264296
929094859 533154115
34196203 66011936
396834606 271795742
559467385 581671756
972865854 961110541
159824790 298253502
308124701 231016335
974627085 479736265
376457441 397777295
450049345 360970484
971262087 849109722
423366390 143224000
778101912 237939618
68196427 355370676
82567152 81185918
353407488 159659899
336800752 245988433
550313933 269644073
161964374 184601336
879216260 674181705
338088680 188251982
927232702 727213649
126425832 442384797
333898984 594102447
971034126 758353259
336557648 686048707
180972137 650467305
243630324 526191240
461154747 181442302
14938913 996457228
504535882 468138517
857134119 792725364
608581244 520523848
177690031 249676303
725257110 512931163
50023130 188790468
433362712 124693203
45817858 564260987
379374044 907626289
171224358 234770754
584622473 543671284
649864082 860479312
843948637 965610228
291548044 100553874
41527745 832358903
881108103 457712092
35417893 392539598
199595344 504662247
791677386 356074569
400375566 602319152
693000233 811578873
275076580 85787348
261292333 706569561
149221194 2392171
47747178 56155868
685587785 6035001
398002590 371020368
600261256 252003266
85869015 966882359
369361354 857485640
61283030 168554277
460770727 704801046
593034478 573836581
123492621 550424568
653745625 645768221
714783189 652775896
926793143 846362240
643862871 622428556
389865578 884023493
911163071 117363672
190990138 43334175
491066976 424744464
294030456 583296014
474035136 951459459
996216666 53507991
272154794 546836144
251394529 68586905
900198247 554403277
13573725 235426005
5916813 62801838
562113935 346692301
993844353 206367064
376882804 468878793
88800800 474273472
517930021 248126984
861946058 459072310
203470682 470386059
577384452 704653412
274270071 814672750
477276515 899457662
860734647 733307058
533613568 406795072
259908839 430890002
23363520 818764737
212297381 699599773
27968524 732412192
869600884 258538938
901069048 357474277
14164709 951771479
395493670 77025409
971429517 53689808
634457788 889557592
869438217 333521803
46222349 369528794
773127170 153026637
231124699 568692552
451152102 342681021
967116955 179077865
167765782 341435206
955063104 794609347
742964581 109197904
131602119 76696307
817331373 83562470
511628638 5653080
721044624 283620783
320724888 208375003
20016362 380409624
738188491 45727778
506282968 305553603
537475067 128550526
16472996 142921813
186153119 132811683
912271167 600994124
201297537 914623273
785171665 117373160
42105544 106022814
788344121 660513245
305544728 709131724
19956978 561629946
242361851 881068451
73087778 460572710
7189538 815170766
903958473 772378526
583595644 275367193
76483540 255768763
151111377 88623747
805687307 813353096
155573423 883338706
259669239 358185962
694296005 593457174
103852679 908681873
166049092 545492694
995006364 686556846
827691323 381674274
508630738 844456891
530776345 694865924
963844751 950623583
320999599 797925236
322683585 800337941
253486986 878620134
418306110 499404784
224564265 390400887
306427225 142458587
543017759 483173395
979036390 47623358
348228322 901621564
230610804 837446991
835908686 665480042
514305949 759759692
317018407 656538279
742808291 930414304
128730201 63109051
465782962 640698943
724996251 700246670
753441805 384358230
940726739 771992762
477808258 771348366
895835151 145892271
959720862 459633073
852026470 745171866
748173111 180135578
294225440 203571519
249578541 468820969
716675393 597794084
265582659 605645042
657578350 137307313
946746209 171688095
744456732 564687902
818670606 507549728
885660920 123367523
364483172 827732208
660007666 82174590
229869810 750909500
562447768 382364374
967390707 784083385
191954803 361382946
939415928 967911778
331180819 264571650
134395384 910622157
883157251 260100957
336713264 468643858
53021635 599161483
728744699 31970021
783669335 330064115
490069676 467839279
396072329 638832747
556132876 120424411
25586708 687719117
802431451 97008
300049115 874069790
619488130 472418870
40754333 169006903
824520859 362049766
798837844 935506113
421718052 151485787
299531338 907836558
654144955 53466118
549380057 636200769
234855686 203506369
256489333 822618695
136366481 323853425
651653988 48498796
195459407 559572459
127639758 369291015
947614779 341788044
6081872 554720090
924121799 837252512
175419965 668824377
605886997 142785696
49895579 6686168
447403848 384512235
99188101 41524706
735861948 381202654
588941346 240926513
685841506 740280875
10288908 502807561
657836819 95191533
855972221 978060929
159495712 145887958
95370587 820675596
482316773 480128144
135879173 177614114
295468980 915375599
317105468 231546621
81990759 804699104
586462750 519579331
176575495 477699248
835500829 269307489
32021714 267121423
82105865 263583125
684786332 364690536
926599441 170672321
99340531 25712527
347874235 499923598
417898882 694334268
57032344 341797008
651019743 981256202
846675751 152003551
619019344 736780213
845972618 182516702
67535871 802369958
92825169 168367447
780048591 662106791
343177221 817009065
876151201 1652970
91224406 581967815
387037664 54176635
683382521 840650842
312878991 504117818
245825531 698827285
569383827 872997039
736244990 223782067
423023026 436593741
783143063 933040045
69239269 51803414
86568074 937050802
914193469 72521798
865460867 319893084
784585705 865488293
826361168 381198680
975015048 859336283
160211224 228694508
701943316 400613378
226182346 933198583
506410017 846460543
499031392 95986607
127156387 598462949
168565314 204119447
821134833 424004696
124666808 527513732
266769783 542387031
68146569 6738186
587614305 482229934
849369622 330087127
630145818 585555423
212261518 113947408
24898217 233799081
807532536 820909436
801517035 928916179
475369889 519031949
791454195 515706952
225530659 55117854
370468225 209155616
174029548 987205590
811730558 152472603
585415478 390736853
397843226 351035557
612983046 38667147
905189227 182227506
166171289 60515149
952062081 35715305
98473908 835755537
11420356 918321605
535139521 555471458
999117094 60990460
246329841 587761054
728624656 949961530
872284581 721216910
203043734 257285075
503990774 803430935
86457024 760095805
16372532 756505875
724496188 242648277
697412270 859914832
411953493 418050161
560550775 314143250
736375416 727838120
157483074 51441272
525155290 353034743
149711135 59854823
987453109 908887969
250060499 385277843
499323945 108517433
55495351 724163666
76997619 233049072
979588846 373502548
243992268 423534800
918872216 944460786
131449665 7095965
82198632 888126370
238952270 214270958
271561029 583157820
659316554 627081295
683474220 748474728
743561696 907779330
257635921 82572325
681411407 9897207
271086276 612952867
800375115 633122739
396275744 415452964
4533814 876188115
707670687 786516365
866318869 199833725
327762383 2188628
995192725 136919594
630119966 552629667
458096627 162933571
437490238 421275483
531903027 239065713
122092046 13888388
80320666 261931921
529895475 166647133
817889946 546303174
972025475 595217146
737744816 254000974
407522347 969599189
158040631 440609796
503584404 702484675
377398400 768728858
25784249 813629601
96581949 555681440
247279590 704868359
47602974 243289257
557647225 831606671
696557859 423955696
861362115 453471038
1386961 3633999
73220332 37666546
295888995 727277692
715111038 282135288
401652462 566604331
605945935 277856367
592096114 320153005
874341772 215904520
540632191 320180352
666663926 379667259
244425453 959567891
956216930 565229938
91033945 466086517
314238114 660534866
224660544 43950348
805986988 519350258
99556037 516121276
426219214 926767263
488002421 998389507
553580735 25335487
53506375 218824155
395114955 94073418
999673516 622171120
797799842 770056953
156953653 469346050
768065761 8369426
659258894 672705871
128686004 766475280
60322203 32075365
553811818 550340539
800056479 608767652
312308274 368436948
269085335 261654145
61870465 473428326
247679832 63562750
887571151 195803514
269410628 386202902
266400349 613447515
234181172 414911563
228204488 336970049
333620777 533080598
399849189 381251825
720603346 462263346
909838159 89552476
316931047 880990241
830861575 167338946
615834395 136294699
7964497 74467252
578785566 571809872
514885201 385464808
970744561 583313234
522106217 703914394
717586631 92184138
937328656 505037914
232416089 83769048
853708812 235784600
47212055 930371567
43388513 474506362
919796813 671552112
505566815 557101173
143156830 315696052
179608450 387492650
305860122 912251303
366345254 192676995
159874081 843583515
857718075 688358580
796003847 967394536
664504187 352502375
392191686 522820891
94328079 590665004
683496856 64532143
908453163 287154016
134397236 572435867
657669259 619712052
367429481 908976561
837499626 577601717
678853410 420407061
901981658 249904906
987989318 690081634
487453616 364315712
478410382 401517736
607820684 2932634
321644417 877432883
801866314 581491731
774549340 770095146
428472327 426832302
560291881 41039724
965503975 344417000
660831222 916445050
996992352 136186738
117633675 453482738
601976706 54369666
107230239 201412207
381810122 27920990
371187424 154522516
148990855 894669655
233489034 510530195
776596020 294832477
418234762 709161578
238224547 63410617
741877777 10106257
166215639 771110292
458401280 710419574
487908062 889194764
835514499 288824287
664174023 799922397
888957424 22141918
894522295 935046935
595681092 74660777
77021116 417973080
988115234 23092172
73813440 867423175
1984494 43139094
538287400 759144582
261353904 867430147
571176478 97706570
670189790 420836500
645355343 962784677
14917633 724470753
5640783 39225788
382066580 945345296
321523587 172164487
564074183 148670102
109263534 832962038
988338381 605715154
749987769 89207589
457831711 174104656
356045839 315582499
394873800 573217950
828653087 541832410
41564691 557567504
99279464 608358125
501745616 897938054
532425046 104627130
94704568 850358630
119581977 156118502
501143175 293594538
470666300 601949429
321371019 818706294
165224769 344721727
597522825 562358565
412037078 587652630
803449445 142443849
279583824 605952974
453506628 580224015
869507355 348293399
302758880 591740415
726538651 78519226
79079996 83866414
729925006 875608131
495622711 279550980
942768917 404051731
477315036 679887022
309108362 28500381
144288850 374538136
832891081 724493968
809367182 149782939
651328527 449950558
75866761 77687705
222124583 764056361
594986483 364891165
103210453 744918507
203704552 198716092
65420179 79695271
19216805 661244418
164889633 976983219
856045250 263550297
863294006 912037724
713369603 397578335
171715403 191615486
451351306 855793716
958825953 975302212
797292560 258919550
209790985 525464892
207420857 216425946
335989542 925725345
938080919 543624986
580661066 169951344
923090367 149881688
176890399 342777685
925267212 146134206
525409576 25937823
343865913 496857854
818807817 789085661
26713566 97842778
212657424 233248274
573760382 30266613
7801940 849836320
172132510 147177563
28136649 267429182
831856767 182324794
385204716 55804202
222329877 927253698
687394453 313561709
882236998 955134073
610398764 458719829
624608987 134212396
532608611 36825408
726410923 170425372
245502447 406497881
24819946 713649980
701938137 717627255
846129402 921237903
465738698 399189213
999612841 747026193
794085892 16542675
190679025 880800809
111844338 706236597
167236551 245242697
235600247 579513797
531397355 767783643
793517707 220601839
883186982 240760934
719996334 368637317
115316402 738602452
200313637 312309965
200732272 209869190
738745262 711247093
90745453 239110940
721020189 877374898
696497067 493555491
264251612 169677279
985365663 827782164
147816126 853258760
775598614 874058290
582394411 330759341
841965185 183917092
683389840 477812129
943854128 562220084
747067589 837847834
162625773 237553672
514038051 980585192
139826966 651987174
882059629 16014485
321665069 84303380
145351948 111974720
667473808 395625614
687143233 12578784
251524591 661041131
544374149 447084335
924928667 271343327
938323711 77735697
163547485 757750765
558311362 549353742
575389539 19920784
855189126 971848947
432102316 497731689
24129035 446492707
286570480 236616126
240798044 48112977
419932355 12541362
307595314 624782358
876241363 663741524
585543680 393900559
679871129 446119430
729336335 213014303
942490339 667789500
641729545 408748046
494197055 736158930
510200330 194070229
563308293 725942191
487989005 352827371
51582939 81876771
852751286 542306080
676928757 796336110
578611603 822295169
927757870 614324812
406385564 236526515
336427968 133818269
922188447 106964122
769457019 850123586
757796019 636070709
325048559 436949651
654183574 253675378
39857662 539586236
691174851 461996786
274964202 967924599
761710357 777888803
938499130 48039431
619661794 236223145
172088870 185590198
110914220 559004679
741168569 475447724
244970771 745369505
340949362 503372279
876886298 591877934
70815509 363038773
747700714 118483850
899512993 120222939
425442493 944160901
307725904 87710226
813152039 993733038
691224470 846962788
743045597 265986921
303052375 160265474
162890995 688057609
356902985 79201515
229453469 167553929
700632224 796771738
673656996 337426053
622258806 51455953
89949267 64126948
853918776 455508993
189580420 799323405
414744710 144664291
739661026 265170584
428464918 443197143
166860858 203354609
532298022 277915601
990802046 765104323
700778574 972031384
19213688 507455647
503703301 195025898
496553801 902709074
162471995 942189088
451252354 429552316
806498542 708048584
645672062 532113178
613603458 149927240
889084428 417759434
66930270 748758625
529878708 349065604
184751446 676934174
182943101 335453462
655676818 286203857
633674468 917071911
446350986 800030148
601097765 944752555
533082351 750423472
607018233 878287005
166684593 225415816
367398230 349809118
36445276 827497335
859988113 267575600
890565398 788990305
180482437 343463284
628847593 767317193
275566173 490216000
741262926 76134081
982814343 794915337
901533048 326989062
103616038 450909188
469781131 872504805
109568093 424005039
372550647 682237077
38004526 845871492
140708391 44651347
261200283 527670519
361785498 219470031
887611454 634548116
589178778 205950597
703218502 420093381
796304132 433374181
497071125 544312037
523560430 546702685
911327137 493804434
984584676 763013856
545038088 665926789
974939075 553882677
654442388 208318549
337490314 174360629
220001918 357637099
990152637 819460207
363220986 348760478
359195477 849322012
887555470 125563966
140706564 26461674
901188430 325951434
758065885 864952204
521589593 249380424
785073322 345454931
870699743 87243636
249706836 790009884
962934626 134571091
736079828 91094394
972344811 359818637
223912954 404382381
64563138 755035980
346427534 456370548
435434049 368090848
157092534 865370593
20614931 700377363
539084818 109113057
983238926 562921394
44762418 116273885
844764301 139045013
913466025 805607965
158719595 128674856
824522005 701557102
240519396 212768965
155328780 550611348
821497980 963677195
104310644 344336988
595275434 326225630
788659118 68570524
966008364 120980758
879254527 562965234
958822867 227592665
777673033 306920860
548873978 120664956
978799269 18242170
585054915 524122682
402662736 502046753
647540970 23172381
199868238 507887520
551768600 736209994
320759738 850117372
59087596 386850370
650019307 881548119
7362036 577765954
122688338 391786803
877226775 934834842
572549216 798924444
392113523 976197072
51858447 464324021
886625856 45446295
145744152 151098873
312463817 289895067
349498392 575137165
476833183 658920975
785613650 962953894
790913612 120645782
327969549 238779667
967358054 74195036
883376553 30919169
254058485 559797594
126153174 565063702
459531106 832775638
203510848 287787643
268520163 521665049
440195545 872237396
980313769 96174254
567044822 229562360
893738753 835389182
36294100 279161326
458776674 900372438
214421858 860412662
286269766 623170579
381569808 286262607
269000221 259494250
565268360 736360553
933545812 491748926
415602844 99758945
376144078 539577941
304198013 141823603
740291922 798456005
719712956 565642994
72186175 464665779
544553445 206406804
861378812 976556729
603912872 463952722
34937097 325140395
381894030 314773267
938286133 480933458
623046117 375598753
52446657 297975088
227023686 322255982
121117175 443333471
617657231 515635843
629882669 234986799
44737885 459384643
322184181 838301847
41921301 858736111
251681691 808185299
911183543 253908636
275867757 420738316
968436633 70786223
212279422 949709805
15525047 479110815
134961908 771254790
951859839 178983278
71175099 983738643
51516710 965993615
866989773 808273813
856061577 717948704
939898648 896761738
452569382 213856144
805675323 253452143
26119540 32453603
939927499 257029391
398189235 890362651
311536820 170596557
336719704 975147427
262614602 436075488
475903381 122836051
105410257 343700391
920411800 630874780
851870221 328480428
57593445 591666780
736027663 774848061
772108125 600731296
883880075 697626875
832062734 221364529
80193113 698899812
708469162 179431541
993237963 809439999
580316022 825394201
410450204 476843118
56647055 131685959
563982186 179501375
710137700 202218740
261656965 877861806
46328549 614249476
733453505 402353739
500611671 804016090
602099129 38832226
321325933 396299263
191517369 590710870
150686145 570111093
715651919 641950476
984964044 479224460
610486307 289864379
341061397 323728371
536793535 594440348
67234989 586742398
427371846 563548454
887932584 350949452
566145183 323066554
471564563 398112548
282753674 349426287
172630443 195949762
941856064 440845065
114772643 136864495
686124434 363948914
49491337 307467973
582554057 112812593
269574865 56573127
30833733 661256802
510687881 458340614
804305327 695499600
231964711 867490484
332689736 67248252
256838651 534437110
150246248 564117457
333398960 821056828
123379360 303146242
781772848 124246697
767665057 519903209
668029527 265082613
684718534 239846115
503700009 322483546
90802498 36634030
343578210 944820131
289661205 883194211
978158711 897153706
524740266 779283397
467794413 607531591
620535550 424097707
425364727 257993981
599697655 92042529
112475796 120602611
117702524 292515032
662022653 803308857
493889382 391020843
792982760 85464637
447108673 852278107
286082671 241807996
229525719 512237350
245007628 449622135
855330953 883617286
139211090 251525620
200998449 778953233
161279383 169829986
617350106 775598820
219760858 518416523
797071895 481954121
397033881 995389189
597328028 958778016
724614231 257356539
838804073 47145894
323352199 967236180
872037311 683935082
309953911 850566807
612312968 590631368
453600075 510062147
79837549 325947497
521729325 689524081
151351729 275021724
862992766 786148248
644227902 911610534
494098407 522028938
426836984 305252227
823676511 707509534
803687538 679985580
