100
2 178 1
1 754 997
1 98 613
2 974 989
1 3 629
2 737 543
1 36 208
3
1 955 344
2 835 928
4
2 190 540
2 634 850
2 593 297
2 687 425
1 442 319
4
2 760 893
2 505 118
3
1 689 298
2 103 558
1 480 332
4
1 598 440
3
1 420 160
1 178 793
2 558 520
4
1 128 487
1 644 789
1 111 57
1 503 220
2 103 179
1 332 996
4
2 100 75
2 684 527
1 490 314
3
2 199 786
2 768 231
3
1 864 754
4
3
3
1 129 289
1 303 102
1 755 802
1 904 68
1 142 893
4
4
2 330 750
2 962 749
2 473 643
2 948 929
2 226 980
3
4
2 182 361
2 754 342
2 805 706
4
4
3
1 260 685
1 966 135
3
2 663 394
2 616 42
2 782 308
2 877 425
1 171 243
1 443 593
2 314 976
1 196 223
4
3
1 161 296
2 487 401
2 198 524
1 265 148
4
4
4
2 474 327
4
2 911 562
3
2 855 841
2 504 641
3
1 946 432
1 466 747
3
2 757 532
4
