500 10
1 0 10 11 11 6 6 6 6 5 5 38 39 38 38 43 43 22 21 20 19 19 18 11 12 12 13 48 49 49 38 10 9 46 46 46 46 23 22 5 4 3 3 11 11 11 40 44 44 45 45 46 46 46 46 47 47 8 7 7 6 35 35 35 5 35 35 35 35 36 36 37 31 32 19 19 19 18 18 18 28 28 27 27 43 43 43 43 43 43 31 50 2 41 10 10 14 14 42 42 41 41 41 40 40 40 41 40 45 1 21 21 4 31 32 33 30 31 30 16 16 17 18 19 18 18 22 18 47 46 46 20 20 46 46 46 45 36 15 15 14 34 33 26 26 25 25 25 42 42 42 42 41 41 41 23 23 23 22 22 22 15 44 44 43 31 32 31 31 32 32 41 49 49 49 40 40 41 42 42 42 42 42 42 43 42 39 39 38 37 37 5 46 47 47 47 48 49 49 48 7 7 6 7 49 48 37 37 12 15 15 20 20 20 20 20 20 35 35 5 4 5 4 4 3 24 25 37 23 24 25 35 35 34 34 33 32 7 6 36 35 35 23 38 37 37 18 19 19 18 18 17 17 16 16 16 17 45 45 46 46 12 12 16 17 18 18 5 5 8 8 7 40 40 39 38 39 39 38 39 40 40 40 41 50 51 51 52 51 51 51 50 50 46 45 36 37 37 38 12 17 16 17 17 28 40 6 7 42 41 25 34 35 36 35 36 35 26 26 39 40 40 41 42 43 21 32 31 32 32 3 15 10 10 34 34 34 34 34 34 34 34 17 17 16 16 15 16 18 17 16 16 15 15 15 16 15 14 15 15 15 14 14 13 14 23 22 21 22 22 22 22 16 2 2 10 10 10 10 9 9 4 19 20 20 2 2 1 49 50 50 33 32 32 12 11 7 6 6 6 21 22 26 26 9 9 38 38 49 50 50 5 6 19 18 18 19 42 41 41 41 41 24 24 2 15 16 37 38 37 37 36 36 35 34 34 32 32 32 31 32 33 33 3 4 5 23 22 23 23 24 23 23 22 7 7 8 8 6 6 36 36 35 1 1 27 27 27 27 27 16 3 50 50 41 1 0 0 0 27 26 26 26 26 26 26 26 16 15 27 28 22 22 22 22 22 22 24 40 40 
1364
4245
1520
945
4289
425
4118
4598
1626
124
