50 49
44 14 94495744 17574199
42 14 90313045 706707440
47 44 48377813 117232753
26 14 31561299 817612142
38 44 32387224 598865876
18 38 19985397 259154415
43 42 59354900 961522650
35 47 61607141 69244107
31 43 64090047 936962847
24 44 50698754 474127152
4 44 42389215 10591578
20 18 28190745 558561725
49 44 3119322 415602843
11 14 47098853 783549538
29 4 81079772 10491078
15 49 86361161 832709239
6 20 16428718 126636879
12 6 74129868 2585370
45 49 32985557 237757751
33 14 1908309 775056844
16 33 37682410 325806406
2 4 2065447 40487246
46 12 14669112 7657098
37 47 2635038 946301113
28 11 9660316 780805903
48 29 66406955 208370396
1 45 32328344 936134367
8 28 15459597 6756314
30 18 2362808 716991292
3 42 24772177 419468546
7 43 98992937 273657884
17 1 59807627 399574769
36 35 39921302 507300325
40 28 22688213 397068262
9 4 59530309 173261161
21 26 609160 746547300
10 14 18404722 812826660
41 8 24251449 216458766
32 41 60355051 555477171
27 10 46359543 725927102
13 15 22530284 246249368
39 35 98683842 76441062
34 28 37845820 791980076
19 28 34465870 179288619
50 13 38237320 149363172
25 7 19239928 814983487
22 38 51334655 60483527
23 17 49973000 36504063
5 32 68706606 377795631
