2 514
234 532
1 1 1 73297
2 2 2 23384
1 1 2 202865
1 2 2 142909
1 2 2 234575
1 1 2 460307
1 2 2 314371
2 2 2 230515
1 1 2 866567
1 1 1 647928
2 1 1 559602
1 1 1 1015417
2 1 2 565887
1 1 1 695311
1 1 2 1396422
2 1 1 100373
2 1 2 702464
2 1 2 520994
1 1 2 1750279
1 2 2 1185168
2 1 1 1430162
2 1 2 1733111
2 2 2 2218172
2 1 2 2360881
1 2 2 1059741
1 1 2 763927
1 1 1 2517262
2 1 2 1393602
1 2 2 951496
2 1 2 1062410
1 1 1 3076389
2 1 2 2048009
1 1 1 2889789
2 1 2 1225432
2 1 2 593673
1 1 2 1138384
2 2 2 3141282
2 1 2 3284617
1 1 2 2871553
1 1 1 852189
2 1 2 1831232
1 2 2 885028
1 1 1 2963703
2 1 2 793720
2 1 2 3574495
1 1 2 1681074
2 1 1 2922449
1 1 2 1842155
2 1 2 1310054
2 1 2 533243
2 1 2 3325944
1 2 2 3890045
1 1 2 1560831
1 1 1 5253191
2 1 2 4056660
1 2 2 1799285
2 1 2 3764880
1 1 2 5207774
1 1 1 1757292
1 1 1 3019676
1 1 1 1100674
2 1 2 2347848
2 1 2 4402026
1 2 2 2268602
1 1 1 2179869
1 1 2 6106508
1 1 2 3630932
1 1 1 1062167
2 2 2 4205416
1 1 1 6366451
1 1 1 5791795
1 1 2 1740538
1 2 2 1902701
2 2 2 3776197
1 1 1 4731055
1 1 2 6868012
1 1 1 3806514
1 1 2 5324810
1 1 2 4204624
2 1 1 7974774
2 1 2 2117536
1 1 2 1858185
2 1 2 7216189
1 1 2 865950
1 1 2 5849823
2 1 2 5155404
2 1 1 4817280
1 1 2 4228972
1 1 2 303127
1 1 2 1604889
2 1 1 2903295
2 1 2 4066346
2 1 2 7208624
2 2 2 5041273
2 2 2 6073955
1 1 2 739102
1 1 1 8070737
2 1 2 2308532
1 1 2 7465555
2 1 2 7806993
1 1 1 652483
2 1 2 7482129
2 1 2 6584185
2 1 1 8312012
2 1 1 10040942
2 1 2 5305114
1 1 1 5275
2 1 2 9054740
1 2 2 9347322
1 1 1 7835605
1 2 2 168451
2 1 2 7783604
2 1 2 8815950
1 1 2 8195915
1 1 2 8762871
1 1 2 7980146
2 1 2 3780820
1 1 1 7859588
2 1 2 5976351
1 1 2 568088
2 1 2 6199986
2 1 1 3040647
2 1 1 2855301
1 2 2 6793580
2 2 2 7508145
1 1 2 2202654
1 1 2 6253839
2 2 2 11061303
1 2 2 1111609
2 1 1 6640591
2 1 2 12315687
2 1 2 12323776
1 1 1 8291570
1 1 1 66211
2 2 2 6343155
2 1 2 219217
1 1 2 13322275
1 1 1 1840802
1 1 1 4853628
1 2 2 4013872
2 1 2 8147829
1 1 2 5338964
2 1 2 13255785
1 1 1 3768742
2 1 2 1632496
2 1 1 7580929
2 1 2 10275076
1 1 2 5525371
2 1 2 8337500
2 2 2 1982192
1 2 2 9701203
2 1 1 1109367
1 1 1 9631777
2 1 1 8691370
2 1 1 2224159
2 1 2 15385058
1 1 1 15375623
1 2 2 13582903
2 1 1 1016304
1 1 1 4735235
1 2 2 5862453
1 1 2 14220831
1 1 2 9832238
2 1 2 7930659
2 1 1 6949876
2 1 2 2669610
2 1 2 1692513
2 1 1 653194
2 1 2 9804972
1 1 2 15948831
2 1 1 6701616
2 1 1 11096320
2 1 2 13500773
1 1 1 7029319
1 1 1 2293828
2 1 2 10531917
2 2 2 6243495
1 1 1 7989610
1 1 2 11629189
1 1 1 736184
2 1 2 16405241
1 1 2 2190544
1 1 2 10168155
2 1 2 3203723
2 2 2 13491236
1 2 2 1824385
2 1 1 2251726
1 2 2 11126156
1 1 2 3580016
1 1 2 18041988
1 1 2 15654085
1 1 1 17762692
1 2 2 5266821
1 2 2 683811
2 1 2 4549769
2 2 2 10662202
2 2 2 18494731
1 1 1 2708772
1 1 1 7610274
1 1 2 2757496
1 1 1 316233
1 1 1 18830992
2 1 1 15241976
1 1 1 14020228
1 2 2 6089833
1 2 2 1148526
1 1 2 6899027
2 1 2 16315047
2 1 2 13007217
1 2 2 12532744
2 1 2 8601530
2 1 2 10279849
1 1 2 8134954
2 2 2 20628196
1 1 1 20869943
2 1 1 4093010
1 1 2 6603867
1 2 2 1390604
2 1 1 16130736
1 1 2 18633322
2 1 2 11821422
1 2 2 13229125
1 2 2 4494382
2 1 2 21927352
1 2 2 9315753
2 1 1 1664026
2 1 2 21177369
2 1 2 4785669
1 2 2 4693397
2 1 2 13978130
1 1 2 2563768
1 2 2 341273
2 2 2 17297914
2 1 2 5572660
2 1 1 18918261
1 1 2 14420156
2 1 1 13174976
1 1 2 8363914
2 2 2 15198582
1 1 1 23028918
2 1 2 18350863
2 2 2 19325082
2 1 2 5343012
2 2 2 16016334
1 1 2 6393966
1 2 2 18587885
1 1 1 22057479
1 1 1 7055310
2 1 2 1122278
1 1 1 14540938
1 1 1 14712102
2 1 1 19875580
2 1 1 4808927
1 1 2 12364155
2 1 1 6886411
1 1 1 1681824
1 1 1 4670913
1 1 1 2003398
1 1 2 16965948
2 1 1 2768388
1 2 2 18938612
2 1 2 8628596
1 2 2 12327618
1 1 2 23206255
1 1 2 5109983
2 2 2 21324749
2 1 1 22330565
2 1 2 2596136
2 1 2 3139884
1 2 2 4026393
1 1 2 11276173
2 2 2 23289976
2 1 2 22783521
2 1 1 7728287
1 1 1 24620961
2 1 1 10812967
2 1 2 24467655
1 1 2 24620521
2 1 2 13165322
1 1 2 19798013
1 2 2 21270277
2 1 2 6993533
1 1 1 9490257
1 1 2 27327554
1 2 2 1777093
1 2 2 20372580
1 1 2 2650012
1 1 2 23449917
1 1 1 3914285
1 1 2 27103654
2 1 1 7250067
1 1 2 26870327
2 2 2 7423110
1 1 2 5276618
1 1 2 1754432
2 2 2 9052536
2 1 2 11145176
1 1 2 27678298
2 1 1 15064265
1 1 2 1349960
1 2 2 15169931
2 1 2 28646748
2 1 1 18824535
2 1 2 8158191
2 1 2 17363463
1 1 2 11700633
2 2 2 12204338
2 1 1 27337012
2 1 2 29630643
2 2 2 2084377
2 2 2 16427970
1 1 2 18806496
2 1 1 9458648
2 1 2 15873892
1 1 1 1738127
2 2 2 674619
1 1 2 69470
1 2 2 28270849
2 2 2 12576224
2 1 1 7651469
1 1 1 7273069
2 2 2 9432121
1 2 2 4973279
1 2 2 3725982
2 1 1 31365037
2 2 2 3982164
2 1 1 3686130
2 1 2 11023670
1 1 2 23387173
1 1 1 5885914
1 1 1 27461218
2 1 2 13632540
1 1 1 22290623
2 1 2 6757843
2 1 2 10887222
1 2 2 2217241
2 1 2 8717889
2 1 2 19418439
1 1 1 13858776
2 1 2 7957493
1 1 2 22584724
1 1 2 25232061
2 1 2 27770926
2 2 2 12806264
1 1 2 8580128
1 1 2 21034622
1 1 1 5659201
1 1 2 1151337
2 1 2 25244332
1 1 2 10486162
2 1 2 24541369
1 1 2 18935698
1 1 1 11923585
2 1 2 23906945
2 1 1 2093854
1 1 2 12602681
1 1 1 5322664
1 1 2 7263379
2 1 2 16015383
2 2 2 30677927
2 1 1 7454119
1 1 2 33498511
1 1 1 17855982
1 1 1 17994788
2 2 2 27220102
2 2 2 5703230
1 2 2 28964329
1 1 2 7727096
2 1 2 2197711
2 1 2 6567080
1 2 2 2236881
2 1 2 27690858
1 1 1 30471752
2 2 2 11105429
1 1 1 32228750
2 1 2 20682691
2 1 2 30392987
1 1 2 33099533
2 1 1 795336
2 1 2 2799563
2 2 2 17285358
1 1 2 12336663
1 1 1 33289062
1 1 2 17929802
1 1 2 4991337
1 1 2 15511805
2 2 2 2762705
1 1 2 10851336
1 1 1 5448598
2 2 2 1871173
2 2 2 13085809
1 1 2 23875276
1 1 2 3838748
2 2 2 9841592
1 1 2 4366702
2 1 1 19529440
2 1 2 13442050
2 1 2 2041182
2 1 2 32432176
2 1 2 17205898
2 1 2 16412017
1 2 2 5421246
2 1 1 34364158
1 1 2 28255251
2 1 2 15160753
1 1 2 16848097
1 1 2 4535938
2 2 2 36794051
1 1 1 39940778
1 2 2 16554000
2 1 1 18672034
1 1 2 37879265
1 1 2 2654211
1 1 1 35638801
2 1 2 11610279
2 1 2 24417463
1 2 2 10427238
2 1 2 15364844
1 1 1 38965209
1 1 2 7164683
2 1 2 30959289
1 1 2 24131051
1 1 2 30272031
1 1 2 27759270
2 1 2 23859205
2 1 2 42233300
1 1 2 39144290
2 2 2 33187408
1 1 1 37949201
2 2 2 21798897
1 1 1 36683499
1 2 2 16870096
2 1 2 1769959
1 1 2 43015432
1 2 2 2749696
1 2 2 6743408
2 1 2 41918989
2 1 2 31367458
1 2 2 7068874
1 1 2 9516662
2 2 2 18325293
2 1 1 1148934
2 1 1 1374672
1 1 1 28683179
1 1 2 7167341
1 1 2 31743486
2 2 2 30924924
1 2 2 31025879
1 2 2 41591254
2 1 1 22300624
2 2 2 15201460
1 1 1 42428098
2 2 2 27740111
2 2 2 16102981
1 1 1 25168481
1 1 1 28062771
1 1 2 4031938
1 1 2 25399141
2 1 2 24681483
1 1 2 13228660
1 2 2 18826933
2 1 2 26527288
1 1 2 45411033
1 1 2 21746891
2 1 1 9640497
2 1 1 23042373
2 1 1 13295285
1 1 1 26106241
1 1 2 11155614
1 1 1 9650582
1 1 2 7562053
1 1 2 16485086
1 1 1 28121156
2 1 1 33311537
2 1 1 3437810
2 1 2 20453161
2 1 2 19342890
2 1 1 25186975
1 1 2 39791204
1 1 2 47971500
1 2 2 38576122
1 2 2 22520872
1 1 1 12047779
1 1 1 33658029
2 2 2 25316570
1 1 2 10363283
1 1 2 15024375
2 1 1 45096565
2 1 2 17151379
1 1 2 19857258
2 1 2 38820135
2 1 2 21662284
2 1 1 15166285
2 2 2 19810035
2 1 2 12623868
2 2 2 8419961
2 1 2 36989263
1 1 2 28496503
1 2 2 44342782
1 1 1 2861894
1 2 2 43046947
2 1 2 16121278
2 1 1 2206517
1 2 2 46217465
2 1 2 25888335
1 2 2 7091024
2 1 1 25994249
1 2 2 25016411
1 1 1 38048188
2 1 2 40502068
2 1 1 43818273
2 2 2 21339700
1 1 2 25923698
1 2 2 48333044
114514 1919810
