1000 1000
950 772 779 476 410 717 609 669 737 488 528 647 908 686 9 883 285 763 65 975 627 176 714 526 921 55 384 166 687 90 100 489 231 325 356 934 185 295 809 93 624 349 592 309 931 343 874 834 645 697 412 799 821 803 167 865 7 993 625 428 905 268 834 683 511 127 408 684 119 75 756 274 470 275 139 82 721 161 197 270 341 343 601 805 471 919 96 960 580 716 261 526 787 742 540 442 310 82 359 992 117 24 938 548 587 379 849 147 927 388 268 919 372 847 882 719 769 445 227 213 257 272 165 454 380 586 384 374 757 271 978 409 842 6 852 835 783 356 650 145 347 433 255 374 202 520 919 743 369 947 707 79 421 182 832 92 28 911 720 431 498 596 456 560 78 989 992 8 83 374 167 133 511 366 36 890 615 739 534 556 769 395 205 830 928 204 486 566 244 734 947 806 415 899 329 532 778 606 264 986 526 249 383 286 43 957 549 595 308 990 857 774 216 893 803 515 107 92 576 862 547 581 10 450 636 324 253 229 668 536 932 521 784 150 746 20 461 38 849 913 640 115 959 606 670 407 115 940 396 838 733 866 625 934 427 611 39 709 125 211 646 987 74 421 481 828 464 920 111 79 104 861 731 321 792 723 92 867 344 851 357 552 637 757 182 208 432 185 802 960 952 806 495 943 420 903 882 515 474 97 568 266 195 38 637 801 68 797 137 416 983 824 974 636 152 236 547 476 369 244 868 980 94 327 880 197 825 598 433 139 215 903 168 430 289 516 15 513 564 444 301 270 410 369 317 257 30 593 831 672 412 277 69 257 31 101 991 732 545 666 160 461 319 810 135 987 442 488 744 363 935 881 192 110 527 64 908 759 120 891 674 870 675 115 758 640 188 328 142 700 365 507 159 527 530 114 166 353 6 256 712 79 957 179 226 95 952 884 178 310 477 362 700 485 973 127 109 264 811 753 292 838 491 978 580 915 889 752 12 777 262 366 743 443 575 610 140 601 533 581 751 847 70 942 494 461 834 735 364 153 671 270 282 64 61 662 745 913 139 75 249 666 385 713 782 537 867 142 765 380 468 84 75 353 113 168 271 575 74 605 115 675 365 801 182 948 570 303 509 399 432 196 862 500 431 666 596 199 131 328 654 345 663 551 583 4 888 87 671 594 750 40 240 566 846 905 426 577 227 413 904 119 992 769 370 176 744 528 417 992 22 495 581 830 677 960 26 137 962 411 622 758 613 760 45 307 123 895 206 232 631 505 675 136 324 372 580 453 204 842 317 809 733 555 980 629 647 71 12 158 79 900 405 547 255 366 697 865 323 42 776 407 406 450 77 251 763 716 783 51 572 331 113 84 855 884 162 542 483 210 221 941 808 787 419 146 316 225 324 200 639 18 794 264 808 992 918 878 173 89 192 674 79 536 988 839 108 219 735 967 203 491 870 717 123 367 296 610 909 529 399 689 69 735 283 419 37 587 222 179 762 668 921 866 182 355 294 741 204 526 764 810 430 945 926 231 954 816 148 891 441 638 40 115 215 865 203 446 470 396 550 497 283 99 953 156 471 203 855 755 95 487 103 702 181 380 653 250 221 950 896 237 80 929 601 910 740 377 682 371 74 106 229 64 359 736 272 847 884 696 384 603 678 710 819 851 422 788 972 701 722 538 186 585 411 224 794 34 173 302 273 177 105 821 355 633 798 691 991 883 588 426 416 891 896 697 285 178 235 674 913 811 795 51 285 6 544 669 145 455 176 904 927 608 476 997 896 547 753 906 500 393 639 114 415 6 469 242 454 714 947 677 678 865 7 777 366 740 713 624 368 366 407 504 372 216 850 27 293 270 910 439 737 439 206 127 917 249 758 608 119 675 927 189 659 681 46 188 534 907 973 511 934 198 345 244 272 226 731 542 168 498 783 697 629 847 936 305 811 646 65 588 287 917 141 427 702 186 361 517 598 396 197 700 667 679 470 334 876 549 319 294 323 632 875 272 41 809 405 657 800 628 56 500 510 713 319 726 89 788 582 467 549 574 87 966 216 242 263 918 615 929 686 379 78 847 755 805 844 203 909 669 588 987 786 786 157 917 372 550 75 591 623 686 604 969 229 502 115 206 203 258 273 990 753 902 639 7 941 767 206 39 320 527 951 27 272 597 123 515 797 347 460 4 884 111 577 349 558 618 894 819 770 500 746 117 535 318 456 520 523 862 879 500 47 718 650 541 113 838 608 595 432 861 684 722 403 452 46 203 715 612 265 281 444 851 995 525 824 611 
144 554 558 16618
79 650 651 97019
868 960 963 95595
564 659 668 94437
668 25 31 62759
698 170 175 68387
522 88 94 49919
795 422 427 84821
799 158 159 10387
95 673 682 55804
189 596 606 53606
304 869 872 19354
27 506 514 48567
414 618 621 70543
75 313 322 98504
586 432 434 88701
446 859 867 71994
94 866 875 73603
565 945 951 26190
610 728 729 2116
793 491 496 47045
704 899 905 4449
931 331 334 7519
728 244 245 18521
588 634 643 27614
876 356 359 77616
989 200 202 44963
620 444 451 33540
62 222 228 18959
730 670 679 35288
682 694 704 19459
62 537 539 59628
145 313 316 50592
378 31 35 2081
180 88 97 87014
230 114 117 18841
795 331 335 88663
363 761 769 55668
209 67 72 38644
787 695 700 19059
261 642 647 58046
526 308 312 41432
954 513 514 33078
694 593 603 1411
447 568 571 67740
123 471 481 79893
102 889 899 73107
863 703 713 42032
737 556 559 54394
954 426 434 70036
495 27 28 36531
678 633 638 84770
458 287 292 55135
467 101 108 76860
11 880 883 68990
475 767 777 1121
892 695 698 275
534 745 750 67605
868 767 774 52701
133 786 790 86838
445 7 17 29662
562 245 246 93639
296 768 776 26967
349 921 926 7081
646 52 62 92745
488 977 986 83099
184 692 699 51317
315 861 862 62016
974 776 777 90267
272 261 264 57304
67 930 933 67774
151 964 972 52293
735 82 85 90749
690 482 488 70823
563 474 476 96762
945 480 489 70047
247 698 701 81301
997 392 398 89519
398 148 152 83025
664 825 832 62167
368 369 371 91341
3 269 278 79736
133 953 954 66124
166 789 793 81683
480 894 898 52525
730 755 761 84586
280 912 918 35282
841 582 588 52797
455 729 732 29755
123 809 813 47726
303 154 159 7371
986 892 897 98493
639 459 464 6529
454 663 672 31403
425 302 312 83392
120 989 994 2170
150 739 740 26759
682 934 939 90985
664 684 690 48472
893 403 410 98588
526 809 818 51251
41 405 415 40625
898 340 348 89915
975 197 201 91915
189 862 867 84815
377 645 647 3946
160 447 449 28337
87 604 606 34352
756 161 165 90979
419 108 112 83100
697 580 586 37411
437 175 184 32786
130 266 273 75573
727 780 787 20848
967 635 642 24057
521 286 288 18361
361 513 521 97487
637 133 142 45773
416 37 44 81081
99 498 499 24461
71 999 1000 41560
540 461 471 3355
622 865 873 76301
682 193 197 84951
845 611 619 67705
734 126 132 24899
759 319 320 96188
224 133 135 94111
35 822 829 54424
393 688 696 84012
772 32 42 20334
947 246 253 13931
65 574 580 49695
470 105 106 89310
260 339 346 87052
819 595 604 39717
118 837 846 16630
213 587 590 58945
889 752 755 4125
970 596 603 21524
756 571 581 96868
653 5 13 53374
393 751 755 70762
791 913 919 73729
881 927 932 48945
344 168 178 93468
445 985 990 79353
249 859 867 22002
830 409 413 75397
796 899 903 60516
981 525 533 49940
857 889 892 85137
827 657 658 53833
770 438 444 59996
273 100 109 3043
615 907 912 40646
151 199 205 96868
954 25 33 99630
24 445 452 1548
515 322 329 68280
804 92 100 26654
67 157 160 47554
308 416 426 52281
500 941 948 99087
800 936 940 18400
583 505 512 97791
123 117 121 95442
180 12 15 6483
852 921 924 53456
932 166 173 19501
78 661 669 91453
161 831 839 48013
520 193 200 26169
547 938 946 76660
148 863 871 83172
172 527 537 17859
588 959 963 80480
228 639 648 50204
247 971 975 6638
957 779 789 67232
575 908 917 37167
15 269 277 97774
701 522 527 67364
563 900 902 67625
459 791 793 92077
363 650 659 93970
688 483 485 87693
504 641 651 82024
294 424 425 86755
561 736 744 15566
726 878 885 57745
194 930 933 42820
369 815 822 19768
850 782 789 90700
760 572 580 86232
818 527 536 6662
347 733 736 50100
292 877 885 40691
981 132 135 24171
208 953 954 16021
126 81 90 29855
911 756 757 3756
583 318 322 66641
323 399 408 31961
16 763 772 46146
901 51 56 87518
4 418 427 50962
781 465 470 32442
931 404 411 12036
60 635 644 32913
981 505 513 74935
860 296 304 14017
381 923 924 41069
845 442 447 57645
674 762 770 51495
241 979 989 73717
702 544 546 99846
704 243 246 30779
723 214 216 64746
684 610 615 94463
416 964 969 55510
581 51 59 81794
63 124 131 82921
245 174 184 76005
465 190 196 66629
652 4 8 48010
752 876 881 14859
283 846 849 94929
155 822 825 95708
276 597 606 19804
164 166 169 98744
456 794 802 62763
436 285 286 54914
887 686 690 4447
12 691 696 89657
554 35 45 7929
277 250 254 98719
683 904 909 95035
511 154 159 10389
658 640 647 28325
877 637 647 10939
577 2 12 67097
975 91 99 17044
160 41 43 13271
750 422 428 81535
80 508 516 91040
986 159 169 86014
747 150 151 54325
646 710 716 53522
826 719 722 30392
58 797 804 35996
237 72 80 3465
790 732 742 54045
869 418 428 98410
717 325 330 35349
276 310 314 27802
182 81 88 78023
34 261 270 3165
788 952 953 81778
161 225 228 49265
6 708 715 57016
449 577 587 76985
870 493 501 46362
140 39 47 88565
166 157 164 21368
538 45 55 72486
461 460 464 44181
349 474 475 52238
149 692 697 61904
629 817 820 57485
231 798 799 1611
587 426 432 5540
340 570 577 20743
921 541 548 12725
29 281 286 43813
359 565 567 24960
595 318 320 91365
631 794 795 50567
663 624 631 39946
818 269 270 69417
258 320 322 44083
695 759 765 85545
717 320 330 17890
553 58 61 50888
849 465 467 82456
393 213 218 85253
654 395 402 76694
23 906 915 16355
487 984 990 88508
261 707 715 83363
68 416 421 28845
419 695 700 53348
941 357 361 68520
10 145 148 48489
493 663 670 99823
516 832 837 86163
171 664 667 21955
601 799 803 609
842 537 547 32005
35 630 636 23158
257 282 289 84917
651 238 243 94707
483 37 40 19061
72 920 923 98647
463 298 300 25127
829 101 110 20709
631 171 172 55274
11 782 786 65534
60 521 526 14175
946 852 860 60033
152 892 898 78857
364 841 850 60849
42 526 530 15144
49 972 982 30735
380 575 581 4860
298 183 185 14810
391 305 306 18759
65 116 121 16949
732 244 246 47114
222 42 47 83520
116 922 929 39942
947 892 896 63229
504 532 536 16028
384 50 55 99916
392 682 684 63084
639 29 39 99886
175 6 8 2744
616 622 631 48293
421 720 727 42049
165 862 870 72497
707 714 721 53160
526 470 479 6067
569 173 179 2318
660 191 198 39564
538 657 658 21012
849 618 627 93022
518 783 786 25882
390 712 714 83786
229 137 144 53218
563 251 257 20367
418 768 769 59054
169 954 960 39280
828 341 350 80829
762 704 710 63181
141 56 62 84848
30 628 638 66056
959 650 655 4298
919 249 252 28033
33 989 995 12170
565 863 868 60825
685 378 386 41042
905 983 991 63857
980 577 579 50468
949 730 735 69963
184 92 100 27006
322 201 209 16167
40 595 604 2372
664 917 923 74791
942 664 669 64214
1000 607 615 18507
235 348 349 89044
252 144 145 82580
384 255 261 42208
197 385 387 51875
638 395 401 15835
626 532 536 61018
366 928 935 51014
238 136 140 96057
112 120 130 64866
930 936 941 78274
327 803 809 21327
862 651 657 24021
43 916 919 18736
732 12 15 37523
605 777 785 45892
52 843 851 78141
413 469 479 62285
319 697 703 76885
422 49 57 52460
327 511 519 83291
631 373 377 22657
917 830 831 69489
483 995 1000 83983
689 999 1000 75510
993 628 637 87413
180 315 323 87245
28 720 722 54517
256 59 61 67671
795 65 74 19184
813 1 10 7700
240 319 321 44199
404 756 760 96901
941 116 125 31963
488 150 157 38251
497 544 554 84524
263 97 99 86088
326 509 516 34620
460 461 469 50108
53 636 642 67340
568 506 508 51368
695 509 518 2045
595 859 868 29678
477 425 435 10512
710 360 368 43758
848 219 221 11366
443 458 460 81961
985 450 454 8607
666 282 291 80417
473 623 625 49245
421 265 268 88726
857 148 150 23970
260 184 192 98730
330 18 23 10188
921 233 234 92156
36 721 727 85023
716 59 66 36623
890 43 47 68923
838 200 210 84100
228 672 675 16704
401 362 368 65274
394 538 540 22672
822 552 560 65940
391 169 179 59148
93 461 469 92563
682 47 57 63541
839 849 854 75766
710 613 616 96556
214 941 948 68672
10 891 898 93169
610 426 432 75858
337 411 419 64423
157 520 529 60683
2 982 984 88333
935 275 285 30734
415 220 228 6149
538 233 235 46908
569 126 130 20624
30 740 743 23508
114 990 993 12527
460 517 520 13561
585 77 79 53122
766 70 71 77899
536 219 226 78795
93 878 887 76140
688 474 479 25676
192 327 335 81436
26 810 812 71364
843 363 367 38236
583 733 734 4084
373 890 895 93326
824 340 349 22655
367 788 790 18066
981 391 397 14564
787 132 137 67657
417 840 841 61670
681 386 391 32693
140 231 233 51044
274 327 335 60694
527 662 666 96448
440 996 1000 41485
370 46 50 91579
100 162 164 5531
184 327 337 49653
742 627 632 49506
1 98 103 16465
815 270 273 24994
413 794 797 75566
561 421 429 51613
943 549 552 39246
109 362 370 87667
494 183 187 90514
170 468 472 37541
484 207 215 1115
212 78 87 46197
123 638 642 9673
865 40 46 22915
202 246 254 10975
52 970 972 28368
827 656 661 34044
806 303 313 91133
215 76 80 60226
751 527 535 49484
608 156 161 15986
424 715 717 44189
5 184 190 29421
435 4 6 96530
536 122 124 84627
489 747 748 42795
226 227 233 96262
418 378 382 38345
572 195 205 18760
319 120 127 98957
143 60 67 82456
250 223 225 6457
508 134 142 92056
235 201 203 10573
11 771 779 4584
612 349 355 12555
79 420 425 53259
213 478 482 50610
824 401 402 52608
127 108 116 17990
447 531 536 53353
532 863 873 94213
732 636 642 11367
437 914 924 68242
834 85 91 25691
418 405 414 91661
24 303 309 42470
588 841 847 94615
769 634 643 58440
517 487 490 62642
292 111 114 57188
117 849 857 70718
844 568 570 96729
950 878 880 43741
952 182 191 18153
328 192 196 5166
66 105 106 29748
965 337 347 64725
140 715 721 15645
469 624 626 16112
869 180 189 39811
178 816 818 90306
111 670 673 49481
740 168 177 64011
395 674 678 718
372 387 389 94796
306 200 207 69140
236 481 489 11559
93 242 245 81148
764 315 325 20220
469 704 706 51750
582 250 251 47340
531 772 774 92085
635 799 800 50905
592 334 340 9384
234 779 783 36771
813 296 305 19585
966 407 413 16939
419 35 38 54657
720 964 970 87571
938 303 312 95465
944 12 21 3675
957 214 224 67897
688 766 771 49765
732 776 778 99444
624 188 196 60272
927 711 720 64441
377 912 921 26431
801 580 584 98826
845 650 656 92915
153 247 251 36392
164 906 913 86731
506 649 651 43283
336 635 640 42730
139 789 797 18158
74 213 214 36465
999 217 218 68376
65 49 50 62143
29 601 609 79155
368 928 937 31095
135 348 354 2784
304 667 671 85945
214 491 493 89280
89 756 760 95559
892 992 999 59316
445 826 833 60225
856 92 100 13308
284 175 181 78984
28 415 419 18555
423 261 268 40606
1 163 170 7504
1000 371 379 99971
72 577 584 96029
823 20 26 90552
890 889 898 28611
126 423 431 53887
136 404 414 42274
413 151 155 52056
650 916 922 28253
262 772 780 69412
651 170 178 8307
329 191 200 76581
587 150 152 358
184 857 862 35578
987 986 989 63735
299 907 913 81735
371 383 389 64807
219 198 199 67370
582 965 968 45943
226 379 389 87238
148 525 534 34663
801 540 546 5723
229 354 364 1849
208 216 226 40523
372 146 150 16110
560 537 542 70038
152 161 166 80551
467 505 512 38621
611 942 952 48645
369 424 431 36738
159 178 184 29993
44 518 520 55396
35 23 27 92051
396 446 453 84423
313 310 315 94693
242 832 836 32425
882 743 752 23008
881 93 97 26701
608 300 303 8901
767 86 92 29875
338 766 774 85909
183 276 283 28541
122 253 256 43568
41 752 759 84746
177 570 572 67513
847 795 796 46334
688 743 748 19311
34 543 550 41815
896 189 190 91220
729 803 808 15000
170 540 549 26153
592 241 243 97281
342 358 367 95631
853 299 301 78996
231 884 890 38310
395 929 934 60272
565 702 711 48688
851 331 341 39801
337 781 783 39471
21 692 696 37005
187 676 680 33538
586 84 91 2767
710 497 506 90154
220 508 513 37631
25 696 701 28138
532 741 744 31966
575 528 532 546
938 544 545 63790
791 762 766 69234
95 150 157 51887
60 672 679 17468
293 552 562 2883
365 115 118 37505
52 104 114 43977
940 387 389 62882
181 365 373 84676
67 954 958 30591
75 746 748 78965
881 368 374 19099
804 454 464 64892
736 63 72 13845
467 300 301 73786
849 144 151 27151
537 604 609 52240
117 595 603 96618
974 990 991 83776
53 314 319 63079
595 949 950 37930
938 589 594 21575
754 225 230 55759
125 998 1000 88682
667 587 595 82577
135 741 746 9842
848 300 301 37040
697 52 54 73664
329 374 380 96461
172 572 581 74037
200 704 705 37034
592 85 91 31730
821 764 773 10151
224 321 328 85432
329 276 284 38533
996 136 141 60711
318 463 467 71110
4 700 701 68417
317 864 866 86442
259 486 495 51623
254 646 652 43698
528 910 916 40506
58 740 744 75328
942 829 834 55835
995 786 791 61748
108 974 980 76234
985 297 307 18351
125 279 280 7210
334 786 795 68563
488 332 335 46714
130 350 352 63616
487 556 563 27068
311 726 729 40823
227 672 674 45553
357 187 190 34362
662 722 728 19225
317 638 645 66377
727 923 928 88407
65 697 703 90469
984 219 227 40490
698 795 796 66384
98 84 88 38836
720 71 80 7018
870 543 545 88342
628 708 712 98708
45 444 450 71697
384 437 444 46608
24 372 378 64134
700 138 148 94526
632 433 438 29557
946 596 605 37919
933 404 412 93473
578 324 330 21780
762 710 712 80937
69 107 109 79039
551 862 863 55023
925 98 100 16065
156 832 835 54771
251 66 70 8665
732 35 36 77112
71 468 474 97162
319 121 127 29597
290 881 887 44020
389 938 947 64837
686 459 460 70681
113 912 920 46127
396 665 671 28217
450 867 870 83709
59 814 817 99189
930 373 382 69263
383 65 75 4910
659 94 103 83368
702 149 157 49190
652 321 325 82503
419 42 45 94525
727 220 222 81167
327 521 524 4085
806 523 532 4351
338 314 323 68846
8 700 706 71289
582 440 450 65865
983 107 111 4605
82 852 860 92840
164 167 168 57454
714 205 212 53418
88 321 325 11851
669 221 225 90131
500 787 791 43862
868 653 660 87809
257 606 607 49488
481 751 757 79287
816 379 387 69722
772 674 682 32469
697 289 298 14293
367 729 734 10364
727 604 613 85474
226 595 598 85774
794 171 178 39745
782 91 92 37419
275 760 761 40404
453 257 263 6517
834 123 128 19740
536 318 320 23980
922 462 468 11386
735 707 710 86737
42 377 384 30543
387 241 244 66885
901 622 626 68475
950 633 638 28074
186 525 529 34304
224 876 884 56160
444 448 454 7679
699 443 451 77865
682 216 224 95353
695 15 24 93060
862 397 406 9135
518 314 319 5940
722 833 839 51394
120 51 60 77626
589 933 942 22386
431 13 23 35254
737 977 979 53122
107 496 502 63017
231 814 818 28593
117 796 803 23700
824 158 162 75425
39 980 986 20921
237 874 876 81714
897 744 747 13304
719 826 833 20839
253 737 745 63698
767 952 956 65631
644 416 422 39273
406 965 974 83389
261 774 780 14941
277 537 539 84512
283 204 206 13583
653 629 638 68330
359 99 109 7777
358 891 895 35643
881 29 31 56051
979 596 601 63350
11 33 38 92230
300 168 178 66042
21 130 134 97788
217 857 864 69066
1000 887 893 22261
301 296 300 17541
958 379 385 63026
919 981 991 50476
983 814 821 16149
74 618 627 57922
421 913 914 1950
861 623 625 51047
809 572 574 21518
595 486 488 71867
194 90 95 88999
203 231 232 32832
451 251 261 93833
7 844 850 4471
557 1 10 36949
264 845 855 73089
776 923 930 48973
712 125 134 26719
486 723 731 57425
150 986 995 27537
647 994 997 12354
580 344 347 86426
740 250 257 71586
627 525 529 12313
887 658 662 60753
956 941 946 73712
848 909 917 37232
96 879 883 575
201 931 934 4257
904 364 367 22697
402 932 942 27427
749 711 716 93070
605 955 961 49466
495 366 367 68046
946 264 266 51876
361 909 919 67371
811 828 835 74724
811 523 529 44902
88 848 854 87994
781 977 984 10592
498 589 591 45832
170 537 547 41465
563 589 595 55566
154 652 660 84916
108 167 168 47245
541 658 664 71888
405 93 102 49447
166 261 271 80175
383 385 392 94972
612 69 73 9042
596 218 219 86477
977 388 397 28506
428 659 668 25307
263 795 799 18919
129 468 478 13352
53 674 679 22460
891 237 241 25908
893 738 739 2520
771 417 424 31585
393 470 471 29661
300 72 82 10383
752 773 776 12204
636 475 477 59519
476 672 676 85510
422 611 612 91122
78 929 931 42635
42 753 756 48810
135 120 126 29278
698 887 889 53383
128 440 445 16126
295 148 153 36939
226 487 488 73613
144 818 825 88566
982 9 17 6348
369 851 852 72617
180 333 342 9691
208 46 48 6661
447 636 639 76701
120 118 127 36172
103 224 226 27473
690 803 809 36254
205 642 647 87225
238 629 638 60925
209 210 213 46262
109 911 916 13769
598 746 755 82025
481 417 424 6211
491 346 355 16915
867 36 46 55852
211 324 331 71284
379 825 828 82662
893 632 640 85167
90 369 374 92593
228 481 486 76419
578 782 787 35918
10 4 4 84290
20 17 19 79823
30 4 19 95600
40 17 38 35741
50 9 16 14449
60 2 48 4528
70 23 69 67790
80 55 62 95743
90 2 22 21161
100 15 92 48548
110 47 68 87754
120 32 45 34542
130 98 126 92011
140 68 79 25740
150 101 112 70466
160 9 123 67352
170 154 159 71950
180 18 69 5506
190 97 119 68997
200 109 192 11646
210 24 170 65501
220 28 38 92111
230 24 228 21785
240 48 77 47445
250 26 47 64726
260 45 239 67573
270 133 262 30229
280 273 278 30023
290 111 199 75338
300 51 80 49221
310 97 123 2182
320 30 44 92017
330 25 227 88258
340 299 329 79559
350 38 77 26284
360 151 214 7205
370 295 326 58358
380 290 335 64215
390 22 340 37020
400 131 272 45319
410 250 398 97782
420 219 251 1476
430 209 352 85278
440 135 280 64690
450 1 312 44003
460 360 418 54834
470 277 379 25551
480 65 415 67250
490 97 203 91061
500 96 245 55607
510 290 294 15486
520 2 269 18474
530 221 399 50580
540 78 197 25792
550 124 421 57488
560 420 512 45965
570 304 337 1121
580 34 165 52139
590 242 467 54814
600 117 378 12103
610 49 402 92845
620 211 359 55980
630 239 503 67508
640 115 116 90739
650 247 513 20255
660 344 581 51018
670 57 550 75986
680 369 494 89156
690 331 451 89008
700 438 692 24097
710 1 110 47852
720 170 265 79103
730 567 728 34128
740 658 672 81857
750 244 670 4940
760 314 430 35293
770 140 665 2721
780 51 385 66539
790 40 575 84717
800 222 234 89772
810 51 119 14648
820 694 806 22136
830 99 349 11360
840 36 150 59789
850 1 810 55681
860 650 777 34036
870 422 579 16649
880 155 597 2357
890 259 784 3770
900 189 347 18941
910 282 534 54688
920 765 856 94125
930 20 387 47733
940 465 655 4327
950 97 541 34194
960 511 902 88468
970 32 642 27865
980 477 592 71001
990 153 316 34592
1000 583 768 66107
495643648 78631045 3769408 451698 91477 4703 112 26 5 -1 202697877 65279012 1848166 483501 30402 6808 467 71 6 -1 552631709 66420341 2651123 332426 87432 9072 579 76 3 -1 237828478 4138414 5153175 354027 5671 5196 895 85 1 -1 163593160 11347867 2957657 986244 14098 260 158 68 3 -1 398023815 79853451 4511239 350267 63938 7587 114 18 7 -1 672455099 10237328 8099042 394729 87771 5803 939 49 8 -1 788457057 89540272 4890474 482973 56685 1468 529 45 3 -1 693883821 25067254 7617635 540560 77720 101 10 59 1 -1 195543134 49204613 327189 927337 53765 6785 86 6 5 -1 776190813 55274269 8339160 322243 3497 9993 899 66 4 -1 813703690 98881966 3788384 516629 77968 7584 328 35 2 -1 180520916 1184236 9261549 688677 609 923 394 45 3 -1 676082713 22398474 7748937 958200 95486 3755 949 36 1 -1 709004389 87501565 9258557 359827 1863 6781 687 76 7 -1 801465474 37474554 5750492 298383 67886 1567 284 90 6 -1 837483255 19822857 7743835 360586 99548 4501 30 10 9 -1 917680106 25602533 2534609 893183 72020 4324 455 54 2 -1 453580165 72416645 4692368 348937 65629 9585 947 37 9 -1 35890245 83665146 6267638 715611 51257 4532 512 26 7 -1 530379492 91965835 7340133 801911 91850 2488 193 67 1 -1 432677050 40186422 7474510 551399 32226 2622 210 44 6 -1 855636678 829181 1263459 433287 99751 3954 356 93 1 -1 175314630 2775464 4411512 154973 9812 2540 578 48 6 -1 548568318 76981991 1166617 124250 89794 8954 348 22 3 -1 665014435 20748787 2352340 82608 29687 5731 615 59 3 -1 188876805 53491492 8181085 6949 92118 6497 236 46 7 -1 374210793 68463379 6320611 556558 65466 1194 263 4 2 -1 626549435 14687042 4575573 777875 46286 3174 331 28 8 -1 179380084 46661474 2115821 134506 86743 1869 994 93 4 -1 517885296 62843817 9495222 412909 23821 8804 41 32 3 -1 55531400 40039644 6469608 727098 39768 7491 396 85 8 -1 541879845 54027769 6366926 767289 49420 9099 365 89 6 -1 721980209 60925345 478231 549053 633 7806 382 17 5 -1 236063757 3440819 6912959 396319 38948 8066 894 43 1 -1 743780335 57338554 8471920 288448 79182 4418 550 44 5 -1 773848665 58225946 9696907 567507 40590 3917 464 4 4 -1 530581649 58998303 7561409 944610 80039 1385 184 83 10 -1 697299508 64722522 5922519 345071 31336 2267 577 100 9 -1 515866719 91511031 3632788 696661 40018 6581 451 93 5 -1 74705931 49520873 409578 139743 186 9794 331 93 8 -1 663792510 74672672 8166354 143015 66017 2087 231 8 6 -1 96118800 67400748 7918199 22786 92473 3182 571 12 8 -1 397422735 98142449 6289829 503105 2573 9198 495 8 3 -1 691912191 14146140 4999835 934926 234 9478 931 25 6 -1 726998936 90125373 6831138 646127 21242 3235 739 44 3 -1 367537186 52190122 8804775 675124 34538 7041 644 73 1 -1 155908646 94235034 8522790 9697 98076 9140 128 25 10 -1 839069073 79061151 7617952 934853 10093 3448 815 93 4 -1 101347506 85009633 9414014 412208 14393 3438 394 89 4 -1 262111165 7023560 9566086 370197 80261 6780 356 54 1 -1 670374210 27220216 6159181 522915 73712 8639 626 65 7 -1 186481455 21727889 2472275 873950 19844 9291 467 31 9 -1 380543827 46370766 2689321 710579 22425 9868 404 43 7 -1 366551947 65517680 9079750 348007 78724 6222 771 83 7 -1 66880245 20220837 8349701 645325 33902 8031 131 71 7 -1 116724441 15155013 9474016 785702 44358 9733 768 96 4 -1 425958710 33403029 5829078 727000 65514 5109 465 35 4 -1 742515719 40148479 1202861 160994 2201 2519 970 51 9 -1 282765250 14572624 3308527 747767 52944 5750 384 16 5 -1 893911208 96315009 2370630 24477 66685 3844 378 25 9 -1 145481162 29714721 7217071 25743 65870 436 229 35 5 -1 846558721 94160326 8481174 569329 9511 8188 967 52 9 -1 912994341 78562874 2295645 352012 19746 2201 559 64 3 -1 40088901 15791682 5579995 95801 72743 9524 186 46 9 -1 111904435 2917934 4111953 533088 59101 9836 43 33 6 -1 658793245 69410699 9670510 313906 35687 2870 917 54 8 -1 305615112 18428346 9128405 460748 46758 3411 259 34 8 -1 510204525 43186231 9443653 957922 33269 186 562 9 8 -1 241841224 51300554 5617997 635748 40257 7182 351 96 2 -1 871319124 69173766 9831991 131450 80292 9076 642 41 6 -1 44964430 7890106 3669140 904141 20369 1682 923 44 4 -1 747239283 64277826 7562369 619447 74799 2780 891 52 1 -1 756065811 84638171 3242664 415305 35130 8052 962 25 4 -1 63934065 22141540 9940617 491534 17599 2804 359 3 7 -1 536957261 46467895 6071304 757046 65995 7992 947 64 4 -1 977970622 7160314 6181088 44488 68526 7238 58 14 5 -1 53032788 33916568 8438108 251922 6363 9114 394 51 6 -1 161074326 13212615 1584012 793195 22892 3950 547 87 1 -1 23417163 26167749 8677973 903746 60243 1708 553 68 6 -1 52874055 50395691 4705925 99546 63617 7015 886 83 10 -1 232859518 32271373 5573589 120980 28268 7791 191 72 8 -1 244677813 78944708 6502143 127487 27987 6857 761 20 6 -1 172997640 36916233 2486225 800515 41784 6054 321 31 3 -1 567779612 48852564 3205224 996711 55817 9602 844 53 5 -1 944157368 35441308 1433077 763643 9478 3736 288 53 10 -1 837215767 32684772 5463732 565229 80432 4563 77 90 8 -1 69054517 1757245 2489224 291356 3393 6582 370 90 8 -1 193344480 10204968 2890455 266075 51453 2478 468 36 3 -1 881556062 2245751 1762321 365571 53242 4782 620 22 5 -1 835253720 18563620 7999249 584653 51731 1998 995 24 5 -1 626527221 24537264 3744185 719814 58919 1038 390 96 8 -1 991575112 10603790 4741103 544216 98311 983 346 67 4 -1 490847614 88776488 6726513 687487 43402 4507 817 44 5 -1 577316200 67651444 3397264 741226 32833 3614 800 17 4 -1 585935203 72058179 5256406 53389 24630 4115 38 34 5 -1 645001632 23393697 6843431 830450 87620 7850 397 4 4 -1 513696091 82122505 3155284 958166 21294 2288 288 13 2 -1 824633100 62683196 2328000 215170 93297 8604 15 55 3 -1 829567755 64308461 3199880 832144 38959 2800 228 8 3 -1 