268
34
53
526
731
890
1021
354
157
764
26
986
412
538
56
232
161
594
807
766
600
427
69
705
728
652
670
314
890
931
636
932
213
514
70
369
899
435
686
40
471
743
63
198
161
198
409
174
904
359
382
298
955
324
193
856
311
241
516
966
551
681
84
431
324
114
904
945
732
727
288
752
299
194
989
639
387
352
421
21
541
751
288
930
393
995
190
390
995
429
454
119
838
271
828
903
407
228
951
573
694
63
311
949
62
91
284
238
446
371
627
497
179
830
380
1010
185
996
648
147
814
629
150
995
283
270
426
748
468
304
928
322
861
907
335
212
451
870
805
440
971
731
828
771
29
128
906
722
809
303
612
689
976
945
126
984
79
724
692
679
802
113
659
438
500
40
646
566
536
682
544
177
523
853
326
957
794
843
16
130
672
644
231
8
143
243
824
594
646
695
233
784
319
788
228
434
325
619
528
819
257
52
885
168
149
883
193
431
641
187
194
764
811
908
156
660
257
349
221
404
375
728
1006
735
946
926
96
48
394
991
169
751
411
929
189
116
304
514
717
936
422
304
80
374
88
702
694
265
713
362
473
26
520
859
114
214
868
762
862
837
569
704
533
665
649
228
785
590
664
692
331
413
35
348
576
321
239
317
373
112
933
906
412
281
52
652
181
246
963
807
401
422
921
62
553
438
254
187
761
478
801
932
737
427
952
969
357
324
485
205
291
803
49
740
324
179
776
656
594
145
365
548
844
56
55
947
995
234
131
301
843
799
625
415
998
475
529
949
887
300
628
623
502
239
243
1018
9
408
14
379
160
478
628
887
333
127
641
756
560
111
556
198
511
991
518
704
437
10
971
734
970
466
427
606
214
914
877
335
666
876
487
611
922
363
371
662
196
553
412
664
807
699
180
911
469
28
547
8
583
328
65
744
329
369
81
12
989
416
170
723
951
585
182
1014
645
307
169
558
540
20
993
319
188
283
220
673
975
674
909
459
742
482
934
833
616
578
871
848
180
373
398
813
389
218
296
323
468
86
453
21
120
958
122
875
191
777
338
62
159
674
872
413
233
464
82
253
355
222
118
496
323
122
1002
14
600
469
5
925
227
59
1015
727
671
160
235
186
491
136
523
717
171
599
314
448
875
858
344
77
102
210
973
188
340
57
652
636
41
767
75
811
219
150
52
674
577
689
554
979
47
79
920
680
1019
374
111
455
314
544
786
582
42
788
477
148
1000
550
129
931
989
19
147
290
574
276
558
588
468
41
586
388
161
87
330
584
183
907
326
366
10
835
607
733
568
673
922
661
801
960
535
563
21
107
744
336
598
417
5
129
1009
369
599
717
354
762
365
749
943
600
475
590
897
522
310
167
697
452
199
730
759
645
997
735
658
438
153
681
456
434
669
312
649
369
403
163
605
702
135
311
523
868
373
872
93
982
116
64
676
244
261
21
318
237
763
530
910
789
606
241
591
125
998
213
27
851
815
306
714
401
752
682
382
47
187
44
872
660
13
495
241
344
199
167
479
741
297
424
934
875
18
486
59
631
471
315
244
730
488
655
732
868
382
1023
803
73
985
781
490
452
415
54
136
60
261
285
267
488
551
810
429
218
614
703
155
464
962
813
1019
702
995
723
342
199
695
1005
213
113
29
696
1004
747
509
627
554
769
211
267
301
966
301
964
610
912
689
55
607
839
537
492
1008
282
175
948
478
660
362
865
905
1022
534
264
438
319
794
883
772
583
467
650
451
738
93
172
330
700
709
750
375
554
298
287
478
617
256
822
153
487
96
187
131
377
617
777
410
423
46
531
241
831
50
643
247
904
710
1000
662
127
918
875
483
129
67
596
990
633
558
228
75
695
491
426
543
718
119
303
602
979
520
523
113
545
244
717
350
218
373
517
806
858
639
464
540
87
300
602
219
27
554
864
90
880
146
5
427
355
504
903
785
549
723
893
231
77
341
467
359
102
230
182
813
989
148
154
564
397
611
686
660
296
1009
659
532
840
497
257
89
999
307
550
450
807
846
927
1012
518
836
686
993
264
658
1018
415
830
752
856
498
55
924
860
58
314
271
255
520
867
1019
316
264
336
109
58
576
597
867
181
118
494
714
455
326
26
1
313
826
81
60
888
939
594
149
87
371
1018
947
743
1020
1010
778
997
78
832
388
938
162
901
387
1005
741
15
187
9
0
93
985
71
555
618
46
339
632
610
36
759
843
165
408
262
388
437
831
508
204
919
823
477
80
485
573
825
532
161
407
302
420
558
298
523
751
78
315
351
931
491
746
24
351
503
718
39
408
317
660
48
556
747
25
179
837
236
372
57
17
9
676
309
582
468
40
835
897
200
663
763
549
453
745
142
570
780
349
144
778
585
548
72
132
498
934
5
866
255
600
806
298
370
515
413
113
866
539
260
963
889
680
544
561
357
395
656
965
230
90
784
336
713
764
150
792
305
925
633
288
593
297
649
143
633
971
786
826
329
324
833
223
410
554
45
224
642
137
428
983
471
966
0
564
485
847
219
512
699
238
854
795
606
176
432
50
610
374
991
430
443
426
628
825
441
328
627
836
85
400
520
1015
831
610
878
692
577
902
992
1018
966
777
638
745
360
556
212
496
642
570
446
62
50
348
641
379
192
944
277
794
102
249
773
710
166
986
108
730
459
707
400
348
365
857
801
504
489
833
775
554
804
928
100
853
814
757
47
333
153
194
429
447
760
814
793
578
816
901
830
561
986
399
868
507
363
314
962
702
913
364
918
345
753
625
695
634
41
10
634
190
976
17
788
44
656
922
299
6
742
683
628
44
779
631
341
342
923
714
1013
907
706
997
380
673
477
244
285
205
517
593
968
308
757
722
26
603
13
487
212
471
166
625
633
586
834
828
417
772
214
27
533
851
370
449
407
141
104
16
548
453
174
576
283
778
947
406
669
918
75
846
269
511
723
932
356
249
684
337
861
585
334
282
852
1003
958
290
573
403
726
604
271
188
281
537
190
577
41
701
512
805
680
513
254
769
174
158
1011
149
910
249
592
741
525
368
635
69
75
933
89
555
667
679
347
948
320
634
234
541
631
430
448
777
544
937
596
57
910
862
47
858
999
298
473
486
58
725
60
183
667
214
129
330
374
657
238
319
532
125
743
347
356
898
149
216
318
525
457
718
468
412
810
147
422
725
756
271
686
794
937
945
890
456
889
694
780
545
735
694
1010
700
822
102
777
519
666
500
702
332
901
783
442
232
953
619
612
547
293
994
282
267
977
297
992
844
998
71
462
998
430
106
661
384
984
332
621
514
117
949
68
384
590
798
928
519
610
27
831
744
687
403
2
619
697
551
681
671
439
686
135
626
614
602
305
216
1018
425
193
697
882
961
89
979
802
584
722
180
463
741
268
295
328
525
188
683
703
470
987
3
88
124
79
651
1021
1007
248
649
882
547
176
371
46
909
739
729
386
62
173
326
408
771
427
79
1004
942
937
358
137
83
889
937
913
962
564
821
385
448
99
535
248
389
526
620
188
802
463
607
710
809
384
67
794
977
429
102
139
330
264
763
558
606
990
204
310
336
802
286
799
888
712
323
574
603
867
661
484
914
384
168
764
638
489
423
325
586
71
38
589
671
718
234
99
837
568
939
205
782
252
221
452
1019
683
145
549
238
854
971
284
973
159
169
788
983
651
870
695
190
387
512
906
138
404
476
293
740
673
742
580
246
733
284
967
589
454
607
715
814
233
476
735
307
653
605
488
388
557
367
644
914
240
1016
735
884
943
836
293
38
538
213
684
356
881
471
165
626
278
909
99
613
911
162
71
313
86
880
368
111
617
558
526
374
403
403
693
703
823
441
511
589
887
117
651
479
99
481
383
857
740
940
725
687
444
1013
485
117
434
95
197
754
85
38
715
202
971
144
772
284
655
778
534
171
904
452
512
448
556
137
279
994
500
294
364
749
820
862
361
73
926
28
154
304
519
59
270
717
928
743
99
749
517
637
290
666
67
265
1
386
380
711
208
595
670
7
615
71
968
492
32
957
315
81
149
940
734
1009
325
298
967
273
870
41
1013
700
43
95
773
917
946
848
515
927
787
475
312
970
94
365
300
636
507
105
16
560
725
715
568
359
33
188
919
988
945
531
620
440
714
800
328
52
949
531
53
455
940
484
471
985
843
442
476
18
605
609
658
463
504
363
979
229
976
451
950
574
619
24
565
547
44
780
503
263
208
481
548
789
239
955
863
854
464
98
486
462
686
10
622
1014
417
737
990
235
159
693
876
749
26
955
82
451
790
152
881
438
687
692
840
599
109
72
895
764
714
871
74
742
632
28
64
903
403
571
17
799
343
1006
0
429
498
432
686
851
104
602
239
696
3
142
627
954
813
546
418
496
148
160
375
5
236
1022
473
475
1019
338
883
1002
570
433
528
129
98
71
411
877
531
642
559
305
221
908
541
941
289
307
1003
585
577
1019
439
424
40
589
13
301
17
333
160
743
654
1009
308
935
423
884
584
309
311
453
238
994
13
685
194
130
237
905
755
458
202
940
586
435
861
912
619
969
749
497
588
844
217
935
77
403
729
125
20
1019
145
398
223
212
715
687
830
256
490
1011
98
645
979
701
495
825
241
39
172
897
409
471
801
47
64
74
788
807
907
991
46
327
526
229
178
410
349
490
265
704
291
986
987
734
441
987
389
949
639
737
796
952
787
954
76
497
338
8
586
491
960
857
180
250
271
566
208
659
568
364
746
1013
724
464
363
544
606
695
697
999
93
808
504
705
301
626
751
880
23
958
711
559
536
971
534
793
376
560
29
80
19
638
538
693
578
851
670
483
89
679
113
1023
64
679
862
230
886
262
329
547
808
308
631
705
131
109
311
9
60
173
479
229
26
66
588
196
882
810
936
882
198
986
931
890
918
868
308
429
311
558
50
56
360
471
665
894
225
689
823
931
179
987
1001
1000
966
401
687
429
202
778
832
302
434
926
462
944
222
533
527
286
1010
564
110
863
101
1014
465
612
202
950
364
559
454
795
389
488
83
331
1021
57
360
768
121
1009
1010
878
310
164
57
830
857
397
595
185
133
994
592
1002
286
560
594
415
721
984
664
160
449
792
459
593
344
545
926
242
66
991
167
344
572
395
35
394
293
0
109
419
749
318
271
28
547
755
846
150
288
768
439
247
405
846
671
986
977
488
5
560
847
897
934
620
961
42
524
408
718
810
48
64
289
22
233
102
830
917
292
571
121
637
529
244
83
247
947
260
803
911
214
538
798
816
722
1023
252
300
464
652
289
3
508
961
411
587
873
190
980
585
96
547
858
482
275
329
825
283
867
372
82
231
492
615
303
505
538
627
995
371
588
537
75
227
649
639
423
208
223
619
1014
876
151
908
554
813
382
679
916
308
133
754
111
966
300
91
345
869
49
328
877
387
472
574
988
1005
220
855
334
62
516
985
541
531
978
887
938
450
843
592
731
220
38
287
666
593
339
675
854
833
379
788
166
724
279
449
753
997
351
535
669
295
877
469
609
692
175
507
655
79
530
359
189
72
535
706
482
478
735
258
173
923
32
363
947
814
511
7
698
697
266
350
961
5
320
186
146
142
877
720
838
923
893
631
294
1000
909
254
342
511
380
614
891
306
795
68
674
943
885
848
446
817
903
67
848
309
708
978
263
410
674
797
569
375
273
107
197
526
967
172
172
878
411
833
737
696
993
228
128
404
792
889
634
126
955
825
197
172
50
727
788
120
547
376
527
739
573
920
974
861
165
663
650
327
335
1017
175
778
923
40
552
425
482
18
538
43
933
75
367
779
70
293
323
40
318
219
331
13
141
60
571
646
492
619
897
33
535
72
361
987
379
419
584
894
598
575
830
33
655
529
209
865
185
110
491
141
472
323
873
144
439
566
538
141
910
811
483
668
339
32
219
165
465
979
165
857
271
249
665
927
486
197
1002
765
996
59
635
847
71
970
216
848
1007
368
789
438
686
864
714
119
481
560
852
178
764
512
150
639
721
31
946
42
622
664
193
217
538
401
605
494
415
876
676
77
785
772
979
818
213
1009
483
797
691
168
353
465
569
229
366
247
982
48
930
848
924
337
108
596
360
451
378
767
349
467
885
392
533
645
553
437
180
375
310
925
759
350
733
204
170
7
691
708
182
841
862
672
766
122
195
11
461
369
680
379
573
614
19
953
606
870
667
999
633
71
809
442
7
350
552
614
283
698
959
174
766
416
554
270
303
410
585
633
936
274
644
643
868
96
373
385
549
1000
764
318
106
559
732
895
293
44
400
87
589
333
357
129
170
992
278
133
681
342
86
746
789
163
422
11
322
544
412
726
441
3
477
131
201
945
969
726
897
300
510
808
368
290
246
339
313
150
233
247
806
332
245
627
470
490
518
25
901
363
249
322
392
780
682
799
668
39
727
227
90
358
224
860
941
985
526
107
127
312
894
787
781
174
824
70
817
683
226
252
875
658
883
602
22
87
346
491
82
823
917
159
626
95
415
946
533
759
406
245
587
554
693
275
419
683
603
955
764
859
732
611
237
626
902
819
386
821
125
432
833
241
331
155
767
593
494
213
895
400
109
343
678
122
190
468
143
40
333
819
798
379
73
22
602
611
143
1009
780
781
376
625
515
619
480
266
565
156
766
623
654
770
537
835
921
19
250
691
410
628
485
297
82
926
784
268
249
54
460
932
692
298
491
64
537
586
994
219
106
36
619
5
468
176
693
631
504
124
969
286
276
112
273
620
28
511
997
705
187
981
787
695
58
503
87
898
749
353
806
516
391
616
634
863
769
864
920
567
765
848
717
522
196
685
906
948
421
603
661
874
765
262
701
1004
938
275
476
789
254
496
375
806
547
118
213
482
625
742
671
224
22
194
676
593
344
307
550
700
170
837
563
826
426
267
3
765
310
633
824
970
923
32
406
378
497
462
734
967
185
161
789
488
20
122
601
336
698
318
10
198
928
270
313
840
414
614
125
439
382
598
298
798
826
557
960
341
765
247
493
708
693
428
392
980
478
821
189
864
326
934
134
36
35
731
838
756
736
608
873
188
494
385
334
475
846
379
526
460
532
700
136
929
751
1013
770
38
756
334
330
94
273
721
577
769
26
671
71
797
438
728
749
163
593
1
817
716
30
798
429
429
144
496
147
419
629
539
457
651
717
798
697
434
192
684
68
162
599
30
739
540
620
965
269
474
324
105
158
483
918
424
833
101
1020
901
616
49
753
371
199
684
129
317
944
39
84
243
243
143
575
236
741
399
328
1020
795
73
209
509
503
237
453
677
835
237
388
619
876
532
451
125
12
995
960
252
526
905
810
205
34
919
973
267
664
902
467
184
237
342
781
569
29
591
926
366
524
262
243
390
373
126
837
322
57
728
86
928
411
360
397
957
708
364
213
130
51
71
71
89
516
172
812
691
896
546
774
778
779
388
497
202
726
782
260
19
815
901
1012
828
381
386
678
527
585
934
258
68
235
101
665
40
362
26
552
638
755
295
868
805
36
656
775
138
170
888
541
573
575
625
31
619
203
867
376
1000
911
457
883
1015
907
268
733
665
708
283
958
498
1002
957
10
259
803
564
101
1017
714
91
514
73
657
914
974
351
614
432
640
391
954
813
388
70
552
197
803
743
829
218
516
866
408
437
1018
335
250
932
594
500
662
356
334
349
681
208
688
14
24
282
772
411
970
155
663
184
309
678
12
62
13
92
403
679
745
880
899
765
708
878
974
776
157
487
310
800
426
572
130
704
22
314
912
944
164
373
439
804
137
894
593
809
478
742
1007
938
6
706
383
852
567
449
964
20
868
617
105
667
86
622
25
651
945
640
974
473
596
1006
670
368
347
997
401
105
256
944
783
985
67
913
861
466
652
86
254
919
105
1014
438
182
809
156
13
606
823
73
271
101
798
66
988
211
646
940
161
969
41
144
330
488
68
592
278
986
279
41
723
1004
162
620
983
308
752
824
219
331
359
585
107
782
463
236
578
466
855
737
674
1000
838
217
473
989
96
862
325
804
326
364
759
560
611
89
118
838
278
868
469
29
617
686
127
1009
419
943
779
1016
730
502
29
647
191
602
763
868
724
567
150
64
501
779
354
542
759
495
842
833
984
915
31
124
643
35
206
731
894
468
352
345
1015
224
79
145
335
750
185
824
398
250
633
892
399
500
628
653
957
144
15
598
429
573
843
289
950
383
899
784
404
1012
463
490
643
865
411
581
969
742
835
275
600
387
754
908
429
1005
127
79
276
870
927
819
653
155
489
81
171
52
309
1007
801
222
169
372
158
219
480
646
882
256
855
719
190
668
475
447
238
282
295
122
425
344
725
565
709
188
799
335
304
817
164
85
982
178
708
852
805
134
710
464
822
1020
412
882
403
915
420
512
480
689
791
985
196
55
391
270
952
851
413
443
355
240
314
958
878
332
866
603
860
526
156
255
792
336
860
170
818
451
955
292
75
452
272
287
356
435
523
63
348
746
37
164
544
421
842
550
974
519
356
230
2
348
229
38
5
87
305
348
634
353
638
311
394
101
885
443
901
972
136
912
142
865
540
740
718
921
861
613
298
642
206
17
378
589
533
575
223
961
142
981
683
607
580
169
655
826
352
140
656
249
763
816
127
694
47
75
564
746
269
614
75
911
130
386
1005
648
387
757
646
886
752
738
669
833
105
917
873
888
422
475
38
999
11
401
721
274
162
511
457
198
427
114
933
114
730
75
533
414
882
913
178
233
34
378
510
872
246
84
827
956
558
889
980
510
605
979
599
666
383
455
267
221
939
20
985
690
372
772
275
855
81
518
468
594
672
395
490
1022
320
950
663
802
445
285
318
7
936
219
14
217
352
514
461
474
538
181
168
865
518
633
773
472
165
150
940
354
766
751
1
458
399
848
564
1
750
158
503
179
425
349
154
541
944
344
950
320
850
874
218
625
224
191
739
396
368
1009
471
56
487
718
698
841
969
410
236
322
499
639
272
362
398
579
943
256
662
794
377
716
368
731
765
814
588
157
358
749
383
420
478
705
1012
110
14
647
973
803
265
278
443
143
35
670
75
778
515
421
503
545
160
632
304
479
130
597
172
419
303
728
823
811
303
972
317
771
443
898
86
470
192
1011
879
556
7
363
416
976
591
963
718
437
225
440
277
225
114
936
147
992
1021
869
965
282
666
698
651
957
746
800
787
900
535
708
282
603
528
430
409
573
763
729
761
245
167
118
407
131
234
724
737
701
21
658
701
410
939
946
540
95
9
561
610
224
326
954
146
294
123
249
429
116
490
176
260
67
338
477
1008
47
339
426
124
842
959
347
721
733
629
5
312
48
811
1019
116
880
496
197
869
629
776
144
379
720
106
234
847
948
680
674
858
335
953
177
364
368
905
484
932
755
182
334
998
607
882
820
124
96
193
400
701
559
1020
405
624
665
264
894
591
154
786
57
306
1023
535
46
198
107
871
107
110
237
528
576
813
802
878
366
133
617
770
343
886
283
524
63
27
567
52
329
695
760
595
965
400
650
543
941
385
447
787
680
442
52
968
841
1007
653
1000
64
145
804
532
406
24
407
42
474
125
334
870
185
35
153
894
533
958
980
625
794
141
333
112
97
97
469
586
276
486
486
1018
831
839
41
452
569
1007
635
722
605
45
836
249
5
130
322
427
183
418
307
539
993
819
430
888
342
648
604
115
894
231
156
233
260
339
803
327
1013
281
723
841
404
949
705
616
751
1022
565
574
451
940
198
854
525
560
757
507
730
558
230
765
150
660
38
449
121
246
622
988
364
471
419
404
609
931
591
362
790
174
547
899
692
1013
64
711
472
751
166
257
999
698
261
559
998
224
331
997
825
980
101
680
860
876
807
924
166
90
773
88
813
451
344
633
559
551
326
956
439
677
818
368
401
701
791
817
136
344
83
221
173
765
1016
65
78
602
642
760
347
49
388
719
506
734
364
704
596
448
149
909
244
633
319
431
1010
795
645
1012
709
503
458
538
931
174
729
274
596
354
155
7
24
304
635
873
528
383
319
853
633
177
872
578
882
1
558
217
192
781
341
485
571
786
451
444
1023
650
852
69
692
652
849
457
493
1022
86
575
445
465
346
194
991
931
936
120
57
132
2
578
214
339
368
897
931
290
353
767
789
499
430
87
44
968
524
26
926
1014
721
1002
145
116
904
331
638
75
466
173
360
885
1020
0
757
984
539
527
946
46
97
844
224
833
349
41
811
477
156
47
607
450
599
299
693
52
80
900
324
367
516
617
16
267
489
247
157
161
197
692
953
270
594
137
774
779
122
831
71
830
541
539
368
100
93
553
286
906
367
498
404
550
145
970
837
1017
623
616
388
375
789
94
562
133
779
738
685
932
266
703
916
950
468
940
830
497
890
922
693
886
582
633
1020
469
262
98
685
107
284
290
121
844
202
876
174
764
886
558
238
427
839
154
54
906
942
465
49
443
892
977
535
784
194
200
100
856
973
153
904
68
468
951
130
1018
810
583
685
17
146
907
716
254
323
665
904
874
620
412
169
905
168
107
608
568
418
85
715
42
89
100
491
805
320
624
956
491
566
829
361
782
136
774
508
1
109
527
905
662
868
503
359
673
738
512
885
782
983
477
30
780
677
96
427
742
313
892
744
220
516
508
757
358
484
414
685
529
860
152
439
982
133
392
901
590
897
169
78
286
957
217
443
104
898
467
940
392
152
893
249
283
838
388
317
349
462
632
320
22
41
350
1014
889
751
900
3
376
449
385
134
176
624
125
915
594
513
865
401
645
479
309
816
162
114
140
248
113
327
209
16
881
233
587
245
578
315
36
419
951
737
671
139
594
555
808
727
965
697
594
563
425
381
368
297
989
180
631
555
41
679
943
1002
519
390
184
551
705
710
638
175
460
107
236
790
10
246
620
49
830
608
170
913
404
85
939
652
518
576
401
820
379
482
590
422
15
950
282
355
820
835
920
994
155
92
125
50
903
674
198
754
378
802
272
599
876
588
14
504
358
559
194
421
372
795
100
591
690
25
563
363
112
354
810
662
945
611
245
462
676
533
989
987
426
655
509
546
387
550
49
140
819
490
513
583
942
856
48
889
44
467
416
744
735
162
872
219
490
512
442
911
755
370
730
486
199
388
104
860
383
820
59
652
224
670
904
555
321
848
934
601
68
864
890
967
607
879
792
917
252
631
690
605
804
377
42
864
136
815
214
437
954
740
396
83
748
29
831
894
217
1012
974
535
412
427
473
718
366
543
532
239
577
473
760
938
994
618
514
306
702
494
1017
920
239
40
461
346
636
714
612
982
158
926
101
221
283
59
172
457
185
794
363
996
510
977
76
253
614
278
933
726
564
961
977
663
574
548
495
506
866
403
193
743
287
982
927
938
12
34
816
394
993
705
250
362
26
746
274
655
56
879
696
630
1021
54
171
860
390
583
563
541
1002
26
523
23
392
568
463
994
246
221
212
377
571
7
815
692
475
949
193
646
170
109
595
480
601
108
409
1021
68
209
10
141
647
628
311
19
984
30
241
683
740
713
995
106
159
151
203
726
735
656
316
587
644
825
368
943
907
216
53
202
561
948
364
670
721
84
252
823
739
471
877
134
273
202
363
138
470
451
189
409
554
643
745
586
628
972
831
473
980
349
794
31
89
46
749
597
889
262
272
831
28
671
704
1006
634
750
849
285
613
274
877
66
406
811
598
386
811
962
180
377
982
1000
157
973
242
639
920
930
683
848
491
485
244
106
563
481
80
435
316
233
159
111
364
64
361
971
1023
125
116
686
629
846
173
95
855
179
459
673
68
704
19
197
504
253
691
510
29
456
895
991
882
768
173
547
408
938
41
344
217
525
757
678
234
348
815
430
162
597
540
385
568
851
103
78
916
80
198
695
660
619
548
330
144
762
660
422
8
826
824
811
211
896
999
375
820
920
791
940
841
276
60
657
251
254
217
326
599
151
752
942
328
639
787
955
1011
985
889
602
526
509
251
376
229
562
783
171
393
501
396
663
36
616
831
546
984
955
798
70
318
193
552
897
897
347
270
746
807
683
507
53
222
104
590
770
88
341
43
92
690
736
750
606
363
439
852
846
317
1006
776
895
659
682
846
440
92
227
418
209
536
200
107
530
440
924
139
671
318
24
102
934
270
805
917
241
206
337
194
353
253
208
961
886
416
325
355
497
565
790
960
687
155
494
0
576
823
214
586
197
135
473
88
545
831
964
908
555
144
974
92
906
798
518
348
694
747
39
55
751
769
966
468
98
962
10
149
53
116
450
945
575
500
803
639
747
424
390
442
766
288
850
151
336
852
108
891
366
85
925
535
859
544
589
647
43
713
264
231
523
674
569
903
535
728
195
555
327
39
53
15
738
924
39
512
334
668
155
904
377
949
820
559
190
932
213
592
90
694
189
783
25
918
906
709
627
846
343
152
420
150
972
910
886
641
667
911
931
498
22
397
954
75
934
343
628
975
661
1014
502
517
757
220
859
924
130
26
335
553
237
326
630
485
158
908
956
1003
674
117
33
165
896
741
808
852
396
73
485
569
150
511
803
291
937
897
291
903
839
179
59
465
300
534
1001
729
555
783
506
994
334
917
885
557
629
649
19
906
42
318
939
629
591
482
262
284
887
564
364
466
106
941
876
542
315
235
341
184
989
762
264
16
514
715
671
885
456
775
85
869
160
148
531
722
780
15
91
75
529
720
172
991
185
717
947
886
651
892
332
371
381
994
518
50
149
581
450
633
853
828
639
300
662
669
487
882
152
671
400
698
767
1016
242
826
101
259
468
895
722
165
264
886
400
301
615
573
970
179
260
797
640
687
813
936
931
52
316
298
292
628
26
953
621
135
473
637
665
867
175
482
258
265
699
809
600
209
451
706
990
634
875
260
312
193
609
913
69
409
136
216
539
769
996
241
600
598
206
178
293
568
323
217
604
595
255
843
315
934
200
998
288
524
238
317
264
521
167
143
626
856
51
88
278
840
415
487
785
755
609
400
105
844
359
335
103
937
627
611
716
708
583
388
686
683
263
431
48
638
51
767
322
925
253
820
756
353
774
615
993
218
797
122
390
640
530
312
145
946
314
855
20
885
870
334
65
925
162
773
190
571
871
119
363
398
772
757
547
165
915
360
630
665
338
244
459
167
251
680
996
423
130
987
344
681
121
975
145
457
40
461
175
980
918
156
78
50
535
622
556
108
830
1021
474
598
309
281
448
433
115
988
1002
126
243
755
1014
23
592
401
544
456
892
187
439
342
463
938
776
618
624
168
1007
348
647
562
655
621
410
371
788
751
803
410
525
26
796
42
378
611
401
264
558
67
531
364
460
449
808
162
639
231
85
198
366
966
862
104
518
534
213
347
220
845
479
144
880
387
150
372
943
883
817
457
547
143
696
748
362
110
90
11
52
52
101
325
525
153
532
549
997
957
173
249
975
500
559
75
819
435
104
1023
613
535
352
181
502
254
999
804
896
811
417
555
372
142
18
492
970
257
374
543
985
748
723
889
592
226
293
496
557
36
687
285
24
243
726
393
613
88
382
372
469
377
678
545
498
80
614
382
756
620
612
913
761
351
917
295
409
50
294
925
513
508
505
410
51
314
28
233
454
433
605
453
900
70
254
886
739
800
820
162
575
377
253
879
792
387
591
209
197
666
163
902
411
135
705
306
160
7
942
43
506
891
981
871
865
662
564
515
843
1018
518
445
551
652
957
94
365
473
707
316
822
995
141
288
706
304
4
662
306
956
686
570
847
227
194
636
583
74
390
572
634
327
420
628
184
268
600
71
936
52
712
705
395
106
725
125
387
385
863
433
24
1017
497
18
84
282
210
686
410
311
242
911
741
620
425
545
236
998
107
194
68
280
451
391
455
954
347
416
951
458
442
697
957
51
515
403
449
620
206
918
196
357
141
1005
930
415
785
758
369
149
497
178
757
848
985
1010
55
692
876
574
380
562
446
634
139
427
256
920
885
545
452
424
83
189
296
1009
392
746
844
1001
135
929
366
466
137
99
901
637
145
873
899
611
294
384
321
548
824
596
130
398
983
389
100
587
20
42
832
615
505
545
332
546
368
263
824
61
261
978
630
49
107
321
337
559
44
376
857
777
660
325
118
502
477
261
268
727
83
565
368
651
917
873
476
872
439
19
752
764
973
18
550
229
692
457
217
539
215
873
20
793
537
770
483
246
486
234
545
537
696
947
445
841
68
977
973
615
799
134
1021
6
322
351
802
905
251
993
406
404
269
235
494
863
871
172
476
482
99
122
702
187
978
904
765
620
662
63
889
575
712
326
640
468
556
280
407
355
449
678
629
885
974
278
416
693
788
916
843
454
798
989
442
665
126
468
108
134
261
349
388
273
68
188
716
481
43
918
612
487
744
335
128
15
584
575
274
974
884
673
345
115
225
844
829
494
998
650
985
180
94
25
92
529
1011
295
77
167
883
235
530
544
762
355
848
249
884
552
690
253
793
908
569
432
247
755
205
541
317
608
250
565
1009
624
861
895
902
125
149
264
519
989
967
353
426
363
657
19
202
849
422
979
627
107
864
702
163
605
79
638
775
855
476
612
40
11
1012
634
454
913
903
487
749
177
198
311
780
811
458
870
664
16
897
226
723
792
253
201
646
274
111
817
860
125
643
208
198
904
323
853
109
50
568
368
594
838
563
609
615
522
337
728
277
982
83
31
510
987
35
621
564
993
668
678
907
599
653
376
540
872
392
375
748
581
88
914
626
26
242
971
702
726
786
516
646
829
678
870
425
495
130
556
558
141
5
940
695
571
339
84
229
963
338
483
149
711
52
551
996
133
53
956
977
825
648
295
453
293
72
917
30
356
644
78
132
82
803
781
954
972
370
306
954
318
310
68
524
827
982
181
472
999
708
759
173
260
775
179
587
157
518
706
786
654
969
676
624
330
762
283
1001
906
195
4
375
665
810
480
923
875
330
459
773
422
409
319
692
983
778
992
60
10
347
745
934
832
165
289
395
301
457
106
53
516
215
210
988
542
698
870
596
856
485
997
343
109
692
76
829
683
887
917
419
1000
506
339
292
491
546
344
1016
625
76
247
490
523
796
428
762
295
397
543
643
815
885
769
431
534
513
39
798
434
72
893
918
494
966
965
90
697
709
50
304
630
748
811
813
16
266
181
184
611
374
166
143
446
493
897
113
316
607
899
515
786
192
725
951
772
742
238
517
171
372
964
274
592
524
409
33
681
769
129
206
1021
375
366
655
443
386
368
490
382
700
215
63
111
1010
997
975
119
303
483
195
160
948
982
413
466
430
100
519
2
260
39
478
835
908
37
117
785
33
627
490
191
661
681
136
478
515
849
45
755
602
128
848
1008
327
591
789
129
962
233
977
955
1021
68
648
507
477
912
802
662
561
673
507
516
596
624
575
747
682
360
794
564
551
1017
566
653
657
548
158
941
98
1014
255
799
571
240
509
729
386
865
184
77
862
299
136
527
869
361
929
499
1012
755
874
954
328
629
870
79
606
812
137
623
658
63
355
784
334
558
814
404
33
753
167
524
173
236
953
721
503
217
783
170
465
220
548
852
437
803
646
566
925
186
1018
776
398
58
593
5
115
922
0
439
260
706
516
895
793
454
1008
638
311
639
182
52
539
1020
962
428
371
14
511
711
824
243
978
349
662
507
365
345
121
78
451
757
671
567
553
146
329
372
637
367
117
1
447
54
945
446
774
754
156
226
625
991
766
983
286
817
775
532
275
847
536
278
1012
680
0
354
959
164
194
217
641
514
230
405
818
285
612
589
884
50
439
378
737
544
65
202
339
990
892
129
521
88
205
1003
195
919
351
347
525
434
327
704
316
134
710
94
39
873
356
275
316
16
483
168
847
941
499
994
863
19
589
736
402
243
197
175
739
753
433
732
852
19
885
547
986
797
128
383
240
932
929
867
1009
293
718
500
551
1011
781
140
369
542
230
493
489
746
762
742
456
102
332
209
155
898
657
595
917
959
283
956
887
636
764
569
222
280
221
969
665
52
442
407
856
470
1021
560
68
476
747
787
138
463
789
644
713
631
65
269
288
196
861
97
856
890
743
884
860
777
134
248
164
417
534
410
729
857
921
257
397
169
366
646
765
827
149
26
642
545
50
170
792
320
345
981
242
966
967
106
438
681
364
431
773
911
886
609
855
416
40
11
892
850
32
303
929
873
155
522
719
932
457
746
462
542
868
185
874
489
679
615
106
351
622
717
860
550
727
75
128
48
836
794
618
723
471
832
202
465
506
621
614
389
872
213
1005
833
801
109
764
721
658
63
795
966
234
380
515
1011
368
744
139
810
451
204
309
907
110
919
1017
58
91
404
724
959
686
98
573
108
895
647
378
500
511
523
278
794
41
66
502
85
11
778
562
682
815
178
30
561
265
867
55
452
907
160
798
906
57
424
744
823
885
733
759
54
623
244
253
974
312
464
870
709
129
841
150
78
372
716
507
552
128
993
743
353
179
507
937
746
386
134
799
596
387
30
980
743
799
126
778
269
417
134
451
303
309
654
848
774
80
146
860
995
92
847
574
265
562
420
91
586
845
116
714
337
706
590
159
1001
467
28
862
473
747
431
366
838
777
774
693
296
0
127
751
101
834
210
858
285
131
32
631
466
436
192
526
94
583
771
232
976
155
163
696
549
858
463
501
826
987
440
490
102
928
565
90
511
171
301
250
805
350
858
116
238
439
473
43
584
903
248
805
948
553
99
137
641
197
459
314
964
4
283
901
11
411
733
785
234
267
784
47
200
872
602
714
99
20
342
415
275
894
784
172
521
393
920
563
18
351
736
352
622
498
708
610
226
871
216
131
541
40
923
77
264
377
115
266
45
174
58
726
582
673
690
366
901
525
42
210
570
380
477
512
122
833
704
50
690
135
94
1001
102
564
826
524
447
532
662
194
131
329
413
306
30
400
308
42
41
561
307
13
561
101
155
392
267
441
661
768
1016
801
272
667
395
827
766
827
924
536
279
805
744
873
813
312
170
605
422
948
335
914
172
889
2
979
100
6
169
773
74
247
658
149
360
505
792
181
307
278
282
253
459
140
19
125
454
853
730
674
376
178
386
542
681
869
61
527
426
367
326
711
358
862
558
466
379
942
932
817
1015
294
238
776
212
515
157
932
894
156
718
712
709
833
446
164
24
125
536
651
992
491
788
818
238
411
308
95
470
222
81
606
316
72
406
684
184
16
703
599
475
479
23
98
819
664
778
11
314
324
1013
798
12
436
549
43
18
554
174
334
965
31
597
513
12
848
445
532
283
505
298
970
698
717
724
649
437
937
790
291
955
200
906
755
905
90
452
96
433
377
558
310
289
271
172
720
608
892
735
410
982
64
886
155
814
924
383
345
621
733
68
431
185
242
98
574
955
811
268
687
806
505
481
912
8
298
460
916
929
933
990
323
692
384
295
369
435
303
229
801
617
839
300
478
249
322
449
797
506
860
750
1016
112
179
609
898
377
870
977
160
228
866
279
416
197
652
616
274
780
115
449
287
129
314
433
704
105
862
55
574
150
6
561
900
166
412
660
438
129
227
583
580
649
852
91
644
945
266
333
316
919
234
223
674
1012
663
69
30
824
573
960
890
266
423
849
529
301
78
206
820
923
939
654
30
223
303
183
130
575
435
32
701
108
628
962
689
299
99
897
731
872
67
523
642
553
709
795
677
406
903
282
570
576
608
214
186
852
102
699
277
29
218
384
420
778
938
48
957
979
166
52
951
366
544
921
200
571
593
263
187
628
861
1017
718
409
640
235
53
984
355
686
146
184
885
971
84
929
811
390
989
821
950
859
872
41
987
288
616
597
614
45
848
857
702
700
753
715
775
550
84
885
173
965
513
1001
1022
105
808
432
822
372
377
526
717
400
704
446
934
330
386
1009
693
430
391
717
124
149
629
841
770
296
368
677
398
312
461
382
998
238
228
578
665
735
510
955
328
870
411
401
248
353
952
16
901
282
683
207
935
765
407
537
335
625
797
451
369
252
278
809
970
81
256
501
580
535
939
933
915
860
26
1002
646
866
434
1008
861
883
708
1001
130
173
85
962
245
351
921
497
1004
553
47
616
731
328
316
565
0
281
777
399
350
301
1007
743
766
971
271
335
495
729
5
803
68
854
526
649
908
261
34
867
881
148
768
379
881
987
648
921
19
61
214
41
141
563
378
664
16
1018
841
84
330
963
741
982
965
774
319
744
590
631
564
923
303
687
280
238
604
769
145
686
990
951
551
888
880
282
792
419
947
863
507
516
591
876
965
782
83
609
310
908
91
758
94
648
868
408
911
936
252
348
760
15
634
696
718
917
282
206
71
175
749
262
251
693
216
491
696
523
799
913
948
427
346
567
326
99
321
448
131
768
22
498
993
519
421
655
313
279
803
439
746
918
516
778
498
434
127
195
276
683
63
292
32
426
845
642
695
358
822
109
979
291
241
473
374
541
875
932
101
153
152
884
572
494
560
570
647
53
441
561
118
568
261
824
677
762
8
559
351
271
795
722
981
129
169
984
237
367
839
691
822
794
929
526
842
739
44
240
219
785
970
575
338
709
590
122
660
52
728
378
172
93
281
550
142
314
644
119
875
34
1007
979
360
303
874
469
127
621
260
695
940
175
336
870
400
412
244
440
184
640
97
888
198
353
820
673
400
470
61
447
559
810
52
542
25
91
435
228
881
806
631
126
135
563
572
722
464
362
185
43
145
466
896
263
505
472
704
691
570
129
406
469
429
153
532
238
550
165
264
701
687
740
852
396
706
851
577
65
892
97
321
813
479
346
759
469
535
573
3
650
933
145
526
416
859
239
910
479
425
190
784
988
39
722
500
120
866
182
618
825
169
899
357
662
121
753
1023
902
573
829
236
288
788
270
31
132
298
679
64
872
785
720
268
232
696
309
365
1011
470
971
585
492
675
431
255
870
912
666
761
253
421
433
776
450
88
865
812
9
167
252
353
1010
310
566
991
479
166
263
522
368
502
638
481
984
371
256
298
617
44
934
325
833
303
683
772
718
202
216
126
604
17
141
398
285
616
659
320
536
429
456
557
260
696
659
277
7
662
56
918
884
963
28
10
181
174
954
360
691
6
59
703
262
305
47
147
900
130
822
429
288
293
94
940
577
411
856
829
661
614
530
281
9
504
97
65
103
727
295
348
152
342
113
124
1005
776
985
555
405
796
709
152
826
411
924
595
275
167
938
633
339
468
12
823
375
666
483
790
971
116
910
316
824
195
543
34
393
324
328
825
983
773
692
814
662
310
745
837
629
160
860
604
474
434
955
35
469
340
814
359
883
863
449
794
802
491
427
578
14
60
881
724
233
347
835
435
144
188
514
533
611
202
676
864
785
886
257
917
405
499
192
868
81
788
560
580
473
944
469
136
22
813
95
418
42
844
345
662
940
503
72
441
706
115
323
61
628
195
165
597
244
88
110
376
667
176
919
977
298
798
177
24
507
853
526
391
147
879
108
1019
414
177
15
645
329
546
562
916
860
289
640
22
397
996
511
451
772
392
386
266
633
459
9
465
278
872
223
147
356
286
603
182
160
409
28
66
943
416
251
612
257
676
95
625
103
593
5
632
89
730
30
320
6
208
1022
191
129
51
939
625
559
468
430
172
517
925
991
888
522
797
382
521
809
1009
660
890
443
476
540
898
441
571
916
1003
512
322
7
403
1017
244
306
70
648
1017
273
992
489
104
1020
35
236
896
636
240
578
394
708
523
367
639
924
848
446
210
869
876
313
15
373
746
94
69
248
869
908
1010
890
284
629
132
877
125
461
878
61
557
923
272
157
331
308
193
535
189
141
340
819
212
343
712
329
304
33
956
20
482
621
326
781
684
435
562
672
912
89
797
431
998
815
1018
99
496
437
152
327
371
790
237
845
1022
737
86
501
48
665
61
1019
481
333
929
831
523
434
230
922
164
504
616
607
492
51
605
654
996
49
64
357
678
776
704
767
832
434
1010
985
729
572
710
902
149
535
688
913
161
322
91
39
309
632
586
885
117
584
427
519
674
130
1004
473
333
648
602
551
251
51
259
588
874
887
891
717
362
360
473
808
959
927
712
77
712
585
424
341
13
656
831
409
990
992
534
884
459
690
10
954
462
69
45
927
343
269
209
281
115
15
414
84
933
244
575
788
283
919
12
17
364
605
132
756
452
175
786
994
418
612
337
119
18
41
563
840
431
231
502
223
457
473
229
297
1008
118
112
689
224
613
238
328
689
285
281
776
613
799
484
812
297
906
607
615
775
254
720
972
100
725
273
671
289
691
755
157
772
916
27
615
702
446
287
142
973
46
784
350
960
329
630
403
940
407
207
830
123
239
179
840
168
82
323
708
681
345
591
675
893
609
978
681
115
827
419
344
907
572
33
449
555
572
213
283
252
728
746
248
951
565
69
482
228
734
737
982
693
144
143
669
826
180
639
412
452
46
543
186
448
730
654
234
890
632
942
818
388
186
327
4
218
304
889
879
50
355
426
657
207
745
47
598
1004
863
467
558
157
91
124
327
253
1006
907
375
816
412
696
499
75
869
678
94
599
947
399
819
702
842
137
983
419
24
643
703
618
662
860
230
829
930
1013
141
158
440
890
140
77
907
759
330
995
395
624
267
20
524
290
598
402
550
853
354
36
499
880
287
431
709
1020
608
961
769
791
985
276
162
43
731
26
904
357
442
204
817
409
428
899
291
144
322
334
351
965
171
368
354
448
527
251
448
450
617
614
100
32
998
306
884
50
555
527
190
986
814
821
751
622
287
214
685
713
937
781
964
505
434
1012
572
879
11
699
956
521
757
680
837
290
526
257
200
13
970
671
934
731
325
69
371
546
458
404
692
865
325
487
102
299
242
190
76
675
129
946
619
766
97
660
410
1022
229
651
730
603
766
588
371
585
843
793
759
699
947
632
805
726
255
618
343
132
761
341
196
745
986
300
673
25
443
602
286
209
541
63
913
895
704
675
976
306
638
135
401
835
836
957
458
33
678
496
226
371
1001
91
144
448
905
305
1005
1012
354
602
68
681
21
104
884
444
576
814
668
389
915
146
455
588
431
384
1004
279
486
549
142
34
478
675
207
729
263
613
967
584
821
664
195
958
758
652
213
162
41
903
645
363
694
947
95
817
127
555
500
172
424
436
934
948
670
652
203
899
47
560
792
367
792
682
437
377
384
473
30
876
897
680
649
921
50
416
245
270
735
368
984
196
88
719
26
807
610
132
63
264
781
38
154
508
357
421
413
887
54
288
704
707
805
314
515
447
353
827
909
44
98
946
826
564
835
951
469
353
456
470
439
856
783
187
498
384
309
643
168
201
485
857
327
479
175
131
682
234
773
157
918
892
290
240
588
343
484
451
347
227
1006
736
207
752
163
675
406
764
150
136
84
1020
481
167
362
43
794
1
306
525
821
725
157
99
327
183
548
447
566
851
531
817
473
204
299
685
30
427
984
185
868
613
136
606
858
535
269
206
168
848
55
876
482
387
227
808
531
567
572
29
673
215
793
115
450
859
861
934
327
856
547
254
445
504
841
884
302
476
606
806
386
223
898
407
666
818
723
481
714
231
489
702
148
678
188
679
910
840
862
228
766
735
914
782
66
698
497
426
752
207
561
241
594
359
658
298
458
799
337
409
294
271
180
171
113
910
595
404
313
461
213
771
807
776
641
429
213
801
180
421
586
300
342
165
182
923
961
354
922
513
861
567
196
271
539
315
250
648
994
905
649
599
566
487
624
362
886
641
998
316
144
569
683
878
333
933
351
727
41
481
886
88
865
20
512
758
308
512
714
575
1018
451
554
871
567
969
523
864
569
82
440
6
907
950
357
328
187
318
919
217
56
175
929
364
1006
479
454
301
494
1021
711
524
337
523
589
159
78
1014
43
188
473
547
13
418
410
313
394
783
185
552
333
498
93
658
414
815
826
956
638
991
650
884
400
713
202
925
807
881
212
139
187
1015
779
898
347
677
594
39
141
1007
754
580
754
150
521
540
787
385
183
383
159
880
745
675
725
985
459
256
360
638
837
903
868
237
383
797
253
573
463
793
890
924
361
799
823
353
370
141
408
128
603
46
931
701
760
389
732
808
311
792
852
256
55
793
734
461
591
541
215
851
24
444
211
45
371
623
815
74
780
795
175
866
228
46
351
356
5
842
646
64
424
137
967
798
1003
599
880
863
182
377
351
429
407
521
4
915
325
673
845
1016
215
618
620
927
315
816
944
176
53
336
932
517
251
616
205
472
545
636
131
197
328
934
546
1002
766
724
756
149
485
767
71
987
662
803
276
361
79
144
706
666
586
268
102
566
425
447
906
515
639
419
981
680
763
929
1012
295
326
1008
308
840
285
513
833
483
155
963
522
15
904
72
499
87
952
769
448
314
576
398
300
394
125
23
239
576
264
136
800
596
625
621
341
984
142
531
105
187
523
774
608
524
1021
42
101
177
153
213
929
924
359
72
672
357
868
817
790
475
923
595
761
423
601
738
831
127
256
317
138
181
660
904
1006
868
841
990
915
726
716
244
66
958
163
714
965
841
406
311
560
718
428
754
850
932
874
809
439
627
659
275
1021
324
198
32
957
539
30
582
161
351
550
568
589
624
340
454
54
844
445
837
238
375
289
71
782
102
870
492
584
452
243
977
309
26
418
121
321
308
578
192
988
792
728
19
753
898
958
831
498
295
608
1018
787
449
391
436
189
1019
535
928
470
775
393
455
929
748
436
464
759
954
271
219
729
536
375
5
24
644
865
959
426
30
134
463
904
782
151
266
136
314
164
246
406
763
391
218
734
428
947
928
470
791
