100 100
4948537 7181581 9107305 7432397 4844418 3951517 8287859 7928607 1018986 3201401 2353300 7801008 2394968 2541381 1546581 7493061 8076520 7540236 570339 4838489 1744218 9096552 2342463 7832364 7742449 939547 1872545 3940575 8260277 1941209 2699472 5432953 515953 9544235 7366075 5161556 8197669 9985134 8056611 7907521 5987333 585890 3620671 1707536 5889513 1298652 5222247 5808889 2256795 7914965 5227369 8601366 770764 6454808 6379671 7400486 775551 3696792 3377911 8360364 3048700 1798151 1606962 3509597 1060142 1699296 4556294 7222326 9162325 8031374 2909156 6822308 7944613 7522403 6150945 7752170 8279462 8964098 2877657 2271215 5492690 315125 2722440 3573484 799546 6966119 2537328 5525906 5739329 8326667 6288438 1880707 953487 6395748 74820 1726212 4185663 5239675 3320776 2146834 
27 37
18 45
9 40
50 84
49 90
6 49
3 7
23 56
26 27
4 29
27 31
11 13
50 97
47 59
20 38
2 26
11 47
13 20
8 25
14 51
10 15
48 63
34 41
10 59
18 24
21 47
23 29
32 82
13 61
26 33
38 61
35 45
16 33
1 24
46 80
43 77
44 89
11 29
32 53
24 56
3 23
14 59
12 16
20 36
35 48
3 34
23 73
41 42
13 55
31 81
25 34
17 50
35 55
50 75
28 78
1 7
44 58
39 56
21 71
8 22
43 85
48 61
33 81
16 43
8 15
44 60
50 51
29 55
19 35
10 50
38 70
33 55
35 39
15 23
44 71
32 43
45 79
44 61
25 37
26 60
37 43
38 67
21 71
21 57
46 89
28 29
26 48
8 42
8 34
47 83
27 44
44 67
33 35
6 12
6 43
19 51
25 75
42 74
27 43
37 59
