500 2000
7719 1872 3003 3771 5224 9576 5568 3423 3216 9296 1241 9860 3695 3543 2709 3949 1341 3623 7029 1992 6300 9211 6766 4533 1821 8460 750 1129 9797 9324 1058 1182 5969 359 8487 8845 3383 1494 2240 383 959 5382 6984 4144 2355 8729 9336 917 4131 4668 1227 79 5195 2360 2191 4049 985 1948 367 7695 9273 1835 9775 6295 7684 7314 9656 8068 1657 4765 213 3968 4474 1227 1165 9978 3626 447 5585 2441 4677 4328 5608 8448 9057 867 154 3346 6932 6255 4650 2919 7750 6881 9511 3104 3448 8106 1364 6135 3077 1878 6375 1707 5976 9446 5823 507 9038 1680 2394 9440 1181 8964 2053 1344 3958 6403 2757 464 4807 1372 7350 1418 5107 5783 2802 9424 3542 7317 2516 687 9524 9223 9118 3847 3537 174 2583 9050 9590 3779 3897 3859 6003 1385 330 8730 4816 6239 1913 1701 2217 9274 732 9680 1769 7155 6456 1328 7941 5981 8208 2932 652 4953 33 2733 3230 1693 5422 8032 5131 930 4039 5898 3965 6381 2559 9668 8793 7713 2734 6070 2626 8387 3252 1600 1470 5214 3248 3143 3549 7112 352 5325 2199 8357 3289 7893 9750 9802 8970 53 3284 7380 7196 9548 4053 9658 3212 3398 1896 3760 1836 4686 266 814 5718 1251 4028 2545 7459 8526 8663 7408 8748 3891 4909 8785 3487 950 3025 1213 7443 7888 521 5745 2015 9826 2179 1671 4648 3801 3446 5684 7338 6915 2458 3411 5754 1809 7035 3490 9337 1085 6810 8316 5547 7597 1140 1191 6728 9017 1607 158 5715 650 1091 5937 8650 3 8413 9323 1581 9397 538 2085 6098 7613 4521 9482 7175 6624 8625 9067 634 6523 5678 2195 790 4516 1030 589 7855 229 9281 9013 5472 394 9784 6236 3219 4376 8061 8736 6609 6113 6348 7163 938 965 3168 1547 615 923 5784 4818 7374 496 4347 8927 4101 8431 5259 7597 3211 3747 1222 4906 9060 6585 7474 4986 579 1033 5050 2477 4685 7285 1828 5183 1723 1107 7574 5806 7360 5640 504 4657 8780 758 9898 6535 8528 2231 7817 8430 7875 5290 2303 1413 1173 5022 2809 1668 9858 6317 8541 5098 5881 5355 1243 1543 1517 4270 5539 5979 2747 2512 855 2559 8349 5010 8035 563 3935 3444 6010 9367 1200 531 4322 4094 1628 7218 3284 4752 3383 364 6317 7599 5388 8472 7704 6172 2119 2174 2863 3931 1072 4522 5455 5332 2777 287 6924 235 8073 2541 453 2290 202 7237 6010 9422 2592 9324 1403 2151 3292 4335 1394 196 751 1127 6563 7366 5139 333 3971 6276 678 991 8999 8152 8568 9107 6127 1223 1048 6331 2307 9142 7241 5897 3020 1387 9659 6597 5750 3538 2151 2110 8180 6785 7403 3518 2021 9022 9847 6977 2982 8847 567 5878 3960 6259 2658 550 7667 3951 8082 7333 507 7467 2341 3559 7938 4894 2467 7237 8222 9719 4033 2432 780 6014 5894 2181 
410 420
145 396
322 290
187 147
366 267
324 278
230 206
241 452
58 323
396 222
440 162
27 328
323 234
243 48
234 341
136 256
9 143
276 142
6 67
187 177
234 70
343 316
145 440
56 173
305 116
158 149
180 53
222 147
498 133
141 174
341 276
147 158
116 396
157 8
379 116
198 305
134 490
179 317
276 174
305 174
223 366
259 415
415 410
149 341
385 70
206 53
222 180
95 437
334 367
222 24
205 85
201 256
222 373
174 264
373 230
141 272
103 119
145 206
145 187
385 335
116 303
34 322
396 147
33 464
415 173
77 189
322 11
201 335
107 474
264 440
276 116
198 335
142 53
450 335
230 234
385 58
141 256
177 385
180 230
341 324
316 22
396 136
70 324
174 70
198 234
224 323
385 142
24 450
443 290
149 229
107 490
355 396
174 149
28 243
290 398
352 105
149 385
214 432
133 136
133 328
272 24
174 28
177 162
335 278
485 157
450 234
355 264
396 385
425 346
136 177
174 234
256 305
355 335
141 324
416 129
305 187
303 229
256 222
356 382
230 324
323 70
162 341
60 346
396 180
145 256
77 415
420 356
177 341
201 174
149 264
34 77
305 373
149 450
222 201
174 355
256 355
11 410
299 105
355 328
116 278
145 201
323 256
58 53
385 440
290 432
48 341
485 8
328 149
440 147
277 45
415 443
53 373
198 162
328 230
413 61
324 396
415 250
222 305
303 149
219 474
24 177
149 206
142 187
33 425
498 355
145 58
343 474
177 48
53 328
341 379
385 198
278 396
264 116
264 498
398 77
206 305
243 147
70 224
22 366
27 234
44 179
328 229
498 136
286 378
366 316
341 24
450 373
222 27
180 324
356 85
420 173
180 335
317 95
490 44
440 180
56 452
142 58
305 276
256 332
58 234
379 355
162 229
98 303
443 77
98 136
410 382
24 323
70 355
256 278
158 116
229 234
157 280
177 303
70 303
379 234
420 404
373 136
142 28
53 276
373 278
243 230
70 98
243 229
234 355
206 133
404 432
323 276
341 440
11 34
322 85
158 256
379 201
416 490
180 305
230 276
44 134
450 147
219 134
335 206
498 206
142 70
379 328
224 264
205 214
107 374
498 174
149 58
230 385
332 305
230 70
373 332
355 341
450 278
272 385
187 116
11 382
53 201
490 366
324 450
341 229
77 214
162 305
48 379
498 385
131 443
323 450
229 396
341 230
234 28
158 323
440 323
131 11
341 187
206 116
259 452
206 278
328 198
198 206
224 53
355 276
28 440
250 56
56 241
59 103
116 53
147 136
28 230
322 318
385 264
7 318
290 7
437 317
222 230
440 70
145 323
174 177
28 48
214 259
177 222
332 323
107 44
243 206
229 177
416 437
162 180
305 355
332 264
323 222
131 415
323 379
334 265
332 272
335 142
355 142
396 379
450 385
145 70
413 315
174 396
11 415
7 173
149 201
11 452
322 77
385 229
356 318
264 162
318 259
341 53
420 131
24 162
70 198
305 234
189 398
53 303
323 341
259 398
56 259
116 328
129 44
98 147
256 385
163 374
174 272
24 332
316 223
250 398
413 45
149 116
201 385
58 332
177 53
58 136
158 379
198 264
241 131
222 158
136 27
267 22
222 149
498 234
116 48
432 205
250 318
276 27
498 303
98 142
335 141
222 335
59 9
272 303
303 341
133 332
256 206
450 276
322 443
9 280
346 33
158 303
382 56
265 299
276 58
222 328
299 352
432 131
278 133
145 149
44 316
299 236
267 474
198 373
259 205
24 58
230 48
229 58
180 450
355 58
174 136
234 243
162 256
439 352
149 147
141 224
70 177
162 272
24 147
256 229
24 70
234 324
142 272
334 299
98 180
28 379
174 222
385 28
374 134
303 206
107 129
416 44
158 229
141 229
58 278
149 243
222 133
85 382
224 272
224 341
303 58
149 24
98 174
332 335
334 105
162 385
356 290
58 133
224 379
396 142
341 243
324 272
198 147
70 149
243 264
103 143
111 347
179 316
440 24
85 420
290 131
214 356
437 179
145 28
224 256
129 179
24 180
48 224
224 355
24 174
58 324
163 107
34 173
278 177
98 149
264 222
498 373
28 373
28 264
162 158
158 385
198 341
149 230
450 177
272 328
142 198
385 48
318 415
145 332
174 48
267 179
355 206
324 162
53 324
136 230
276 48
243 141
177 234
136 70
498 305
385 145
147 70
398 322
180 58
272 198
404 241
385 174
129 95
410 85
116 234
147 373
241 432
206 224
278 158
356 443
452 356
201 70
34 214
498 198
332 149
323 201
206 177
201 234
70 498
410 250
136 272
206 162
318 410
356 173
145 335
272 243
305 48
416 316
241 34
162 145
61 378
134 267
335 98
141 332
98 278
323 385
355 385
133 224
276 198
34 131
58 147
28 180
385 234
205 189
398 356
410 205
490 374
163 134
131 173
27 332
356 259
53 379
323 27
116 147
328 206
158 206
201 162
382 250
379 98
103 280
107 219
98 145
498 48
60 33
328 278
116 323
214 56
241 382
173 11
450 116
374 366
33 413
382 173
224 145
198 355
201 332
28 198
158 142
45 346
234 224
116 224
379 498
24 373
222 324
318 214
27 450
48 145
382 432
341 256
229 278
234 133
98 133
107 267
58 177
223 134
243 256
98 324
133 48
355 373
229 335
201 27
56 318
230 142
404 322
256 373
420 250
290 56
236 367
243 385
432 410
366 163
450 264
133 323
322 420
98 396
323 498
149 28
223 95
416 134
158 141
173 443
174 145
373 335
278 174
141 177
373 379
142 450
149 323
223 343
27 305
366 474
149 440
335 234
379 272
147 141
24 385
272 498
224 335
180 332
149 396
205 452
141 27
243 133
198 27
187 201
379 276
404 85
250 205
328 264
180 272
352 367
474 223
256 27
437 316
440 256
303 24
335 256
219 317
142 278
222 162
373 48
48 58
34 410
60 413
145 141
335 149
34 420
491 197
374 223
328 201
420 318
53 98
272 222
173 452
174 450
272 323
141 328
7 56
323 28
34 205
272 335
317 490
373 158
58 335
355 149
28 133
179 374
7 404
328 142
158 305
180 498
70 264
413 286
234 162
198 116
437 44
224 373
328 341
24 224
224 440
107 316
323 206
404 443
11 443
133 396
53 264
256 98
107 416
328 385
373 385
420 214
264 158
450 58
44 223
141 264
276 162
48 53
149 198
490 22
341 385
396 328
450 162
141 355
230 256
315 286
141 305
214 7
324 187
236 265
34 290
206 142
53 498
425 45
147 272
141 98
236 334
27 98
145 177
341 396
332 28
187 379
366 134
341 201
404 77
136 198
450 187
133 229
382 443
147 303
334 439
141 440
206 222
56 77
141 379
162 278
141 341
119 9
355 272
303 332
410 259
432 77
206 324
355 222
24 201
142 147
474 163
256 498
205 382
416 219
278 28
136 158
28 136
187 256
174 379
174 27
145 373
53 187
58 264
85 131
61 346
355 53
77 356
425 61
272 28
317 374
303 385
230 272
267 95
440 324
379 198
335 328
286 33
147 379
243 396
198 222
174 180
198 48
276 187
241 250
259 7
145 450
24 28
85 398
265 105
452 189
323 324
98 28
162 373
201 305
305 147
219 267
24 116
107 95
276 243
464 378
303 198
464 277
206 201
352 236
332 341
34 318
315 45
343 374
374 437
201 450
133 276
425 378
142 174
48 323
328 373
378 33
147 224
145 133
77 420
324 24
385 305
264 24
385 98
149 187
229 324
366 129
322 259
61 286
187 440
450 305
158 324
324 201
187 70
116 177
259 290
382 131
7 85
278 272
230 498
378 413
305 243
11 420
177 224
28 222
396 70
272 145
173 85
134 107
180 201
224 58
474 129
105 236
27 149
234 303
24 27
243 224
230 145
498 98
143 157
34 85
234 440
267 317
173 322
174 303
28 341
415 398
11 7
222 303
303 180
396 53
373 303
276 136
28 328
142 177
280 59
464 346
382 259
224 187
107 437
24 142
324 328
452 7
450 141
440 396
328 136
328 305
474 134
464 60
11 432
201 243
450 328
141 162
432 7
48 234
141 28
498 224
214 173
303 396
173 259
27 335
241 322
179 219
34 415
272 187
223 267
145 229
264 180
373 276
335 341
415 241
136 355
432 318
324 335
450 53
341 264
290 173
410 290
241 290
142 332
129 343
256 24
222 379
341 133
440 158
267 316
396 48
230 98
133 53
396 234
259 34
53 234
214 241
158 24
59 143
206 70
303 145
158 243
206 58
230 162
229 180
206 180
382 34
416 179
259 11
98 332
205 11
70 158
119 280
142 303
335 158
53 305
174 147
177 98
187 264
278 341
119 143
162 328
201 272
11 318
332 198
142 149
373 141
398 432
335 264
290 250
174 53
343 107
70 53
425 315
95 374
162 48
404 214
243 379
450 341
498 324
116 341
278 27
98 158
60 286
256 234
243 174
222 53
214 250
206 136
385 133
157 103
56 322
85 77
396 162
328 498
341 58
141 136
259 131
420 7
250 452
305 224
332 222
259 85
398 214
149 162
230 379
147 264
180 145
256 264
162 116
48 303
85 443
323 174
341 158
27 48
230 24
174 373
174 229
129 317
53 24
224 98
373 229
142 305
343 317
264 206
341 142
276 177
305 145
276 440
219 95
259 250
256 142
222 48
250 34
379 136
323 98
85 56
432 322
149 48
322 214
379 177
206 332
60 378
28 187
322 189
179 22
355 98
187 332
373 323
8 9
136 324
198 158
187 174
440 355
116 243
272 133
356 205
198 201
278 498
379 305
107 22
404 415
22 134
286 277
143 8
328 187
145 142
45 378
373 116
303 230
180 48
490 474
174 230
276 28
474 22
356 404
162 332
272 341
367 299
278 145
33 61
318 382
173 250
147 332
9 157
27 272
98 201
303 141
437 343
241 356
7 34
385 332
341 145
48 272
27 28
58 141
189 56
378 315
48 440
27 162
355 147
7 398
396 187
98 328
305 98
382 290
24 396
432 452
404 382
356 34
373 341
276 335
147 133
174 158
173 189
70 278
58 98
243 198
48 229
243 335
224 332
328 332
234 141
267 129
229 147
224 28
439 265
396 276
189 420
201 141
28 256
28 335
305 177
303 276
276 24
234 264
272 264
432 189
24 198
317 163
272 158
116 28
11 250
264 323
276 264
11 356
180 328
145 158
315 277
180 142
450 332
70 243
318 241
450 70
147 341
22 219
398 404
277 346
24 379
95 163
136 224
379 149
277 413
373 396
272 58
224 230
133 141
303 355
180 27
58 230
324 305
131 214
205 318
379 385
158 133
48 278
230 229
490 95
272 440
45 464
162 303
224 149
77 452
243 498
77 173
44 95
379 256
85 432
303 243
355 28
498 187
366 317
136 243
27 229
177 328
432 259
234 373
324 385
27 206
236 439
149 498
398 318
415 56
98 187
385 180
177 180
276 206
474 44
323 335
22 163
133 70
180 158
303 323
305 149
234 136
398 241
116 230
379 324
332 229
158 27
373 58
201 28
142 162
27 373
315 61
305 229
28 498
404 131
149 53
355 324
134 129
243 142
464 286
303 27
53 272
272 229
416 22
222 450
145 24
437 219
11 398
229 222
58 27
278 303
290 189
98 272
103 8
24 141
224 396
355 278
265 352
355 177
276 328
323 141
398 56
198 145
398 205
142 201
95 366
134 317
416 343
224 278
77 7
116 440
420 432
133 201
85 189
404 410
22 374
145 53
198 256
335 24
198 230
205 7
205 322
450 198
174 328
224 450
58 28
58 498
276 234
265 367
77 410
177 272
385 278
299 439
396 323
490 343
206 396
259 189
129 437
136 149
324 373
141 53
230 450
180 276
95 316
177 332
187 234
27 396
323 229
145 222
163 179
34 452
24 234
396 335
256 324
317 44
332 276
303 28
53 256
22 129
267 437
58 187
256 450
305 440
305 278
450 243
28 229
230 305
328 58
378 346
276 98
206 385
158 201
413 346
7 356
223 107
328 323
28 147
440 27
396 141
198 58
256 303
440 335
229 142
324 332
131 250
198 98
432 173
48 147
230 396
322 410
305 28
189 7
229 198
316 474
343 179
420 56
145 116
53 243
280 485
305 24
278 24
56 34
324 142
250 432
205 420
219 316
134 179
27 133
404 56
343 44
356 131
420 415
415 322
147 385
180 379
177 133
415 290
305 303
180 323
490 437
303 264
452 322
490 267
180 136
450 28
379 229
396 201
145 243
70 332
149 133
439 105
174 440
323 243
61 277
332 379
95 179
177 198
70 162
95 416
230 201
145 27
85 241
24 498
173 241
131 205
205 77
147 145
272 396
303 379
250 322
416 223
440 133
450 272
95 134
272 234
440 303
328 24
48 141
119 485
11 241
98 222
474 416
229 355
272 116
198 174
437 223
303 133
264 305
318 173
450 48
332 278
206 174
498 116
206 234
315 60
374 416
498 332
206 373
141 276
145 234
382 214
116 229
141 230
133 256
243 355
305 396
24 187
450 158
8 280
85 290
450 98
206 272
278 53
141 278
219 129
277 60
452 290
440 198
396 450
234 332
374 267
103 9
366 44
317 22
224 328
410 241
147 201
187 222
34 398
187 136
28 162
315 346
341 27
332 116
177 243
356 56
498 396
53 332
415 214
334 352
141 222
177 201
141 70
410 189
53 28
58 305
70 180
219 374
276 278
59 8
58 440
355 158
278 243
303 224
259 77
450 136
385 276
230 335
250 356
147 328
332 440
305 341
290 77
374 44
149 141
498 229
131 322
264 373
396 177
98 234
404 318
498 276
189 11
341 98
136 303
322 382
24 133
158 224
316 374
98 229
98 162
498 335
11 290
187 335
142 264
324 48
323 305
22 95
432 34
206 24
222 243
105 367
60 425
206 98
9 485
116 27
187 229
163 44
174 256
214 11
256 180
229 276
163 437
224 162
241 443
276 256
11 404
70 222
324 174
174 224
243 440
498 147
162 243
367 439
149 177
335 174
490 129
158 58
141 385
278 201
318 443
85 318
179 490
44 219
177 373
229 53
230 355
187 158
256 58
198 396
443 250
318 290
44 267
59 157
22 437
335 48
173 205
33 315
420 382
379 70
206 187
343 95
379 278
259 443
373 70
243 328
58 174
410 173
219 366
243 58
214 410
53 158
136 385
77 318
355 323
318 452
413 464
415 85
490 223
24 229
224 385
498 222
290 205
241 259
223 129
234 158
278 187
440 177
440 450
174 162
189 241
335 136
141 180
420 241
452 382
355 187
214 443
70 272
177 28
177 256
324 28
158 498
355 24
373 98
243 373
133 187
142 379
134 437
162 58
70 48
498 27
70 256
180 243
264 145
379 145
278 222
201 440
324 224
440 373
272 256
341 70
474 437
223 163
303 201
485 143
180 278
379 58
205 56
214 452
136 48
177 147
420 443
98 24
34 189
145 136
324 27
278 264
443 189
410 356
162 355
116 58
205 241
224 222
119 157
131 7
318 189
142 141
198 278
219 163
324 133
303 324
187 385
432 415
147 278
335 177
250 404
276 222
382 77
163 129
415 452
70 335
229 440
355 450
60 61
276 147
70 27
243 332
56 432
136 341
278 440
133 142
134 316
133 335
163 316
264 396
77 11
272 149
440 379
420 290
416 267
189 356
77 250
27 142
316 129
443 7
149 324
158 48
162 187
323 147
59 485
198 141
335 305
53 385
323 53
223 219
234 180
222 142
440 98
129 374
133 373
28 206
107 317
323 136
241 7
198 133
147 335
85 452
322 356
133 355
77 241
243 24
174 133
490 316
323 142
56 11
264 98
131 56
206 141
222 136
379 206
396 58
149 278
379 162
229 224
404 205
143 280
396 28
443 205
303 450
324 145
305 133
116 385
179 474
7 415
303 335
116 355
56 410
335 116
379 133
116 174
256 147
142 498
24 48
305 70
416 366
61 464
70 328
276 149
440 206
343 22
404 290
303 187
234 278
7 382
177 27
131 189
201 355
119 8
141 187
27 53
201 48
450 133
174 332
198 187
420 259
223 179
198 224
34 404
189 404
98 116
149 180
222 58
267 343
162 53
440 498
230 27
136 53
53 230
243 324
452 420
278 230
206 341
404 452
229 206
34 443
356 432
198 180
256 396
189 415
443 410
324 177
180 116
440 53
373 187
136 162
158 230
234 142
7 322
317 223
276 145
107 179
136 264
305 136
415 356
373 272
180 187
410 131
133 264
316 317
474 317
201 264
267 163
355 48
230 147
450 379
276 224
315 464
323 278
48 98
173 398
187 323
379 264
147 27
230 264
374 474
147 162
328 256
398 443
276 158
366 343
366 179
189 382
222 341
332 355
318 131
323 162
98 243
142 136
229 70
328 234
189 214
317 416
224 180
277 378
343 163
250 189
498 177
223 22
174 341
276 272
133 116
61 45
498 162
180 355
328 303
11 85
276 324
177 158
410 398
116 142
259 404
250 7
415 205
136 229
382 415
490 163
234 149
142 224
332 136
133 162
147 180
27 385
85 214
119 59
107 366
136 278
276 201
230 187
222 440
147 234
206 48
103 485
116 324
498 141
131 452
324 198
343 219
229 264
272 305
60 45
33 277
198 53
323 198
355 27
432 443
250 85
45 33
450 206
56 443
328 145
7 410
290 214
286 45
332 158
24 136
366 437
379 335
498 450
116 141
116 256
77 131
48 142
440 328
116 201
27 224
95 474
48 328
332 230
343 134
222 116
27 243
379 27
201 373
180 373
229 450
163 416
498 341
346 286
147 206
116 136
116 70
425 413
264 48
27 264
398 452
70 276
410 452
48 332
404 173
425 464
201 58
58 70
498 201
222 234
177 323
230 323
149 373
452 443
142 373
222 385
230 440
264 177
44 22
53 147
158 396
398 131
332 396
440 142
224 201
341 180
335 162
53 335
136 440
145 355
277 425
158 28
70 28
498 145
48 187
149 256
230 177
187 27
286 425
201 136
243 187
256 48
230 133
328 158
398 420
201 229
398 382
490 219
324 147
264 324
180 133
