500 2000
9057 2282 2159 5441 4696 9279 1633 9800 9229 4373 6612 6141 8660 6170 6272 3880 5830 9275 8735 1995 604 967 6833 5606 9498 2821 7793 6152 9951 503 888 8023 8281 1633 2240 9986 1918 3861 1451 868 4472 7537 4326 4187 2561 1708 24 8058 624 4604 495 3724 674 6124 5422 7803 1804 684 2047 8192 8256 2601 95 8283 879 2639 330 7732 606 5292 6533 3811 7883 2678 6667 9438 8818 9968 9001 3617 731 5177 830 6371 8694 229 9837 662 2778 1201 4694 8319 5898 1425 4916 4775 8330 6284 9975 6241 3504 138 5365 7965 3486 3149 9004 3980 4895 6750 1228 2981 912 441 659 6440 5041 9275 8600 5121 6108 2571 7628 8414 8197 279 7022 676 3138 4945 1166 960 6926 3818 964 3098 9096 1996 5922 2254 2897 1166 4791 1774 4182 1236 7349 2786 5803 4262 294 850 969 2690 8122 2709 4040 1316 916 9595 1601 6228 3111 5224 2893 3985 250 3249 786 3661 8451 3820 9568 8409 3379 7123 118 3635 9182 7690 3403 7804 9103 722 330 847 8201 8860 796 9999 9472 9409 1036 6368 4233 9186 2536 7145 4672 6732 116 5048 9609 3358 1827 8678 3513 4894 1016 2333 9189 248 441 295 2043 184 2646 6025 1872 5803 2169 9568 2857 9505 4254 4058 9406 3654 2692 7577 1276 9521 3509 2755 8858 7900 1235 5485 7311 5221 2963 4490 9618 7444 9694 9902 6193 2350 5701 4136 6822 1433 2038 3807 2375 2466 621 2156 2717 1788 1004 2873 5480 169 4573 2008 2112 2365 1223 1191 6959 1441 1376 1426 9165 8614 7506 3642 7004 4602 5537 8021 7189 464 1691 2581 3858 7915 529 3213 7470 4635 6358 9474 9994 7660 6245 494 7266 6794 8168 5931 239 1162 6086 6926 2974 981 1468 1842 9985 8598 3680 214 1860 9958 4289 1833 7042 1445 2627 3942 8953 2828 3978 6059 364 5249 9717 5598 1432 811 7549 385 7769 727 4558 3397 8173 6890 2741 9838 6249 6424 8218 182 3403 7636 5936 9748 3423 7384 6587 3518 598 2120 9265 7388 3269 4930 4436 3327 2634 4696 2255 5778 227 2450 4207 1248 8338 8269 5428 9046 9740 7209 8264 8778 3602 6338 9071 3357 5634 1564 5872 5277 6126 1684 2259 1533 2684 7429 6411 7689 6416 1081 5350 4949 2199 5681 9010 3973 9029 4934 8274 1427 7234 8816 8418 9324 6225 5719 6311 236 9137 1321 2202 3947 167 1979 4871 2647 5419 4979 7137 1316 2002 2181 4537 2978 7260 2973 8430 8607 6719 4589 4663 7788 8340 5079 2607 2067 5952 8861 448 4041 9461 7190 5555 2257 6570 6884 4726 4354 6649 8548 1903 9305 5064 6406 6624 1026 5658 1150 8492 5267 2630 4521 2618 3945 8264 1332 247 4184 4983 8426 6144 669 503 6748 5233 4326 1167 2630 8551 7428 8846 7840 7021 911 8794 8978 4133 6331 9401 235 6244 2075 4435 7140 
143 386
332 130
160 200
322 32
281 73
291 102
17 448
188 276
344 447
181 391
272 263
247 440
399 211
362 107
409 448
444 439
88 192
50 472
134 236
56 246
17 447
407 267
344 386
163 359
424 311
215 128
302 163
456 46
384 485
213 333
409 412
192 24
262 420
291 264
412 361
83 97
173 169
262 245
283 347
218 150
369 253
379 452
366 360
290 330
444 409
345 344
200 306
111 337
476 498
120 458
310 45
251 253
61 454
407 46
429 448
210 110
406 35
447 420
235 27
150 154
145 17
447 200
145 150
493 293
163 245
344 66
42 88
181 341
91 481
141 75
430 63
485 17
124 385
63 280
420 412
66 42
24 425
391 324
98 238
68 448
55 245
442 409
245 306
132 74
420 17
169 322
410 359
154 384
55 448
280 29
154 410
96 322
204 206
448 145
390 386
21 24
122 498
39 166
356 337
169 444
42 151
42 155
82 466
37 244
384 388
196 247
61 238
448 250
435 147
227 80
349 253
137 224
196 74
24 420
345 154
95 93
251 184
351 456
154 96
208 105
418 401
416 125
163 388
407 257
447 66
88 200
42 485
262 24
50 490
491 445
485 66
427 252
84 447
24 160
388 258
367 325
112 47
388 66
409 388
412 483
233 135
132 16
224 138
154 4
181 428
251 472
359 96
172 105
189 320
41 362
33 393
304 409
66 322
96 17
270 371
88 143
455 276
453 190
252 313
477 481
447 412
274 336
386 32
392 90
367 135
310 233
260 449
32 66
192 49
276 211
216 329
292 418
24 155
42 429
324 50
287 260
390 420
345 88
373 113
195 337
448 169
203 422
410 150
145 101
127 54
49 360
54 5
155 32
47 43
273 1
359 322
163 345
444 420
112 271
49 340
390 24
160 322
444 17
96 42
279 7
467 60
6 234
164 257
323 96
88 17
17 66
220 194
160 444
499 329
386 361
240 491
83 176
420 145
342 365
122 110
447 409
410 32
13 492
24 485
160 55
245 96
66 409
163 262
245 388
183 443
24 359
240 226
117 469
344 32
17 150
341 373
192 160
498 132
424 10
122 435
240 478
267 376
251 16
245 448
429 444
444 322
390 447
449 50
359 388
175 389
335 252
24 32
390 323
88 142
241 323
150 412
444 150
191 117
487 498
262 384
86 301
420 429
450 227
163 66
160 361
420 192
245 145
216 113
384 304
262 390
211 73
276 117
260 132
192 304
432 161
323 160
163 409
167 144
304 155
163 361
163 155
474 82
467 213
122 210
66 358
143 163
368 469
322 17
26 225
257 176
16 166
206 382
447 322
183 306
153 213
467 201
7 309
449 412
235 406
192 322
398 251
167 313
358 21
390 150
388 390
270 350
156 74
24 150
88 145
398 253
361 448
221 378
328 370
96 192
281 195
304 160
145 412
384 163
145 306
412 384
59 286
10 247
221 134
192 412
32 88
125 132
32 484
192 390
409 262
143 145
388 96
421 209
427 372
450 95
145 361
281 424
178 437
388 420
444 412
38 430
439 475
404 487
42 410
476 81
269 472
420 55
257 128
262 412
396 310
399 187
200 143
285 137
69 74
322 448
281 210
253 16
154 15
150 169
147 342
96 390
448 96
103 229
273 279
361 444
55 359
276 222
92 448
125 73
359 323
22 86
322 262
384 344
437 344
210 113
24 330
251 447
8 291
386 322
42 384
24 323
154 304
273 39
32 262
390 32
444 155
384 448
268 59
367 122
150 96
444 154
143 160
415 200
253 472
345 306
42 169
360 98
22 460
245 420
213 227
260 74
50 16
32 150
370 28
192 388
472 25
347 94
32 306
139 359
343 276
409 306
413 222
145 444
361 344
412 306
431 94
387 177
154 200
174 114
34 401
24 96
132 188
131 113
350 305
200 388
18 100
384 145
313 65
169 390
485 154
359 412
152 158
384 55
489 41
74 125
390 42
330 153
253 260
42 359
441 442
66 410
156 132
344 306
11 221
323 145
155 448
463 94
323 444
383 135
398 16
157 313
160 429
240 260
192 154
175 178
155 447
448 494
157 479
111 222
74 51
455 294
42 401
63 306
345 447
150 304
398 240
200 42
88 361
143 55
179 143
343 183
251 260
166 231
38 355
312 460
388 447
471 15
324 419
368 152
493 64
343 137
367 113
32 192
251 156
168 365
256 52
452 11
328 299
421 68
444 384
42 192
143 390
412 485
390 384
88 55
398 326
452 113
371 310
233 479
229 272
420 323
384 410
436 188
88 24
285 267
185 283
475 171
322 154
245 323
110 113
278 414
88 262
192 448
361 306
42 386
17 344
200 485
245 485
388 88
489 58
142 8
304 262
256 253
107 499
75 113
370 309
262 323
498 398
361 390
417 321
446 296
192 447
143 447
145 36
17 384
361 66
497 132
240 31
18 247
485 390
12 272
111 392
498 16
472 460
154 323
60 324
410 169
384 245
429 145
453 412
169 412
160 344
96 306
87 314
74 498
279 44
306 388
151 380
276 382
392 107
448 200
429 154
252 334
84 302
217 451
169 323
26 203
253 74
143 105
169 143
436 416
359 457
125 369
390 444
448 444
160 306
29 34
249 322
349 432
214 118
420 304
17 304
487 260
306 447
218 49
307 54
420 160
49 445
55 344
398 472
155 420
259 12
375 11
409 345
433 240
322 163
480 25
485 32
200 344
416 498
369 398
3 52
42 448
272 89
369 18
342 163
245 220
324 247
36 249
500 124
344 88
449 416
145 154
16 240
104 171
245 412
245 66
189 126
129 118
154 32
24 429
304 66
228 112
472 156
150 388
41 256
50 125
79 467
190 348
245 396
96 155
240 253
344 24
234 33
384 66
262 150
87 270
145 192
240 449
126 259
353 128
154 447
245 322
390 55
74 16
65 81
345 160
329 111
55 20
24 163
186 223
447 145
25 24
200 420
163 88
253 326
487 132
109 465
219 279
395 53
361 409
323 485
410 409
398 416
447 386
245 155
499 264
236 393
32 17
110 11
7 452
66 192
359 17
239 249
204 404
455 430
7 248
55 322
143 155
125 81
169 154
162 320
262 359
143 388
55 461
268 50
145 169
113 402
82 23
254 283
472 260
91 257
410 143
66 145
261 247
191 500
13 384
428 136
345 32
275 320
132 326
280 194
344 143
498 369
320 60
369 487
361 388
245 154
91 288
160 145
240 229
444 485
140 101
209 161
24 384
225 394
62 350
390 160
355 100
125 253
384 420
369 472
253 132
143 322
116 179
156 326
408 44
41 241
366 28
98 207
17 80
445 110
433 171
412 200
492 426
500 375
58 367
17 262
159 288
410 155
409 160
200 444
143 485
225 95
279 146
145 32
375 281
164 187
163 420
386 429
388 322
160 410
93 42
344 10
9 212
252 463
441 417
109 83
426 152
260 329
388 17
299 355
495 331
387 490
132 251
408 292
166 383
416 4
323 361
361 143
447 160
480 476
336 205
345 96
32 429
89 241
398 156
447 163
50 398
322 155
139 283
113 336
289 443
386 306
262 143
281 225
285 65
390 410
22 221
304 429
416 273
455 82
22 411
284 191
64 118
125 398
200 322
384 306
472 498
410 17
117 479
264 394
388 160
449 132
128 34
123 278
348 391
32 245
241 227
410 245
401 189
322 145
250 400
92 273
384 32
246 390
228 114
163 344
468 221
386 163
188 99
169 155
386 192
439 94
245 345
444 385
498 283
345 390
369 59
125 251
441 176
202 168
260 326
55 92
192 262
88 306
314 318
240 132
361 485
125 240
386 304
367 11
449 125
55 323
385 234
69 126
87 349
200 359
361 216
393 148
444 344
386 160
294 138
50 74
240 472
390 200
470 140
110 55
326 369
365 335
367 110
300 161
485 429
86 186
17 192
88 66
42 17
66 448
485 262
447 359
16 369
328 229
448 143
188 178
224 324
410 323
409 96
120 27
294 156
113 365
399 451
440 115
304 444
438 450
77 266
304 361
386 200
234 338
160 262
326 59
304 323
408 83
368 392
167 65
58 289
379 362
198 356
218 337
472 74
192 384
251 74
378 206
253 498
404 153
359 143
150 160
8 214
95 191
234 420
154 420
449 326
114 52
425 339
25 42
88 160
125 326
155 361
154 17
429 200
147 129
43 322
444 386
143 17
323 432
154 160
60 155
216 353
454 9
432 162
75 48
429 359
245 192
409 24
24 388
161 44
196 444
160 169
393 109
147 4
345 262
431 338
160 448
309 332
382 189
375 227
208 420
92 281
50 140
322 429
49 195
251 498
228 290
485 448
320 456
51 360
491 349
344 410
111 263
276 89
326 487
349 63
262 306
410 420
128 263
225 41
24 304
21 95
241 334
386 224
150 386
384 359
304 143
42 154
455 278
422 26
390 163
404 71
46 416
200 150
210 300
407 362
63 322
296 226
412 344
106 93
155 345
359 485
413 76
361 169
326 251
88 245
248 354
163 17
186 162
322 24
240 369
315 50
360 12
361 262
448 304
96 55
485 47
463 48
410 262
12 45
272 214
88 154
169 417
280 177
77 217
279 499
390 344
72 36
66 96
16 416
412 390
487 125
95 422
66 359
194 59
211 148
412 66
132 369
169 192
87 462
142 47
150 448
399 410
485 96
68 36
66 323
332 219
99 70
143 117
304 500
18 276
255 69
485 169
449 369
45 58
74 369
412 345
14 71
355 205
487 251
136 318
304 345
323 386
444 410
41 22
143 420
269 147
83 118
32 388
409 169
415 421
143 150
155 154
122 89
388 155
429 245
444 32
227 394
350 314
155 55
420 88
449 16
132 495
392 212
207 224
482 294
333 469
42 160
482 247
369 372
1 420
410 447
109 489
345 410
51 402
66 160
410 388
323 150
158 461
448 24
402 244
326 16
218 360
32 200
359 88
163 154
154 306
227 454
359 145
389 300
154 66
12 178
306 304
323 409
428 45
66 155
50 416
369 251
260 369
74 449
88 169
499 48
322 390
21 351
498 260
306 17
245 361
494 59
213 271
344 154
369 50
381 207
144 452
485 145
233 452
51 461
101 408
408 172
107 57
344 155
350 323
422 260
226 408
329 424
478 280
362 375
485 146
145 155
98 40
323 345
11 310
166 382
19 321
390 409
25 484
216 386
199 332
359 344
382 145
50 487
137 203
177 354
219 238
484 192
16 349
394 347
154 412
448 306
200 17
386 55
50 156
377 171
323 388
384 200
433 467
46 417
113 187
19 216
482 214
487 34
420 485
294 148
260 156
24 306
448 163
418 375
306 323
370 116
66 444
327 473
429 143
110 196
160 155
366 370
386 299
260 125
55 444
135 348
122 11
180 123
169 24
367 132
161 301
96 163
323 347
480 238
100 230
306 359
139 143
134 48
66 429
366 286
367 495
429 169
161 284
384 160
88 96
311 21
219 202
235 336
447 323
32 412
493 128
388 304
361 96
55 447
150 155
226 492
412 88
55 150
192 200
222 31
145 409
24 412
142 392
444 345
361 322
190 57
259 279
177 88
53 182
414 244
96 169
143 317
145 163
153 186
42 388
83 353
32 359
410 200
412 410
32 361
420 322
42 32
450 464
388 444
145 200
169 262
32 96
177 122
455 343
359 386
444 359
154 409
262 42
362 137
362 102
388 345
464 324
449 477
447 262
170 339
154 448
154 208
150 66
423 320
231 38
448 412
32 169
485 388
367 210
197 189
412 143
232 131
163 200
316 364
373 462
358 173
489 184
74 398
348 218
22 474
322 384
137 127
55 247
282 317
260 42
281 98
55 154
406 331
326 74
485 322
429 262
159 474
253 449
344 388
262 96
322 150
55 32
163 485
220 23
109 375
439 374
452 110
323 163
150 245
258 431
222 211
485 386
337 150
84 489
143 306
444 192
210 448
109 107
324 277
102 331
359 169
151 108
313 258
229 493
465 20
101 40
24 346
245 42
214 264
454 232
163 444
447 429
468 112
127 274
447 41
155 88
412 304
96 429
344 485
306 42
383 455
177 263
384 372
145 96
132 416
429 409
245 17
155 390
142 276
425 341
390 359
398 266
79 169
410 306
163 55
304 96
192 361
32 323
298 226
54 326
410 24
233 200
465 384
167 243
396 434
384 143
229 203
447 32
28 176
344 420
125 472
326 400
377 239
214 289
472 416
304 410
406 191
62 254
323 17
17 90
444 88
192 150
452 122
96 384
167 226
162 27
64 132
442 415
322 344
24 42
304 200
121 307
368 290
420 32
478 42
464 358
218 92
361 200
386 245
88 386
246 177
353 305
204 102
384 150
442 24
335 104
24 444
495 189
450 87
143 32
247 110
485 410
422 75
155 200
323 412
351 141
32 448
323 448
390 448
65 126
412 96
367 235
409 150
17 155
323 192
195 462
323 200
410 145
326 416
323 384
485 343
485 150
155 262
485 306
361 345
24 154
468 270
353 235
345 192
401 335
388 412
42 322
11 113
410 163
262 386
420 345
485 160
365 379
429 384
412 347
71 325
491 97
263 475
330 204
463 29
109 403
8 47
177 474
24 66
360 267
345 251
380 281
27 111
323 344
326 50
160 245
462 136
262 219
160 359
323 322
295 466
245 71
253 50
103 324
452 210
306 444
182 51
165 295
96 200
429 390
201 61
50 240
398 354
247 431
262 388
251 50
230 147
24 245
128 356
421 196
288 393
485 304
41 306
24 386
156 369
484 194
174 460
495 488
361 429
36 215
169 245
393 353
472 487
279 295
306 155
55 361
222 193
368 354
2 171
450 414
409 384
145 58
93 480
198 355
350 416
380 22
55 200
154 319
42 143
1 172
150 345
466 231
248 494
361 410
299 5
429 345
163 169
448 447
302 253
155 359
169 304
485 345
448 388
348 258
245 409
245 344
169 420
185 209
23 438
429 323
32 160
156 487
397 419
443 2
412 160
216 24
266 206
386 169
192 344
282 192
284 149
290 207
145 388
169 384
386 448
287 469
145 42
226 262
487 74
451 489
143 154
253 156
150 429
409 322
409 32
281 426
361 154
361 150
148 318
55 412
166 446
304 88
457 125
163 282
361 42
405 406
416 369
415 123
96 444
345 17
55 410
163 42
345 42
361 384
453 225
139 196
42 150
447 24
359 345
66 390
24 143
469 69
116 164
32 304
53 368
154 390
429 192
196 96
150 359
429 306
430 300
21 336
409 192
448 344
388 429
401 57
301 336
240 74
251 240
409 17
487 449
24 17
125 16
361 24
469 150
195 389
55 17
177 318
66 262
386 155
444 262
380 492
386 410
240 487
161 224
429 163
147 187
466 199
230 38
414 82
268 314
297 304
44 141
487 416
174 297
13 192
322 304
55 145
283 36
6 65
362 57
88 429
304 344
109 410
156 449
174 467
388 471
386 66
55 262
201 360
344 145
265 390
172 92
253 423
433 348
410 448
55 388
311 17
78 402
448 359
409 336
408 43
326 425
143 444
304 42
155 412
253 487
323 155
240 416
385 476
390 145
447 245
417 98
385 36
145 304
9 262
412 386
345 24
39 96
192 143
240 326
492 301
349 118
90 361
398 449
28 306
13 47
262 200
294 217
436 369
420 436
169 447
132 398
420 66
399 314
279 158
429 344
420 361
17 429
247 114
245 359
107 213
350 218
361 159
154 386
416 251
384 415
449 498
294 311
327 334
359 192
150 263
390 212
452 367
209 500
253 186
498 326
197 254
447 444
11 322
48 147
48 71
266 299
298 336
16 487
125 498
382 127
412 322
88 390
266 489
150 447
211 170
384 447
403 126
51 296
237 363
306 322
240 156
409 42
333 354
55 304
409 359
345 200
190 471
314 418
332 142
85 159
421 51
8 139
49 214
104 180
149 435
496 358
55 345
306 163
282 59
379 1
388 154
388 386
409 485
24 145
485 90
306 420
96 410
421 329
42 55
470 432
363 199
416 156
71 123
323 42
412 429
155 485
312 154
398 260
101 468
494 474
415 261
306 169
304 245
17 412
384 386
88 150
83 80
345 386
150 344
143 323
361 447
154 359
481 214
21 120
192 485
479 208
481 264
88 322
179 341
143 96
444 42
479 96
98 245
24 200
410 322
305 394
260 50
90 300
260 416
96 457
374 170
253 245
260 266
386 409
143 66
461 348
388 169
96 344
240 498
485 447
184 480
444 245
167 33
125 156
243 209
434 44
384 345
29 36
386 420
74 416
50 498
246 208
312 475
289 446
182 429
88 410
88 409
148 41
118 247
344 169
377 73
37 4
35 396
422 381
163 412
175 295
368 345
498 333
141 400
9 420
29 149
3 190
377 89
66 169
160 96
95 20
450 422
472 132
404 355
145 345
429 155
169 200
88 447
33 13
55 409
214 171
17 390
485 55
368 39
426 57
304 359
345 322
461 320
344 262
382 403
366 455
55 306
116 276
96 253
245 390
359 420
103 287
386 17
410 192
285 404
79 6
205 67
106 63
253 416
117 495
211 277
26 187
96 420
197 143
304 163
192 306
113 122
262 8
472 16
315 471
16 260
386 96
87 348
345 169
122 446
424 92
463 317
41 369
211 240
226 211
88 485
425 300
442 260
245 172
99 485
24 55
373 136
210 11
200 409
420 448
154 262
55 169
98 254
22 360
101 416
391 483
267 183
345 143
155 192
384 155
344 42
17 160
106 206
106 456
42 412
410 429
88 448
66 200
160 163
409 344
103 288
134 273
192 55
236 336
224 470
16 156
483 481
495 29
232 446
447 42
233 108
448 262
304 390
50 132
306 390
145 386
249 265
448 345
213 73
43 237
163 150
474 308
429 55
314 60
17 169
481 207
420 42
143 245
150 306
286 489
245 200
155 258
323 88
409 155
472 449
359 361
257 473
96 447
416 381
398 487
92 262
347 228
143 409
266 223
348 489
154 59
145 262
384 88
120 211
420 76
353 448
251 449
66 306
66 345
256 396
215 348
405 415
225 180
409 420
269 230
465 17
493 341
436 316
192 163
119 381
407 278
420 150
498 156
165 208
55 66
447 304
186 245
326 472
87 319
17 361
163 32
431 233
