500 250
6950 4197 7439 3280 7297 6128 5789 471 2216 2248 354 9378 2666 8030 329 81 2689 9607 2327 8292 5237 1225 1299 5045 208 9304 4343 1462 9986 1378 6711 8445 2743 1143 1394 5629 5846 1917 2839 1160 9370 6771 7882 7858 7414 2741 6582 9495 5508 767 7125 3183 4783 917 8718 1777 4387 3907 4335 1669 7281 352 1692 7567 7079 6905 4310 8713 4255 5771 6590 6288 1719 176 4300 914 8705 1022 2524 9094 5564 5772 9896 6717 9026 1878 1164 7383 6243 8723 3317 7705 8067 9766 3243 3934 8799 8242 8562 5291 8598 9361 5755 4071 37 5559 9584 651 2259 1138 2176 2230 3759 3940 2568 7461 3223 5460 627 4081 5626 3026 4434 7257 863 3322 2287 5746 9800 9803 1166 9739 3314 329 5606 9654 9854 5599 2815 6948 6628 3928 589 1952 9142 2480 5548 4527 8228 5591 5659 2710 2671 1206 8237 2397 1487 5157 5230 5363 7352 8588 2084 8674 5674 2281 2438 7876 7609 8097 3249 7461 3197 7898 3832 2699 5514 5416 44 7572 7730 3863 4765 6575 1193 4473 2687 206 4122 9215 7809 378 6249 3949 7610 2023 5784 5866 804 4969 1726 1509 317 1463 6180 5822 1772 4143 5890 2964 5745 2331 8250 1675 1312 5907 8690 225 7616 8307 8552 9872 4015 1469 7729 5894 9752 1330 6579 4931 1815 9630 4308 3875 7020 3233 5395 4750 9759 7349 9733 2156 1443 2316 1906 3628 8622 2330 177 5446 5799 404 1857 5776 3329 2855 9482 4014 9623 7611 3827 366 6536 7481 7749 5587 4838 363 720 7696 6937 308 2957 7911 3337 7120 8115 5826 3804 9933 1582 6706 6349 745 3949 4310 4558 4605 8411 5791 8511 731 8896 6257 5359 8309 7048 460 1586 6526 7637 876 3475 3476 689 4734 2268 6878 4662 5877 532 2498 817 1227 1321 9659 8644 4363 9231 6489 636 1055 2343 6633 5986 8197 2467 1591 261 6360 792 3169 1688 3084 3333 1470 2808 553 2020 5038 7698 124 2430 2435 2242 1355 180 2481 1518 3559 8203 5202 1492 1991 8919 734 2129 514 1996 969 3589 4573 2321 5052 2323 3542 5958 297 108 112 2711 2825 5134 881 7986 4616 4969 9016 1493 3396 6515 5490 5051 9905 9997 4207 8985 5601 9958 1808 179 2546 5214 8740 8981 248 5213 5748 4591 1197 2596 3275 1872 7542 6020 4730 2870 3608 6255 6795 1237 4362 412 8020 2679 1149 7150 7358 5155 6042 9399 6647 8736 6586 2537 2085 5451 7372 8238 6396 3495 2338 9496 3329 2741 2573 2235 9760 4853 8139 8106 9627 8332 653 8351 4980 6710 6414 5935 4525 4685 2945 1517 8334 410 282 2174 5719 3820 8352 5501 9223 7959 6049 4784 7612 2127 775 8491 7259 4421 1097 1747 2034 801 8085 7237 7244 6560 2876 3016 1141 5008 7743 4673 8910 8970 4985 7190 1412 815 8429 548 6700 1527 1585 580 4114 2549 4922 
122 462
437 392
165 28
268 31
225 19
171 498
49 308
438 45
149 102
94 182
214 69
354 419
361 448
7 348
19 84
370 278
393 225
438 94
315 72
371 114
46 410
495 74
476 47
32 458
198 454
7 454
157 150
163 353
130 225
448 200
52 249
94 378
409 7
50 26
149 134
221 40
214 159
500 454
55 389
76 78
227 395
356 336
348 40
256 99
278 50
117 384
84 107
348 438
33 297
219 497
454 438
186 89
404 89
135 94
450 460
262 247
44 215
361 174
84 134
392 371
62 487
7 198
198 51
47 6
348 51
182 40
127 347
438 198
348 409
443 78
347 485
213 185
251 355
256 336
436 381
278 26
191 378
402 437
454 94
454 51
448 496
116 485
370 485
336 315
431 148
380 373
174 412
353 101
51 94
314 252
26 136
258 37
303 353
461 425
122 40
26 347
26 116
240 67
308 393
94 7
350 419
144 319
278 127
402 392
409 500
94 25
347 50
348 454
239 172
347 116
198 182
461 496
128 40
348 500
371 437
93 350
418 391
140 9
211 138
291 124
129 217
130 341
227 458
361 496
47 66
93 73
495 186
28 255
318 366
347 370
152 83
438 7
406 391
333 100
271 216
500 7
409 438
40 454
60 197
174 158
402 114
9 60
180 139
107 134
370 127
454 182
467 139
500 51
51 7
427 346
317 376
182 51
278 485
480 75
56 142
76 443
225 49
448 461
370 50
198 40
258 53
415 176
130 49
348 198
40 500
7 182
28 128
389 328
217 30
305 185
367 397
377 341
450 397
427 37
448 174
374 175
203 323
148 390
70 176
116 127
103 384
409 51
379 452
314 320
437 114
423 138
461 361
198 155
231 178
461 174
500 198
267 130
47 352
40 409
154 22
500 94
135 69
315 29
485 409
438 182
500 438
130 308
114 392
409 454
51 40
7 40
116 278
334 158
94 40
235 383
51 438
171 194
350 489
182 500
348 94
476 163
33 34
50 485
136 117
496 174
130 393
43 274
371 280
347 278
198 94
50 127
287 459
170 284
28 6
393 49
398 370
308 225
60 140
182 348
416 452
198 409
64 57
409 182
400 363
94 409
46 51
303 101
26 370
116 50
402 194
371 402
127 26
77 451
438 40
116 370
