20 190
11 8
14 1
20 11
10 4
15 13
14 4
20 9
18 3
14 5
8 5
18 8
13 3
14 6
16 5
17 4
11 10
17 12
10 6
16 3
15 3
15 1
17 5
20 19
16 9
13 6
20 8
18 4
12 2
15 6
20 14
9 5
15 10
13 10
19 10
6 4
16 14
4 3
8 4
14 13
9 1
20 2
17 11
9 3
5 2
13 4
13 5
19 13
15 12
15 11
19 15
3 1
12 10
8 2
16 1
20 1
15 2
7 4
15 5
6 3
5 4
14 8
17 2
20 7
20 18
17 1
4 2
11 7
6 5
19 3
16 6
11 2
10 7
19 6
20 17
18 6
12 4
17 3
19 17
18 12
12 7
11 6
13 2
19 8
14 3
18 14
20 5
20 6
17 6
8 7
18 11
9 8
11 9
13 7
3 2
14 7
15 14
18 13
17 15
9 7
18 15
18 16
20 13
20 12
19 7
17 8
9 4
12 11
13 12
11 3
18 10
13 8
17 10
12 1
13 9
19 18
17 13
18 17
14 11
17 14
16 13
20 16
16 4
19 11
16 15
15 8
18 2
19 4
20 3
12 3
14 10
14 2
6 2
10 8
14 9
5 1
6 1
12 8
8 3
16 2
16 12
16 8
19 12
14 12
17 9
13 11
19 1
19 9
4 1
2 1
17 16
12 6
7 1
17 7
19 14
20 15
7 3
18 7
11 5
10 5
19 2
12 9
15 9
7 6
9 6
7 5
8 1
16 11
18 9
11 4
10 3
15 4
19 5
15 7
5 3
9 2
10 9
7 2
8 6
20 10
19 16
13 1
12 5
20 4
16 7
10 1
18 5
11 1
10 2
18 1
16 10
