3000 6000
39 1723
239 2439
2856 2801
2366 2296
1451 623
2854 1110
1143 282
2538 927
2946 2294
2998 2685
2977 1902
656 1916
458 1325
1882 2242
726 2290
2447 591
841 594
1908 245
2612 622
457 869
2534 881
1224 2894
1598 2592
213 1123
1579 2073
1630 2415
280 1511
389 2654
330 1180
2332 1271
1115 2142
2929 1103
653 2408
338 867
2599 781
2098 1218
1684 1710
261 949
2748 385
1872 11
1674 154
2820 2512
240 1189
2805 1947
24 1340
2534 408
1021 2579
1984 1966
625 1069
570 836
168 242
1250 2645
620 1737
701 332
2923 1782
812 67
566 1201
120 755
2051 1627
1335 2971
2525 579
47 1541
2459 2282
2531 2145
2582 436
2668 2170
2815 646
977 2539
824 102
1769 248
1825 2027
808 2307
2727 2268
2641 1063
48 87
1748 334
1114 1185
1760 748
1892 2499
1362 2144
2573 1661
1255 1481
20 2983
2822 2830
1911 2457
249 2168
1912 1480
437 721
389 270
448 848
2855 1499
2756 2846
2205 170
817 2566
2002 2930
215 561
84 1288
1675 855
2015 1800
2666 543
2561 2962
876 2368
87 2855
2523 1734
1456 2265
1469 1104
1776 1149
2941 2187
2744 1285
617 126
148 2624
1392 530
133 1707
1066 2317
2176 1888
2028 242
54 2955
2483 2172
2702 1749
1457 1754
1592 862
815 2318
795 2656
66 1025
578 2793
1889 605
2209 412
2677 506
335 489
121 2032
2631 2259
1373 2247
2967 1062
2158 494
860 2122
2576 1941
365 938
2694 1898
416 2101
993 2672
2082 905
1312 2989
2979 2363
1959 700
137 1709
1259 1653
2724 388
804 1533
10 2201
1476 1510
1579 1270
1855 892
103 2766
1036 2962
2055 1791
2299 645
2 1126
2127 2528
233 2333
2533 1975
589 738
1454 202
2479 2089
530 1279
2728 903
2573 773
2858 1364
911 2625
807 914
2094 215
1113 2495
1127 1338
913 911
2365 841
1427 2073
1337 1619
1802 338
1938 2407
2136 81
2702 2528
1193 550
2610 2728
2681 523
999 2810
2235 2238
2078 2627
2204 877
2102 455
1223 1010
1315 1593
1537 2682
712 568
2488 344
2200 701
1688 1863
114 2077
1150 2478
235 2582
2944 2396
2552 2095
2517 2547
292 1316
1393 2611
951 1687
2404 343
2752 696
2452 938
2412 1302
2959 1320
1824 2665
2037 1616
195 1073
2101 2759
655 1211
2296 987
2642 2008
1379 1605
760 2105
961 2607
2043 592
1296 902
1549 1670
274 2401
2061 2055
2823 1784
2809 1029
1073 1872
1019 1725
1920 948
1103 2870
63 752
1212 2611
383 2685
2065 1967
634 1782
2921 271
2571 2630
530 2858
92 2314
227 2160
288 548
1020 2788
2898 1037
2834 1790
2845 158
299 2509
1326 2715
382 2942
615 131
1047 802
126 2739
770 2360
965 424
78 2016
1674 1491
812 2048
698 368
2808 301
298 2675
2991 1008
878 1425
753 803
309 1464
1914 2699
605 1904
1803 1213
2595 1172
1414 1033
1582 1251
1602 163
1541 2615
667 1323
157 1522
782 639
807 1334
555 2766
1690 299
2540 1782
2525 1827
973 335
1872 616
2989 2954
2651 1165
1084 560
2822 1261
1301 502
355 1525
2510 509
1905 2012
109 2019
643 1354
694 2994
1713 2290
1682 2969
2164 2403
1370 1619
1071 2603
1516 2263
653 2683
1885 526
1222 2858
328 1071
838 2178
2006 1418
2247 361
1214 2581
1773 1537
2447 2383
1514 751
300 1806
332 1168
783 1859
2924 1787
1321 1747
873 2438
1632 2277
1844 451
2930 2395
1084 1870
1154 1847
1853 1804
2777 2734
1309 1917
334 2920
727 2876
2233 1888
188 489
1836 678
1518 2585
1595 716
1334 1451
1710 2476
1889 712
2612 1689
2175 208
1130 244
1157 336
1037 486
1883 2088
1212 1719
815 271
114 747
267 2602
794 2019
2469 731
2091 1634
742 466
2446 1868
622 2054
134 2540
1942 1312
2056 42
1029 2450
2722 2733
807 802
2345 399
1610 1344
2598 1582
1859 2380
2793 2363
297 1474
816 225
1016 2166
577 201
2137 1008
279 2052
2128 53
1850 2765
2335 573
122 690
1609 2022
636 2372
2472 2186
1134 1354
699 450
144 2487
1050 2014
35 1583
1060 2777
1711 1302
132 505
2623 219
1463 2430
2912 2475
841 2256
2011 1124
1801 2366
934 119
434 247
889 353
1507 1744
263 1741
145 2843
2804 1946
458 215
1631 877
2134 462
2000 420
2122 1126
1283 776
613 1350
189 1302
2575 1327
1958 2226
1750 2053
1128 1812
682 2153
48 778
828 2627
1202 47
1547 508
2225 275
2735 2657
2799 2293
497 374
2106 361
1314 1106
1785 1632
2107 333
2533 1482
885 526
2835 2220
610 2260
192 1531
1948 320
334 760
1573 481
1559 833
894 2497
2367 2850
2196 770
703 2685
1440 2000
878 2245
2021 2268
195 329
1527 437
2017 1663
1123 1998
2874 1532
1881 1391
559 2433
769 1188
102 539
869 2783
1142 2023
1043 1357
799 1077
1087 2915
1109 370
1390 1464
1119 2933
2037 1957
1242 2708
2267 397
1372 2593
2908 480
30 808
2584 691
737 1011
1819 373
1052 2236
542 1185
2764 2845
2414 2807
1374 2014
2268 2283
2353 2847
533 2088
1336 2071
1539 1865
142 2067
371 1298
922 534
1680 1733
446 2435
2664 2100
2282 65
717 539
606 1615
183 1583
896 1062
1161 2825
587 1108
1809 2250
1377 2394
2651 254
745 1848
680 2728
436 2777
2403 400
1389 519
460 740
2344 1420
2737 2939
2741 885
2986 2661
1084 358
555 2954
450 89
1183 1360
1469 35
67 1626
685 1484
2841 1167
260 2978
79 671
2367 1510
327 911
237 2091
1520 914
1991 135
245 1420
441 2818
620 2216
681 456
1809 1413
2045 465
1396 1279
105 2942
1464 2307
2409 2419
2022 107
1588 523
2986 2635
2218 1857
1435 2002
287 159
1217 2291
1960 1736
1506 1918
2189 1671
2438 2785
2720 2470
1764 347
2022 76
2220 775
1387 2000
1454 1143
2435 893
2219 218
102 2796
835 419
1499 86
1526 1898
424 142
815 2492
2297 824
190 150
2975 2836
445 1593
2627 24
381 1164
1492 2789
585 2355
2860 575
2411 927
1962 833
2214 1947
2908 294
2093 585
874 2905
2594 809
1427 236
712 937
1242 397
1997 1136
753 2495
1819 1934
2273 2562
1606 1443
2529 2321
779 91
1893 1375
1126 2287
1897 2578
2204 1774
142 1150
1643 1822
2179 225
1790 1033
2512 2919
2894 225
871 2716
2933 118
1309 2473
1621 1662
512 1177
1905 658
1016 25
266 2186
1258 1424
444 829
2315 2372
2674 486
562 2796
503 325
1034 525
2822 2441
630 251
797 1845
2966 122
486 1756
1985 2948
1134 2005
1243 1754
2545 1622
2729 1651
2766 138
274 345
1382 2690
1224 1752
1531 2209
615 847
1455 1475
782 1967
1243 1992
636 2115
1737 365
2301 2099
483 2477
205 2043
1629 2848
2379 397
1952 2354
386 55
2449 2324
2452 2039
2154 1552
552 2846
2144 1743
1254 1251
2469 1915
1200 86
2662 729
2683 1306
1263 2959
1630 170
1325 1282
1459 2113
1620 1783
580 259
2235 523
2175 560
1253 225
1396 1817
2457 1610
1383 1622
1508 1151
98 506
1229 2374
301 1075
849 2642
2200 24
1729 344
391 569
1217 2446
2807 52
314 978
265 1537
466 363
1028 2302
2714 725
376 2550
2992 2328
25 473
1854 932
1424 720
987 1262
1688 281
849 2761
2703 290
2023 2935
1276 1425
2479 509
2928 2128
1874 2040
1816 2915
1379 1506
2618 1393
1617 228
1469 470
2937 612
2502 630
2484 1803
1825 2564
141 1029
2332 1344
685 2997
218 2693
2738 1261
87 620
1549 2883
1151 1896
2436 2462
132 266
2448 1704
176 453
2863 1303
2623 2746
1284 2706
1665 1764
581 2472
1390 1273
2149 2254
1890 2499
1780 1089
2996 2332
2468 1416
218 615
1317 1057
2815 2370
1075 19
2143 1003
1158 2235
514 1511
2091 2242
1520 2389
1057 1310
1860 77
1190 1720
572 2870
2811 609
856 2434
901 2072
1688 2772
366 2841
1739 670
228 255
1701 1495
2639 1760
544 1505
1513 2998
191 2291
673 2216
2367 1716
2488 2472
567 1650
1184 1904
738 360
722 2078
2562 801
1447 714
2615 1044
1697 2908
896 2349
1267 353
2793 268
1686 1541
2574 2457
1517 1319
710 2398
1715 523
740 719
772 840
122 287
1401 1305
1559 1482
872 1703
1563 2447
2644 2557
2568 4
2520 830
2140 1978
2882 1748
516 1112
358 1780
98 290
1679 1430
1906 988
358 1202
1666 1083
1708 796
1192 2657
1402 170
577 1664
2523 714
1582 302
792 1688
945 606
1437 1807
1193 1559
2946 469
1075 108
789 2683
2210 536
1477 2603
2128 383
1546 2103
1765 2179
11 1390
590 317
2624 2412
2594 2772
2690 1431
1674 861
1751 856
1271 1949
250 2047
2896 2561
2515 2285
1283 585
579 1334
676 711
115 1512
1837 773
125 515
2413 759
2370 1633
2747 868
2574 2652
2964 2093
361 907
1436 2688
1687 2115
1457 948
162 1534
2086 2250
2399 1499
1655 2152
982 1820
992 1885
1918 1511
723 1733
481 1838
2746 222
1483 2086
329 2985
2097 2722
2936 1284
2352 507
1760 1561
635 2897
531 186
1049 583
513 910
781 787
2840 2888
712 1006
1147 2418
509 1063
1782 123
675 952
689 2669
1624 817
2740 1331
2628 2431
1746 2903
668 357
2089 1386
2392 957
409 81
1207 2645
10 1311
114 973
179 1199
1374 831
2840 2757
1853 2726
1372 2647
743 21
1143 5
1045 860
2002 2642
2063 406
793 103
278 1564
2071 1307
1860 2766
1161 369
1875 2505
2955 336
1292 807
928 1157
705 1493
2577 1883
781 2262
163 551
2114 2230
2981 2426
2218 1272
1858 416
1466 20
1709 1970
2100 1280
970 429
1269 2828
1557 607
2847 777
1077 615
2367 2293
216 1219
1433 1598
2141 235
1562 319
1318 1754
2671 1679
1365 2659
700 2510
2096 347
2424 996
912 1374
711 1723
166 1362
1455 1869
343 2914
423 2583
2770 238
1461 1445
1911 2054
1567 250
2051 2645
1949 1611
113 1096
1941 1900
1491 2275
2158 2903
1177 428
2137 214
2145 251
596 2093
39 817
209 285
2663 2186
760 2947
1561 2918
1520 117
1324 1763
2483 858
2695 2134
595 2822
1484 460
2927 2443
2517 295
2163 2297
1955 2434
2351 856
2037 2344
1974 332
958 507
1985 2053
506 2763
797 78
226 374
2771 311
2958 117
1055 2620
2843 398
1259 1867
246 834
389 1948
2007 1996
1398 398
928 2945
2716 1453
1128 1082
2930 1049
2651 1263
2686 28
2717 1237
2908 1810
1543 1086
2393 959
2977 281
2443 869
625 2070
95 1156
1347 1192
482 1140
401 1462
2884 1464
516 197
218 156
924 1053
1228 1092
164 1999
2054 1165
114 2035
666 2630
1702 2613
901 2710
1480 55
1545 914
1663 377
948 1493
327 2007
607 2916
1643 1027
1305 156
1276 2159
2909 1430
1576 2727
1201 1227
1358 2793
1376 2546
1473 2457
1891 2771
1659 849
2451 1721
1052 782
2970 2782
443 292
2763 2108
901 2081
479 2480
1451 545
2666 683
136 919
2477 2910
220 477
1013 742
1387 2186
732 2996
1034 832
510 210
250 2837
2790 1302
2205 447
1914 2996
2857 773
2860 385
451 1861
1187 1023
1133 2054
1770 848
1435 651
2975 2383
2715 2449
111 2367
732 2095
96 917
2864 1838
783 2934
2324 657
2371 155
2719 1060
169 2434
1297 2234
305 1009
31 928
1872 16
1996 42
1184 215
834 2289
2246 1267
2441 942
2802 1715
2215 865
2852 2712
841 2076
357 1825
1336 254
1188 2950
2040 1239
1138 407
701 2268
1872 2881
2687 980
2471 515
1831 2653
1256 374
570 2781
1205 2387
958 1296
1271 1540
2283 2974
618 769
1964 2303
1070 175
1517 636
2952 2442
887 769
2224 422
2547 400
1420 176
131 2295
2325 873
1855 491
327 2320
694 2595
1679 1309
2971 885
273 923
1730 1187
264 1900
291 2555
1761 2355
743 1577
2913 2621
1408 295
2294 776
1102 1746
932 2137
2751 2025
2410 2613
2894 7
708 2003
480 2618
1498 2095
2707 949
584 1404
1784 2840
2799 1224
2826 1682
1828 1925
359 72
575 746
1215 2568
2463 781
43 299
1373 1012
2439 1867
1430 494
2179 397
1845 246
838 966
2680 1703
2836 676
441 2031
107 2944
2151 212
1280 1832
958 169
1887 2131
61 226
1002 363
2887 2682
2849 460
445 937
1691 408
1386 25
708 2338
262 550
152 331
118 986
655 2638
2668 323
1306 1810
2123 1105
1405 2217
2543 1349
1693 545
1074 947
819 995
1953 1593
2897 159
641 1464
309 1247
412 2222
924 858
2176 2416
2489 2061
1226 2591
1598 2103
662 2324
698 2488
715 2782
2667 2534
2501 2075
2382 1183
218 2084
1005 601
578 1303
40 1393
504 2871
1599 581
1638 619
495 1416
2808 2111
1339 1239
1688 1538
2637 1569
1058 881
1805 1952
1720 588
49 65
2873 1918
1478 1659
2381 1344
174 1910
2052 1850
2418 974
2048 1683
737 1788
2928 480
506 1270
2687 1293
1431 2229
580 1964
1707 125
2963 1659
1669 1432
1380 1985
2501 591
1682 2421
2926 242
95 2803
1412 430
1630 936
384 216
1465 183
99 954
2972 786
2231 2889
658 397
2532 1509
1214 413
2265 1180
1268 30
2585 798
2865 1392
1385 1540
2577 508
1334 331
1592 2594
1548 668
131 1161
2837 1924
463 1075
830 2987
1730 320
2465 1080
1369 693
2502 2520
666 1309
1267 2202
2227 937
742 274
2202 2829
2264 1550
1054 975
212 2834
2470 1052
2536 2440
1833 2334
1660 603
69 981
945 169
2076 2129
2452 1289
2300 1917
2338 1812
1814 1965
1438 764
1578 2779
2537 2645
1656 962
769 1532
1858 1288
501 1494
1504 1309
2792 1422
2084 2032
1669 2781
2664 512
1826 693
1964 2374
1847 2609
1588 2396
1712 574
2609 354
1745 1227
2951 1009
1250 2279
2271 818
2060 2841
1278 2426
1707 2989
1710 439
2660 894
2443 2934
2744 2424
280 416
2402 1280
1027 1384
1517 927
31 2404
273 1338
1241 2142
1864 2877
517 2228
1796 1847
2241 229
1060 1623
482 345
663 1175
942 355
1200 533
2242 363
1634 763
525 1286
677 1888
1948 898
2529 704
2279 640
155 2641
1468 2774
854 20
395 830
844 1208
1538 352
2213 1432
1370 1350
1359 2155
137 1268
1895 272
225 2765
1655 2066
528 925
2176 236
730 1501
1146 1789
2597 683
1634 1209
723 256
2762 650
613 2549
2639 2657
917 1220
1032 1172
2853 285
2866 2573
1182 2940
92 1207
1540 1908
2671 471
2312 2947
1197 2811
2742 250
1791 146
2657 2875
2623 568
1971 1087
1525 2066
2993 646
432 1852
2645 547
2483 1179
974 1195
267 234
814 1068
2494 1746
2355 2119
1846 2617
272 950
2309 1031
2612 2976
1411 2514
1779 2073
2478 340
2452 2596
2650 1040
67 173
2705 1160
1320 2241
101 2017
1784 2431
1612 1523
1242 1423
1266 541
692 2530
125 1757
686 2782
2749 1257
1735 1396
1131 505
600 2729
1180 2461
502 953
517 1783
460 287
153 1325
712 1530
89 390
500 2119
44 2573
2800 2493
1503 2477
2958 1538
902 1346
1670 186
371 414
1724 2228
462 2580
1470 2363
159 2470
314 1296
392 665
1696 373
174 1406
1643 2315
1401 1349
766 2504
2194 1341
956 2582
1541 2815
481 1563
415 2752
1327 1440
2506 2193
20 1396
430 1935
18 1247
2962 896
1198 1988
1211 1611
630 1533
2204 2825
2820 1076
1511 1608
1656 194
979 1189
2126 2140
431 2057
1595 2900
2029 864
798 1727
1386 2400
1692 1029
1342 1308
1212 808
799 1450
2173 1672
1491 2503
796 683
253 477
2554 2412
935 2291
2934 378
2914 925
1463 1872
2625 2020
589 1817
1573 2496
2368 1117
2724 2446
1633 975
1259 474
2664 1437
1406 353
357 1777
245 1780
2291 1746
2770 1644
1065 365
2616 2407
779 2367
1526 1613
1937 613
2860 1041
2063 659
2174 279
2117 1264
1774 1700
2175 612
2806 651
2999 2163
639 2230
2489 1550
1020 2104
2744 1272
1546 495
1911 1171
908 149
2291 951
2377 2897
543 1402
625 1356
455 1334
713 1833
298 1800
1115 2760
2818 425
2770 1995
1989 1213
2556 1448
561 17
2504 658
2371 141
282 2710
1625 2853
1508 400
1721 883
728 1300
2041 1329
2540 681
305 531
2236 2311
2206 1464
1838 1629
80 2943
962 2422
1405 2910
81 2885
2191 577
1336 565
1284 1652
2197 1129
262 2205
2697 733
2562 1886
1206 765
2684 811
410 1013
1691 2243
996 535
1800 1441
1695 28
1301 2099
2590 357
2316 7
1935 996
1445 1849
2339 710
276 1032
2228 1155
2538 1384
687 1739
2139 2540
820 541
865 475
956 1658
1103 2902
851 2683
1800 2634
670 1668
440 813
2815 1657
1115 2872
2694 2989
2861 1970
1354 2559
626 1931
2984 2749
55 1486
2755 2757
1384 2932
221 1757
1155 351
2701 1831
2357 718
1450 233
708 1768
1583 452
901 1611
2743 357
1023 2081
1283 404
776 573
2121 149
334 2356
1447 2262
2808 2533
2248 705
2110 1590
2390 140
2190 2344
618 1035
1481 480
792 861
477 1481
2990 223
2756 775
2630 732
2773 356
1913 2435
1793 2106
999 1528
1689 1982
1357 1044
1335 746
702 704
1650 2172
1813 550
2029 2997
2633 619
1346 1203
1962 201
803 2875
115 1577
1769 2532
1665 2177
465 844
2155 838
1484 1056
2819 1859
2877 862
364 2819
2689 2019
2539 831
914 2784
403 2947
148 2315
1748 1305
1052 141
1940 2788
981 5
1241 1891
1133 2828
2069 2133
1711 546
466 2955
1770 673
976 657
787 690
2022 684
606 562
877 2882
2051 1583
2923 1426
2910 1394
2102 2694
2455 640
1759 405
724 2665
66 2707
492 1951
1387 364
2493 1138
2011 2371
1559 1036
507 2124
795 171
2400 2656
1823 2308
1088 1171
699 2797
2316 434
1073 2128
2366 2350
1688 1306
1581 1356
1009 1517
1462 2305
742 2750
1885 1808
920 32
2037 834
1152 920
2260 451
1600 2100
1866 1379
722 2875
1164 2887
2081 1779
228 564
1152 18
2219 1424
2280 1824
1058 1916
1429 1450
2117 618
1915 1919
2905 1494
2261 1939
384 1434
46 2915
2674 2737
731 1667
2174 678
793 744
2770 2899
2227 678
231 796
1687 252
872 1126
682 1894
2940 2241
889 2575
202 2838
993 966
2341 406
2729 865
2184 2188
1231 2047
211 207
351 1379
2975 1696
2707 440
2271 31
1680 705
87 2093
1309 2168
2153 1430
1786 1215
1270 382
1366 1050
1106 2663
2745 1536
91 595
404 2856
1315 1094
2733 138
1084 1424
599 2301
2867 441
538 2114
1912 236
103 1446
2269 1729
1614 662
2245 1191
1379 1609
1296 2848
559 2966
2652 955
115 1474
1933 175
2514 674
1592 487
2663 1896
1724 1649
1141 694
1579 686
2838 1919
2672 823
1518 1691
753 1208
2480 575
1166 2344
1465 2935
74 213
1748 1544
1386 166
2102 841
556 139
1571 15
1186 1674
2200 2653
1343 1717
1203 1854
2385 1459
1936 2594
743 1044
101 1977
917 2333
824 330
894 2077
1600 1520
937 887
2737 1700
1751 1603
1980 157
236 469
1261 2422
1252 2043
1639 1234
2376 2021
2141 2485
1889 2482
1891 2206
1085 1000
1133 914
2903 182
1717 444
2187 937
1491 363
50 2734
2992 1202
35 1585
699 1431
2844 2900
2264 2919
1183 1511
2774 691
1423 2805
1176 285
1381 1642
1646 1241
1686 219
1829 1454
2448 994
2804 2229
1277 1926
696 1837
2078 1661
1491 1797
2212 2945
1184 2381
1819 1197
770 551
833 452
269 128
693 74
2293 2919
315 2075
1646 1793
2135 2539
1412 2118
2815 118
860 2653
110 1252
675 2763
2711 319
2717 40
1407 71
200 280
2630 2371
2162 1838
1014 1992
2761 851
2421 2753
1330 2510
1072 2101
2883 1238
2841 609
5 320
907 63
2892 2015
2714 2102
97 2230
2473 2121
1666 1041
1118 2544
600 1945
512 98
873 349
1124 1954
1487 2111
1260 1603
1922 1458
1250 1504
1561 2679
492 1198
2382 479
1624 536
1075 1763
1185 2817
903 2337
1090 2538
1773 1777
227 2858
2519 1179
2106 1466
2711 563
2035 513
1527 2595
1267 208
2714 2155
993 1068
1449 2508
2863 2407
2082 2896
2120 176
1711 1201
1898 2851
323 2021
141 245
186 810
300 1223
2809 603
1212 364
763 1698
1835 331
1326 944
1180 2725
998 1509
1879 2490
2768 2972
29 1953
722 1064
1381 213
2873 2739
345 2407
426 73
1133 1058
501 2341
2944 70
2599 2474
2227 2601
1247 2685
2226 2160
995 420
1377 1745
2996 2653
2002 2654
2400 2692
940 1565
1958 2142
333 2572
2391 1315
891 1707
2795 1813
1559 1219
529 614
203 517
540 2088
1718 2489
10 2940
1389 861
2846 625
2068 558
809 2550
230 1291
1636 1980
1777 91
833 581
1278 555
2843 1359
24 553
1419 1156
546 1252
948 300
2877 2675
1209 1273
1130 468
78 711
2901 1974
613 2657
2932 2494
642 2255
455 1604
1800 534
863 2548
2549 50
947 258
2195 1453
2601 1702
1433 2847
2570 2221
826 2766
2449 918
972 1630
813 2671
4 696
1981 1960
928 2580
84 115
476 2400
166 380
1497 1333
113 1310
1387 1958
1663 1236
706 2832
2603 287
2692 1912
609 2688
1184 185
292 2163
846 339
2874 205
1661 1530
1490 2422
573 1666
2802 1835
2487 3000
2178 798
2354 2485
1893 776
1391 1303
2352 2166
703 1408
2739 222
1427 297
161 2049
1763 2935
595 2713
2227 2677
1441 2078
708 2843
2339 2797
2071 1508
2437 372
1288 831
634 2651
96 1857
2906 77
1890 1557
2919 2542
555 2092
956 2159
2980 1642
2687 358
2921 2083
2809 2484
1791 2993
2139 2156
714 1017
1131 1170
2212 1100
1327 1252
2645 845
1993 248
1047 2123
1788 490
641 2507
2854 240
2855 2479
415 2036
328 531
1409 1037
800 2398
2887 1112
1862 2361
1371 1340
1520 1803
2899 974
542 2464
2980 247
2637 798
778 1017
278 432
135 2231
2046 2478
138 1430
942 1061
2161 2562
1845 2092
994 1190
413 2650
142 1595
899 1087
2303 2568
2811 2031
108 2717
1884 1518
43 54
2664 267
1254 2843
271 216
1169 696
2244 1100
162 2465
2336 559
122 1545
477 725
2371 1563
637 48
515 2383
1389 2630
1792 2312
1148 1359
60 905
825 603
1612 1610
1620 427
147 2735
2394 641
2148 703
1047 726
1263 2349
152 626
1091 848
2623 93
2302 1996
658 2318
625 1898
1853 1703
32 635
1159 1987
408 2383
2547 2400
1201 950
2537 1279
2494 2099
1820 879
666 2759
1212 1021
278 1500
2039 140
1689 1992
1523 498
1535 1739
1256 1196
2485 1367
820 2761
1091 711
2502 2836
482 90
1263 318
521 2695
1094 716
2067 2011
2651 1019
779 2398
974 1474
2955 819
33 2515
2393 1015
1211 2315
2435 2890
406 135
1676 977
1372 2968
471 2940
2918 623
2116 1438
604 182
529 343
676 2872
2851 1712
1276 1906
1941 46
522 2928
711 467
2407 1964
1691 2169
735 2903
1892 1670
1805 1219
2832 1418
988 2072
2880 986
2992 2486
1605 1153
942 1963
621 905
2930 197
1510 69
2704 48
2643 1255
1597 968
548 2993
2838 1162
1571 409
1585 2601
556 1795
483 2663
1052 1276
1193 2247
102 1752
2627 2885
2162 135
1982 1587
247 1531
2578 685
1978 1701
2435 949
2632 237
2195 1511
2720 2804
1024 462
2428 2415
1089 217
745 2309
2207 970
2925 2943
282 740
649 566
2082 96
2832 953
287 2653
919 2972
2571 1149
1284 1574
734 1354
1219 1014
1106 2115
719 2611
2712 1971
2247 1771
2170 2868
930 2674
211 112
203 793
2940 110
664 2912
1729 72
839 2211
787 1112
2178 234
135 550
1126 1444
2807 667
958 2788
2703 2470
2717 2516
2514 2884
764 1393
2702 1709
2280 2645
2406 1131
1167 352
1015 2038
221 1562
469 618
706 747
2526 2424
135 2847
2007 2702
2769 2563
1166 1444
1492 2516
40 1427
1099 2487
187 1889
815 1268
1087 1232
95 344
2169 2833
2719 2815
1064 1509
1820 2409
1947 2661
1582 1510
2882 1117
1959 387
1885 2184
547 1898
2610 1423
1168 440
2155 524
2313 1234
494 48
917 1756
2503 1749
2861 2446
619 1901
2726 1100
726 918
2444 254
1976 928
664 259
92 1564
1731 2325
1921 384
1923 1139
1700 994
221 764
1205 1218
1900 2489
473 787
120 2295
2480 1810
1659 1479
2104 1574
1640 2929
898 1177
1813 1301
3 2736
2835 1436
269 1164
1875 2148
2975 1495
2395 1287
91 178
2562 1155
519 1076
304 1243
2358 610
873 1736
303 102
1659 783
86 2775
1286 577
50 1465
1756 2132
1551 177
1025 483
2508 911
1797 400
928 2115
2983 2196
1297 1638
1932 1614
333 2513
417 1011
2460 88
237 251
1350 532
1058 434
2345 2648
1334 63
189 2728
2932 2374
2116 371
2561 295
1020 1459
1732 2778
1911 936
397 2230
2245 2784
1594 530
3000 805
1677 790
24 1443
1826 558
2752 2869
1512 948
513 2588
645 638
1989 1485
2231 2727
1807 1050
1169 2084
1449 613
2962 598
2606 2809
732 266
489 773
460 1794
1350 2105
1845 552
583 2407
1410 976
2914 1042
2540 2360
1377 2058
992 715
1257 856
1677 28
2448 484
836 1422
1920 316
1417 2186
2249 599
2473 921
862 578
396 2314
1831 591
2789 389
847 2249
712 2042
671 2605
1668 1258
1242 504
1897 1157
1890 2350
331 1665
1363 2967
1559 253
1047 1310
1245 2539
1930 1382
1479 2386
470 488
1049 253
1370 2776
2818 969
478 2528
722 380
163 57
1260 2441
2976 2710
702 779
1640 1305
790 1845
1866 2601
1943 976
289 1099
189 882
2694 2670
2765 310
1370 1691
233 477
1160 1424
2795 797
786 277
223 2001
2659 1560
1077 2460
1821 2084
2535 2666
1372 1328
2912 1433
2971 2429
2342 162
2909 798
2618 2545
2335 2683
2430 763
756 1557
166 760
1944 1208
497 293
2266 47
225 2145
43 2300
2474 1505
1748 952
2600 2003
608 2624
2316 2808
1973 729
3000 303
1585 1813
2832 1713
754 1604
2988 2621
838 2348
1587 843
2180 198
2090 1535
1811 441
2614 1410
322 514
1398 934
200 520
1972 1260
1189 2091
870 1756
1272 1841
960 2102
2626 1659
2588 1986
2962 2351
1253 857
931 767
1487 2961
2923 1915
915 1016
174 2122
2339 2226
2275 505
737 236
1612 1758
668 2006
2612 2007
1285 1914
2060 2166
1703 2563
182 2884
1046 136
30 2333
1641 183
549 154
1435 1328
1600 1017
2558 2824
2497 1999
2521 2138
2212 2617
1171 1985
1957 1723
2608 2239
1424 1883
2941 2520
1424 1053
774 2571
1204 1251
2184 584
152 2529
1411 768
2344 1109
1136 1930
1594 2788
2796 2136
1708 346
331 977
1187 1428
1985 244
2606 973
2317 20
2218 1199
1039 1842
631 65
2619 1640
2331 1724
950 1472
598 1504
2792 2080
1894 2912
1523 1160
2500 1029
1507 2134
318 1875
959 1997
2870 253
1487 231
2923 2418
694 903
702 1123
1394 1033
752 1883
1874 246
770 616
2887 2534
2021 1905
2221 588
972 2050
2164 794
1662 1245
1171 2051
2000 937
1516 793
2499 2877
2622 2704
793 1270
2830 2330
2910 1513
1031 541
1021 1542
2189 567
1736 48
900 266
2956 2210
1478 1094
2668 1192
2980 746
2765 324
2644 241
2202 43
1261 1265
1192 789
2119 2327
133 346
1598 2744
653 1413
1105 2909
2861 2315
357 607
2732 1835
1728 1842
542 2778
1771 861
307 2705
2447 1637
1423 2585
2003 1987
1708 1002
2628 1958
349 2398
2935 2882
1723 1568
2451 1866
54 73
1651 1483
100 1743
1602 962
2166 388
2719 2803
1291 1200
211 332
1852 1068
1337 1172
291 1712
902 1357
1550 2415
1497 1358
504 402
2916 1944
1569 951
395 2448
2236 2839
2197 2422
2178 575
25 2025
366 898
1563 49
777 1718
471 1764
414 2922
2820 1544
328 119
997 1416
2946 827
1132 1953
2960 1995
2696 1058
837 2247
1481 892
2356 222
913 609
2322 1697
1837 1953
84 121
940 2791
229 128
975 33
643 336
634 2862
2755 1541
1834 98
681 1268
216 1723
277 1279
2365 796
306 1207
2094 1800
2705 288
2473 173
726 1179
232 1040
1105 1891
295 2854
2983 2726
2937 1672
546 1629
2935 2513
2718 2820
1339 578
1685 2837
1866 1802
1702 1972
608 2161
506 409
1321 1637
2255 26
1933 1265
1392 2452
1419 865
436 1093
2689 615
2686 2007
1987 488
654 2526
10 2814
870 1082
2175 672
2047 1557
1216 574
700 1987
1634 1628
55 1485
2345 58
356 147
2323 2070
2459 436
2395 335
993 753
2181 2095
2441 1524
197 2899
86 1307
2125 2492
1213 131
6 2968
2713 218
311 1808
343 2599
1564 2272
11 1880
2928 420
2338 1425
1423 2197
2730 2338
2885 1067
327 399
1123 559
1807 173
187 2545
1136 363
554 294
880 2532
2421 2208
2165 367
479 551
2823 1221
2794 1452
1891 243
1092 2707
145 2318
572 2996
392 2470
2573 2061
2024 2922
474 958
2584 2904
1458 2409
593 2242
1375 2243
171 1814
1465 2026
2471 1575
1120 1537
836 1661
282 1526
934 2660
2658 1460
852 1775
282 1799
1336 585
2810 814
1925 2767
2113 1288
2388 736
1291 1997
2607 276
1459 2456
2082 1457
2747 2561
959 402
2131 2334
1241 519
1662 2363
2451 1238
1851 1125
2401 2165
1818 684
359 1504
165 2335
1249 1197
393 1181
2251 821
1885 2443
2002 50
2691 175
106 427
1564 1241
194 691
1049 1652
1069 1215
1599 530
2786 2760
2603 1250
918 1450
286 1276
448 678
1850 1623
2014 603
1958 1663
2558 1321
2071 1746
495 968
768 2798
369 491
1154 1206
1114 10
1103 1903
275 618
1372 2112
2466 1293
1942 1316
1633 37
2934 12
639 113
1687 3000
1990 2464
719 2344
405 2810
181 801
1558 1973
1722 780
1898 308
2499 1023
1868 1702
2510 433
2468 76
82 1348
2973 535
92 2896
1936 2569
2567 715
1058 836
2036 2559
2948 939
571 150
770 2721
2369 686
2030 1393
2946 1450
13 907
1504 983
450 1626
1988 175
314 2732
1645 1689
2312 1867
887 63
1434 1842
1670 2967
604 2954
1195 274
1459 2797
1654 477
1948 1088
861 2455
1910 2444
1555 1156
309 1490
1660 591
1721 86
88 1765
2775 1323
2959 1152
1774 210
2300 1192
2917 1834
2565 2787
1298 2122
1009 1981
926 800
1683 2683
671 744
2734 319
2006 1674
2890 1698
243 114
2558 2340
397 2812
1350 2291
1182 1403
1623 2359
263 2107
2752 200
1176 889
1508 2867
2602 452
2877 879
1160 1135
2219 1001
1563 696
1261 418
1838 102
599 1103
82 2228
1188 1745
1747 359
1134 1401
2618 2434
1085 978
2195 822
628 1768
450 1292
2698 2993
154 1719
2127 2734
1910 997
2845 1552
220 817
858 1802
2102 2021
323 2655
3 1113
1042 315
1254 741
915 1728
141 1997
1260 2115
2236 998
659 2577
179 2953
756 1732
2734 2297
2275 857
1315 2292
2695 2201
257 57
2696 1778
1935 982
1427 2058
347 808
387 2800
2781 2524
2929 1951
2330 2122
295 2210
1445 1889
2970 2102
2091 114
1439 772
2965 1218
2807 878
1252 2260
2206 1675
1744 922
1776 1533
601 293
2364 1954
2866 1198
1806 1870
2235 1619
168 2097
678 1356
112 1131
2404 1544
480 1970
2297 341
2602 251
2085 807
2538 440
2380 2898
1449 1499
1089 256
1039 1465
2830 416
2465 891
2983 1839
2627 2773
1752 308
1863 1349
2859 2933
2871 167
815 737
591 1865
1357 1373
1711 931
2173 2329
1519 1273
2945 1419
628 779
2552 660
2658 2891
1206 1892
2514 2213
2521 262
1847 1332
311 1779
2035 1458
2543 2780
695 1320
2733 1632
2923 1861
1506 2223
626 2810
2906 2822
1066 1199
1664 2495
706 1064
1368 742
1461 304
1059 2466
2559 165
144 2206
957 627
184 2558
242 903
2243 2023
470 1332
1906 640
2353 556
2309 1468
2386 662
478 580
2177 974
69 1150
2123 941
1653 1099
135 848
342 245
412 230
1428 31
2198 2149
1217 564
2137 1235
1887 2000
693 618
1785 301
571 2090
2522 1214
974 2450
2901 2833
1949 614
38 693
1656 1767
721 581
2665 2119
2179 170
174 1691
2117 1825
1500 2493
176 787
1510 649
333 805
1166 2244
2308 1010
2410 2480
896 2127
2643 1501
1168 515
2538 952
2465 1024
1540 977
2251 1514
1952 1755
473 1853
2390 44
1717 47
1075 2274
2019 1482
1506 453
1260 2598
2437 1938
78 2164
1396 1746
1210 1311
2908 361
55 2723
1580 2914
981 2159
421 306
108 673
664 1390
366 646
1300 2677
274 225
416 817
322 664
1949 2689
1375 1374
1496 2638
2780 1715
231 2077
1801 2642
1658 1386
1617 1173
2412 2013
2750 2527
1969 1987
1267 1749
274 595
2593 1584
511 2973
1118 801
1949 853
2012 2307
1952 2406
2478 1936
2915 775
2152 5
2133 1206
1159 2363
2398 2574
423 596
978 453
1476 499
1957 525
306 815
2432 1658
2721 975
75 87
811 1933
2796 1272
584 2064
1006 86
853 531
1158 1475
288 2437
722 858
1983 1288
83 36
1265 2503
716 2257
1572 2035
2075 1402
1185 1367
1912 2620
966 2218
1619 1262
362 24
2195 1738
2710 601
908 971
2666 1363
137 1054
2654 1531
1539 295
1354 1714
2560 2913
919 588
2359 2113
1784 944
915 1606
2427 1694
270 2102
2293 461
1808 994
1205 1665
1816 2259
407 685
2570 2959
2724 150
786 238
1983 227
1136 1476
1171 2430
533 170
1468 553
2181 1924
52 2386
1852 1093
1535 296
350 884
2040 238
2106 1314
837 2403
822 202
1545 177
2361 1720
1769 1201
805 233
521 2006
2028 2527
407 2867
981 391
2759 1789
1494 581
2233 203
1428 1812
2593 2653
1025 826
2734 2646
2333 2576
2837 641
520 1252
1614 765
727 35
2223 2723
373 1719
1287 406
1692 2185
302 386
884 2687
2748 839
1363 1650
2303 793
2077 1639
1857 1790
1718 860
152 932
2078 2609
335 1727
1773 1576
2134 448
2583 649
2174 277
1633 2319
2264 1286
197 996
1886 1318
2810 2030
2674 2523
792 693
413 1886
2234 1076
643 2694
340 2327
2965 1951
1223 254
1174 1948
1467 1447
883 2463
765 2232
1829 382
633 328
1673 945
1370 106
1041 2845
2487 2479
1060 2128
1008 2399
1988 2265
1170 2748
2287 2195
2462 1640
1400 1032
89 1862
1446 1626
1920 518
13 1738
954 2333
1579 2016
1514 1021
1878 2460
1509 851
205 2500
345 1017
2772 1105
2687 992
1228 1061
2050 2720
1626 2506
2536 1977
2111 1472
1337 2324
2896 821
1405 2759
1062 2278
1355 1615
2952 1826
2688 227
1400 2853
1956 1458
876 1196
1267 11
2006 1073
2418 2645
1574 878
1689 150
1574 163
432 340
2926 956
261 2213
25 2450
1181 1397
863 2042
2184 705
1717 2400
1194 238
1546 2065
2615 234
2212 1770
1711 2834
258 2721
451 113
1979 2208
727 518
615 820
2584 6
1356 1131
687 2809
2812 2474
878 1725
1676 1026
2515 77
560 838
2387 1255
1725 2935
1641 2833
1064 284
215 1621
2686 1210
2683 714
1075 909
2694 1551
86 2257
2906 2995
2597 2380
2978 1558
2245 886
86 2073
597 2154
2566 223
1339 2601
2863 728
439 2287
2932 1867
39 1397
639 1922
2250 2052
1704 2657
2537 2004
581 740
2315 828
2643 2855
1608 1009
179 714
864 2137
625 2324
1829 1327
2673 31
2894 413
2579 1055
2598 389
337 750
917 387
2214 1990
708 2704
1097 2082
2198 2113
129 1656
1165 956
2012 2382
1707 844
595 2572
1187 183
776 1133
2079 2027
851 2805
2067 563
1393 2392
1682 2889
919 2943
2047 394
2709 737
2007 1190
414 705
2765 1584
1902 2639
2765 870
1765 1347
1317 2204
2748 2941
2705 1808
2309 1300
1207 2316
2368 2897
1986 2318
2699 791
1986 1874
314 922
2636 2375
32 2620
2238 582
1580 1819
2046 1163
1911 2552
411 134
1340 1200
2548 864
1697 492
1152 1649
1926 2346
638 641
764 1866
2638 251
2751 976
815 191
2543 2337
2098 2565
2180 2176
2622 139
1904 1452
806 171
945 771
752 916
86 1560
2560 310
674 462
1508 1289
1575 2624
2865 1611
734 994
1798 2898
1228 2255
1839 1256
1014 1615
165 12
1568 2763
1588 1001
2594 2746
1525 1626
2805 983
765 2504
2325 2700
1302 1936
391 2445
2212 531
2380 1766
2515 2948
1462 27
1175 150
1963 600
1411 357
1288 2218
2526 2702
728 2080
1675 1242
1205 439
89 2005
998 468
1787 1576
2954 25
207 395
915 720
2420 1257
1342 326
496 2558
1155 1351
2696 755
2472 1673
141 382
1195 2881
2611 2525
2663 1809
2530 2943
1758 1768
2866 721
568 1142
59 1067
43 1993
2571 834
2756 2561
2948 1976
1285 1704
1957 1738
1551 46
863 374
946 216
2035 455
346 926
1074 1314
1004 1195
509 1110
562 2121
1726 2306
1035 1187
2855 1363
2383 780
586 1535
1225 394
2192 1240
1982 2857
1878 1262
1877 801
2252 2635
911 1372
920 2642
313 1955
1747 2678
2984 2692
82 578
876 2277
1760 2758
1624 1215
2985 802
1793 1846
2234 1762
2708 2701
816 843
2525 316
935 2332
2806 289
1948 931
669 1384
2980 2033
1977 2871
1750 1858
2654 353
2838 683
1974 255
2867 1555
1603 2
2052 785
2 2878
1991 732
1066 1036
1282 635
2502 2223
1022 1282
2927 21
2440 633
2406 2474
1801 2042
2632 1928
2009 2586
418 1211
1239 1733
519 2386
1372 448
624 203
234 828
1083 297
1399 2412
496 1442
1222 2916
1120 304
423 2401
926 871
1757 188
178 2214
489 2360
1428 208
485 1032
1510 642
1060 275
357 523
288 2542
2801 85
1916 1106
1307 301
76 986
919 1832
1825 1272
1218 266
353 1717
2141 2626
862 1264
803 1886
2277 1989
1415 1287
811 1755
1778 1779
883 2038
316 99
1835 692
1712 876
1096 2759
1405 1905
1374 1805
1753 1766
2309 215
705 551
1544 1855
1599 2476
199 1384
2020 1399
2384 2964
2486 2968
962 1874
1435 2414
2218 2579
2046 266
2706 1844
1761 2582
1398 2068
2724 2310
792 190
2693 1336
15 2172
2129 2992
2820 2699
1978 2158
141 772
1570 965
381 2639
2070 736
2499 1767
1134 525
82 218
116 1624
522 267
1419 801
1652 1679
2106 28
1124 1962
1265 384
1386 1329
2123 1323
2041 1574
1445 1386
1284 206
774 2706
1173 2425
1591 627
616 1566
469 1420
1272 417
77 2686
1488 2778
1119 977
13 742
2598 2241
1666 2643
391 267
108 2557
248 2698
727 1064
1275 1933
1800 944
1059 1551
381 1199
2765 142
2473 804
1267 1944
117 210
2245 1229
2195 1382
1049 158
1573 1432
2661 172
2966 1587
2674 608
2214 447
708 309
76 1489
1431 969
1431 2905
1052 11
2246 2346
2812 1264
1265 2535
1172 782
15 440
2025 124
1769 770
2454 1390
71 2810
2676 539
2769 734
2314 1447
2761 699
2397 1181
271 1294
1017 1071
2613 679
793 2662
2645 429
1995 684
2647 1899
2495 197
135 2468
2394 2036
943 1507
1230 728
329 1848
2508 1077
911 1117
1669 1418
2622 1114
1525 2034
1664 1496
1313 1447
1721 2396
2219 452
333 2900
1379 903
1464 379
1048 2265
1470 659
103 1799
2276 2058
347 1871
1486 2793
1446 831
2419 1133
1079 1035
2550 730
1805 208
2870 250
2451 1915
2448 945
460 1672
835 1066
2392 1917
2604 1041
2552 2377
515 2621
63 840
1742 2658
1025 700
277 119
360 2585
1022 2916
1885 1946
1914 827
2244 606
2895 1058
243 1619
703 2452
1740 1034
897 2424
392 2218
2863 261
2759 1534
536 1557
1654 2110
2102 1074
384 1528
202 1688
1032 1168
2967 655
789 1792
2716 526
2487 2339
46 2059
1881 2617
502 2724
1464 1791
2118 652
179 1194
1554 1263
2372 397
173 2825
1110 2585
2737 570
678 2456
2747 1913
383 1560
2246 748
281 869
1287 168
2945 2065
1865 2970
327 2104
530 924
1476 2733
1549 1902
2779 2596
1754 1306
1906 1622
643 325
2816 1864
32 170
2033 312
189 1901
2968 549
1066 178
1468 2450
803 1048
638 1500
793 2376
210 2324
1642 2947
1196 328
1860 1617
2245 2122
2768 2375
1694 1923
740 1844
620 2070
313 2133
613 2181
2935 1745
1930 858
1197 1681
2005 2787
2125 2799
1580 2211
1783 800
2271 514
2421 2654
543 1274
1560 1483
1119 2433
1545 19
2896 2985
1986 2762
1143 398
734 1784
146 1451
2525 2024
1131 980
1885 1149
963 1566
1222 228
603 2477
2348 2922
1319 1053
531 1571
388 2459
2798 1799
2556 2031
640 890
2671 2054
1215 809
2876 891
101 917
2441 486
417 180
71 2678
2878 924
2657 2896
770 2205
2038 2770
2025 59
2821 1531
1835 1460
2169 1866
2075 1808
405 2508
2346 232
1985 605
2836 2466
2150 163
1049 1981
2559 454
894 1212
2080 2439
493 1207
35 456
754 2334
761 1633
2440 326
942 1500
2156 2901
40 2964
2079 915
49 128
706 597
499 2672
2021 1407
2491 2169
1856 2648
1617 1762
1078 2763
1287 2579
2727 1920
2344 729
2613 501
28 751
1345 421
2297 1860
2278 1861
2747 1815
518 2619
1751 356
1093 3000
36 784
107 1256
2732 1473
2765 2378
1946 194
318 337
1963 543
570 1781
914 2394
2171 117
2919 888
1328 1917
400 2730
1450 47
2427 810
2937 212
306 510
127 2361
1448 2135
2779 117
1035 294
2736 2645
802 2831
975 2429
1265 866
2531 1712
1443 2311
1291 2465
503 2560
1741 2764
2606 995
209 405
2052 70
2692 164
1045 1681
2022 627
2754 426
254 325
1300 484
2476 124
920 58
2847 2111
1892 854
1448 1986
1425 544
1463 825
857 2015
1013 659
1131 2680
1178 1715
60 1626
1151 2588
2176 331
2742 1882
1154 1638
1633 200
2592 1103
1217 2904
83 2189
1528 47
478 635
2288 1952
2308 520
1437 1933
1110 1998
2097 1331
357 2357
1503 694
2549 1655
906 2618
1155 681
294 994
2633 1314
1495 866
1392 2790
1241 53
1077 2588
1952 1978
2038 2983
1018 427
2662 2977
2953 811
2519 1086
1629 2428
1224 795
2049 2436
1512 1080
1684 773
34 2479
2675 2187
1146 2112
981 1878
46 1390
2792 1008
760 1726
2506 2537
2867 1706
2154 750
1691 972
296 2012
498 2097
538 1957
2065 999
2313 1933
1500 1853
44 1448
769 2910
891 2325
2618 1902
2510 1919
1601 1402
566 1349
980 415
172 373
737 2989
2490 2428
2539 1338
1343 909
1837 1712
2839 2168
2302 2669
2489 2883
638 530
1563 1612
1665 1617
1571 2756
1786 1465
919 2239
2593 672
2312 2716
2616 663
1642 1835
2922 2870
2031 564
181 1057
668 2342
2889 1511
2268 1519
1457 1945
1268 2008
1466 1263
1112 1907
26 768
1660 2249
2779 230
244 1198
8 37
399 2659
2399 1836
2466 1982
472 383
2426 2203
2653 1127
2932 1434
2186 651
1264 2879
2942 2416
2027 1881
1826 759
636 588
2946 1631
2938 334
1154 533
1395 97
2291 2236
648 2881
1806 2467
415 810
1321 2638
865 1011
2807 2853
22 1508
420 2767
349 757
1946 626
1913 2554
677 240
2960 494
1014 2913
2173 2446
2166 2151
105 1181
609 1959
2157 1403
565 1026
2819 478
1563 2509
2462 2585
2869 2751
175 86
1937 2648
1234 1690
2197 2919
712 1965
875 2283
29 943
2159 832
2501 20
327 2543
2923 374
2394 985
2378 1788
252 2741
1488 2890
897 323
968 2186
1375 2978
558 2401
1370 1481
1424 407
282 2013
1707 2290
1351 2419
2796 712
128 2633
1897 2642
1296 2945
1191 2203
2162 2131
2452 841
2519 2527
1951 2906
1326 2819
1599 2232
467 273
2466 181
2802 819
2168 669
1461 1102
86 698
2277 904
1247 2852
862 1504
2736 2579
2375 1847
2386 593
160 1066
2790 2056
411 1891
748 1307
936 691
1197 987
1260 2481
50 828
850 1706
1764 943
1990 904
589 204
1325 309
2862 2650
2992 212
843 1677
883 830
140 1326
1281 780
1077 2439
1562 1950
1649 1164
1272 2439
2514 1932
286 360
1820 100
810 2691
2523 2517
2324 2284
2249 2605
1375 1846
1285 1410
2393 1734
793 375
2070 1120
1946 1567
2841 2257
1150 1190
709 1415
2864 59
176 1582
2311 221
1769 1460
1329 2397
2908 475
1106 989
1444 1934
1161 2926
1801 2886
1373 1801
1242 1487
1091 2253
2372 2188
1860 663
771 602
2693 1741
569 488
662 2658
2461 2393
271 607
1533 127
311 2736
2607 1929
1368 1380
1628 2071
568 2769
1982 97
1537 1626
2932 524
1307 2408
1843 2273
1967 508
688 2786
2127 1331
2195 560
2829 2565
2758 2671
274 2597
2295 158
2784 2478
1265 110
1202 1504
2034 2366
1450 94
1168 985
2547 1335
1405 2222
408 1144
2629 2710
2028 1961
382 357
1164 217
856 157
2 2009
1732 1177
971 329
2281 2061
2859 1299
629 1036
1751 2949
1905 2786
540 192
1424 1529
486 2901
1666 314
516 846
1380 98
2186 746
2434 1671
102 1108
399 2753
471 2768
116 1605
27 359
328 1249
577 2224
839 2964
1542 2758
1661 1966
51 1800
2173 2949
1646 2384
1109 942
1720 1738
1276 2938
480 407
1336 929
278 167
1153 1552
1258 902
2410 2982
2742 899
1841 1032
1409 2615
132 535
2238 2641
1470 1148
700 1606
2746 121
1343 2628
2576 63
1943 2021
70 2422
2367 2229
345 623
2169 827
2948 2640
1048 2974
2655 1750
1062 1516
1644 1018
2095 213
2750 1986
2397 698
1027 1432
2845 85
2164 2023
1827 1809
2154 1293
626 2513
123 2265
2974 931
2037 2408
741 2284
2970 1927
2787 924
261 1696
885 1308
2613 136
2217 1343
943 853
164 2671
1512 2742
2300 1119
2163 976
463 273
24 2130
2490 2198
566 2712
1519 1929
42 1336
2169 1659
2840 1469
2626 549
66 1800
2544 1071
207 1897
1291 2160
1269 2468
666 314
1234 1216
1966 537
1759 1136
1598 1211
679 1345
2597 2794
1606 235
1929 2896
2493 1452
477 240
2989 1489
2522 1720
2394 2511
361 1182
2187 2533
2525 1990
2222 1671
2671 2719
913 1535
2545 1133
2775 1533
1334 321
503 2405
849 1667
2123 1228
2118 1611
440 652
2199 2675
1033 1989
496 1054
1193 2526
2845 2393
2776 1256
2866 2599
1478 1838
874 1724
1814 1413
1076 624
981 2539
11 1303
123 2779
677 1965
2112 1904
687 632
2211 1139
2263 613
623 1703
2122 1744
1104 1548
751 2062
1085 2715
2499 113
477 991
2150 863
927 1666
1398 1493
1212 680
1963 2356
2576 1828
2394 307
1273 2166
214 399
2687 1793
1756 1062
133 1786
278 1681
2542 2032
395 1460
1308 2406
2796 99
405 2425
522 2507
63 2368
2766 958
1574 2351
633 1833
355 24
1581 2718
2767 890
2443 763
352 1953
79 1674
2531 2832
1369 933
267 2302
774 2852
2352 374
30 653
212 1000
95 496
1026 713
242 2779
2848 2524
1348 2103
2119 1810
712 2119
736 561
1770 465
137 235
1367 1439
2408 939
756 2597
112 1680
1636 339
1378 419
174 642
421 2249
1430 2988
937 2405
1411 932
1176 1290
457 408
590 112
1648 1918
91 2836
2092 1822
2046 1486
1398 2457
1668 637
347 329
609 198
908 1092
495 2225
238 2391
293 1577
186 1678
241 2771
1640 2397
1169 964
1527 71
295 2539
152 167
515 650
1572 217
2181 474
843 2192
2211 1122
2951 1172
2783 463
536 2121
1149 1471
233 597
2027 247
2819 2909
826 880
1137 335
1757 1535
683 555
408 63
831 2511
2914 2916
1796 1920
2277 998
1873 371
1302 2743
2262 1846
1992 971
865 272
2886 1563
1852 1018
2401 270
652 1628
1430 232
957 2802
2108 821
1245 2163
1308 1063
2551 783
1626 343
1992 241
2403 2476
487 2884
2103 2165
1608 905
1113 1442
730 2448
1221 352
2770 2428
2370 2506
311 859
1023 2285
263 2917
211 1051
2210 2269
1167 1979
2078 1425
2383 1214
1578 1677
2250 2636
2672 2426
1341 1467
508 1278
1478 1343
2098 1513
576 2889
2911 2863
2819 980
622 777
2110 1068
1014 867
303 642
1346 1611
409 1175
1505 387
760 1304
1015 759
1377 2785
1308 1856
782 1145
2459 1673
920 1140
2758 2001
1949 790
2736 1954
365 2513
1035 631
2688 1373
1763 2080
826 1654
1067 301
217 1295
511 975
1438 714
1153 72
2370 2724
1895 2096
2148 728
1453 285
2896 1258
1239 697
2513 1072
410 2349
770 219
211 1216
2082 1931
2896 842
1230 2398
1782 602
1612 2026
1059 2026
2901 933
1197 940
1481 215
2426 211
2394 2925
441 2771
498 2110
2105 1150
22 1924
2785 1972
1568 429
2224 2045
2663 940
2902 2580
1162 1737
2714 2965
1893 1584
2533 2331
2946 810
1943 120
1203 1899
1176 222
1367 1455
1226 2062
708 73
333 2232
2781 1522
2347 672
707 2597
2390 326
1760 2910
1334 1443
586 2784
1127 2185
45 517
1098 1613
644 1954
2187 342
1881 1047
1635 1493
1811 770
2383 2359
1928 2074
1929 2308
2507 2433
1749 2199
2415 1317
2503 2410
1013 1962
2579 62
1618 1917
2357 1065
757 1212
2202 2438
2136 586
1870 1416
2412 899
911 2143
1786 1766
1930 629
535 2383
165 1994
615 2589
1637 991
230 1821
241 116
450 1048
1710 1204
2141 1132
165 1591
1171 221
458 120
542 2651
2877 2522
842 1178
1678 2579
518 1417
2573 2216
183 259
2448 1874
2316 1923
2217 2512
965 1237
2519 1716
421 258
1700 1235
666 1332
2598 671
794 2527
226 707
457 2029
2566 389
440 1649
2589 1098
1352 1916
553 926
607 1248
220 2347
1458 2800
511 2608
1476 2174
415 2868
2406 2349
1020 16
2552 1881
1044 1063
1630 485
1352 2453
1614 293
45 626
297 2420
94 516
1233 2166
16 695
2634 1535
2942 1317
443 523
2134 2467
887 2818
1819 1414
919 330
940 1568
1306 1122
93 2062
1536 400
989 724
2299 123
584 1494
2344 1522
2286 1645
1372 2417
436 2970
1554 910
1129 1696
2708 2934
923 328
328 377
2203 2629
2765 157
2214 895
797 733
2685 499
278 1281
600 319
116 1277
1695 1679
425 2995
681 2362
2224 1116
888 1433
1646 2019
2556 2293
698 1592
1103 1227
2462 323
1201 1876
1014 922
78 454
865 617
85 1869
1214 149
2353 2683
1953 458
501 1282
197 426
2115 1111
116 632
2846 2716
2973 472
362 709
2030 760
1144 2823
2523 2606
2862 1794
2493 2761
1046 1486
629 2190
2822 2498
1755 2942
2248 929
475 2723
2963 2587
175 762
681 2076
2427 341
146 2555
204 176
2194 2769
218 527
2950 2363
1841 2957
1557 1523
610 2254
1644 2566
1039 437
874 2616
79 1443
1798 2943
519 33
1622 2659
2514 1927
841 1648
897 1079
2638 18
2022 1834
2399 671
1925 2593
825 196
1893 1230
581 2423
422 826
1467 2074
2828 1005
2973 2059
1787 2949
1987 2234
1018 1877
2582 459
1892 2283
526 143
1877 2692
2551 2459
1939 165
353 157
2541 2313
1840 1191
624 669
108 2719
1791 2298
2753 1752
1955 731
2233 571
2748 2125
416 1299
2918 1083
809 1240
984 1831
2432 1301
945 1488
15 2024
2339 932
2077 2217
1308 26
2547 880
67 735
2921 1457
944 2421
2113 819
1535 2803
1609 792
1039 1241
1503 259
1334 2388
1512 2563
2951 2488
1978 32
1630 1705
931 1107
1779 2214
1834 487
2006 317
404 2835
1546 774
2745 1323
1701 2554
1640 995
1030 2771
2688 161
176 2182
2481 1949
302 338
1010 2794
1783 1276
1724 754
981 2524
1615 2341
520 1808
420 2286
2728 715
1314 393
1891 279
1741 431
1540 1146
2812 1665
1549 260
2242 2492
2286 2831
2015 1173
2190 211
1295 945
497 942
1604 1765
1778 514
560 610
331 2757
2605 774
2475 499
1288 675
1088 2958
2387 1442
1750 571
451 2531
2598 970
657 1558
962 514
628 439
1319 1439
2879 90
972 646
703 2146
1371 1740
1233 500
1381 1774
2409 1818
139 2039
525 2673
866 1344
1139 876
1270 1699
2968 2532
2307 577
692 1643
616 14
2818 2192
549 1682
1411 2982
966 614
2413 588
793 136
1680 2256
2260 399
1170 821
242 2199
1860 348
2816 1959
1581 1107
2922 1555
2205 180
1660 1834
2932 870
518 36
923 795
2183 746
1659 661
685 1037
1662 1844
964 2400
1099 2170
2014 528
613 1322
82 1167
2958 768
527 2482
1032 1753
1130 2303
1029 2183
2142 1000
2999 1151
1956 790
1618 2582
2524 1353
2825 1294
1635 1486
1918 784
573 1969
1382 1575
2860 970
628 456
2633 1282
1557 1159
883 458
2748 1371
1942 2664
311 955
2398 1471
1234 35
2100 754
2162 1396
528 1722
1068 1968
335 2226
295 2963
279 610
1952 1432
241 2232
309 852
2646 193
2867 2191
230 2538
515 2591
2724 2097
1051 816
158 2581
810 130
1379 695
358 1246
742 1920
1769 2700
1178 184
424 2097
2910 2193
2102 435
1788 12
1689 1839
1341 1236
2484 584
1327 2994
445 766
769 2666
2191 2050
2725 2138
890 1325
2023 1004
2130 1815
2270 369
838 2240
457 679
666 2369
1852 877
886 168
1635 2489
2768 2824
2006 438
160 2209
29 2056
1875 2053
1582 196
2138 2664
2437 765
691 1830
2675 812
816 1367
1954 64
1943 2544
23 2903
963 667
1729 2360
672 1653
2202 2136
236 433
1524 1289
1180 1657
1301 52
2637 1747
1958 1511
212 201
1384 1820
2584 2798
1800 1001
2863 2826
1893 1364
1486 1226
31 1595
1949 1550
1994 2259
2545 711
396 2575
1876 1245
1179 57
2522 906
658 1355
670 2168
2566 1095
965 2068
2116 1899
1264 2644
1157 1884
160 16
2204 1472
1029 2649
1104 667
1328 2987
2277 1232
178 1926
384 372
995 1112
330 403
2255 108
1028 2190
2311 1101
2813 576
276 1484
2224 2157
217 1224
2473 2354
1098 1492
1425 401
1655 1795
1592 2319
1285 704
259 2831
1623 775
326 2049
2609 894
219 2132
1645 2292
1828 2288
1402 101
837 2703
26 516
2550 186
18 2537
1727 306
1895 452
2557 2411
2079 804
2252 1238
1270 188
1253 1580
2586 979
2763 2391
2521 1473
1120 667
2666 2386
685 1239
481 868
1938 1345
1407 2358
2954 2320
1553 2985
1875 1429
2191 1556
988 1234
936 2991
1744 58
260 2287
2155 2835
1322 64
674 452
2540 68
2095 2269
384 2632
1629 2518
792 592
2921 1876
2195 2044
2810 2087
1701 244
2499 787
917 1695
1686 2270
2686 849
531 654
2032 2122
1497 1131
2944 1259
2268 1622
1061 1482
2944 566
2684 805
1621 2420
1223 104
1348 1545
1601 1202
456 2647
109 291
1528 431
2832 432
2204 2591
1004 2561
2854 2589
14 582
348 378
2210 2986
2691 1352
2581 1141
2150 2638
636 1816
2566 1163
1939 110
172 2043
2008 2560
205 2943
2882 171
2126 969
2884 371
1569 2190
2102 1851
1582 231
2357 1632
1469 1485
122 735
546 2033
1497 2640
1499 2817
1371 263
598 601
638 576
214 1132
1539 2437
1120 1319
2153 1316
1953 1832
8 488
1395 2912
1864 2126
1367 1361
235 1714
1492 2440
472 2941
2737 628
841 2920
2631 2283
2696 104
2307 2018
1653 1772
1723 194
659 243
111 1074
2516 1722
1082 1088
2922 2028
2032 419
2528 83
538 252
2056 1359
2664 2211
1974 1887
1503 1012
2404 596
2491 2281
2823 182
1038 1368
2315 1094
2402 394
859 1910
883 1145
323 2124
1137 1567
1289 791
1413 704
345 1761
2153 1873
840 42
389 1467
1588 848
567 2390
2330 64
882 21
1095 545
747 1515
1715 177
1376 256
155 1422
841 2490
2558 2659
1716 1226
499 1830
100 1965
2497 2429
2337 2074
902 1019
358 1868
204 2253
175 1096
881 2325
321 424
2517 2415
1615 1685
410 1285
634 604
591 1642
1224 2285
278 1787
1960 1822
215 1360
573 2251
2604 2681
713 1545
390 2409
2780 2061
2079 255
2021 990
1842 2353
1456 867
1840 1697
1721 2924
2557 2343
2120 238
2274 2223
2910 57
2947 1647
190 545
1780 2018
1735 345
816 1116
665 2845
699 2284
607 2258
785 2455
2236 2665
101 1141
104 569
374 1439
925 1999
1679 2541
1453 1849
1630 723
2463 510
1816 913
1089 2612
2395 1485
208 2192
579 426
1558 537
889 1213
2163 9
2145 661
1343 2704
1179 2226
1870 2144
1981 2505
582 600
2647 825
2765 2931
767 232
1159 2007
717 1939
726 1204
1393 2083
2146 1587
1380 402
2316 414
1525 2305
949 2098
789 2738
2828 1315
2036 2237
1312 2278
133 1244
1651 738
2680 710
1656 1442
824 955
1878 2984
948 1081
1132 2185
1001 2907
2952 140
2855 283
763 222
1002 1315
1775 1368
2301 2739
2220 489
1370 2336
1847 604
741 316
1012 2367
1274 2094
2262 2979
2812 109
836 1366
2639 852
734 2798
352 1858
880 2279
1068 788
1398 1277
2526 1056
834 990
1389 528
185 2212
1733 2004
988 1248
1773 1609
582 2897
2689 611
1602 98
2936 1157
1199 2558
1601 1983
2421 832
449 602
1722 1653
833 1162
545 2850
1438 495
1907 1554
2968 1395
1600 2305
1775 317
719 265
1115 571
1796 2496
1979 1831
58 589
1480 2170
1298 1896
1827 2780
1714 1324
404 2343
697 1528
445 2264
2426 2207
2430 888
1352 1730
954 41
2729 350
922 2898
1277 2531
72 445
2128 1558
2703 2413
1142 2342
2329 2450
215 2149
25 418
1428 1684
90 954
264 2721
1095 2338
2306 273
2893 1613
1003 508
78 1570
459 2010
735 71
1937 529
348 1824
2682 1079
2067 130
1240 1525
310 458
431 2668
2733 2873
1885 689
1075 1337
1553 895
1696 476
645 1158
1615 1436
1014 540
1936 2555
580 143
561 2203
2365 451
1833 1204
2678 1159
709 327
125 2906
2182 2295
1857 1657
83 2176
435 1461
1379 1353
1097 1130
1165 1431
2408 2047
1628 2844
401 957
2085 1174
432 239
2403 624
1825 2827
2269 1281
716 158
765 2157
2691 2337
893 1843
1320 2191
2710 34
740 2814
2657 1
2590 2959
1673 2161
1545 1502
2960 1515
1378 532
2001 1353
1616 749
2102 2546
204 771
1955 23
771 1231
2346 872
1369 952
905 535
601 2009
2153 1297
75 434
688 1470
2868 619
2129 69
1028 2655
1835 193
1164 80
1919 580
846 138
2974 1491
1354 1086
1651 2790
1998 2623
860 2154
1342 1383
1014 1421
396 1361
273 1796
2866 1121
1298 2760
389 1607
1025 2292
2684 1980
2266 2556
2922 1236
1495 1313
2408 2888
614 1441
2414 70
1223 2656
267 1266
1969 2289
1580 1210
405 2466
2905 2289
74 1054
334 777
979 818
1337 2469
2286 2604
1735 2827
1639 1913
1772 2201
341 2985
314 1125
1090 2328
2857 541
1040 1333
2209 1580
114 2676
764 1596
129 1225
455 2147
1481 2567
1154 1976
420 2892
2382 2824
1276 2276
391 941
534 1731
2954 1589
5 1649
2464 669
1157 1692
2355 1030
2346 165
2625 1246
2432 978
1135 389
1836 975
2576 963
2010 2172
2214 1044
1960 2068
920 1068
2731 1128
844 2969
497 2988
847 1125
2007 495
2883 2153
1492 629
1848 823
85 1093
1015 1117
2026 1507
2682 310
161 222
72 557
2690 1409
2888 1843
835 1850
523 1521
2540 1967
2175 269
1413 18
2449 1209
927 1290
1363 2183
25 1781
2526 1082
2020 1455
1193 1010
1113 965
659 173
2449 2569
2694 1061
45 2895
549 2965
792 788
1255 1174
2497 1062
964 1503
1013 739
2575 2285
2484 566
125 224
2235 1007
2773 1894
1170 855
1864 456
439 2263
1451 449
931 916
275 2750
1195 2608
1536 1573
514 1142
2365 476
21 1741
767 1734
63 446
1523 657
534 729
421 2577
1237 1295
2135 262
2539 1111
375 1249
356 2294
308 814
2071 65
2874 1678
2016 1552
2843 563
2207 2133
88 377
1960 284
225 1597
532 1969
1082 1882
1280 2443
711 1361
2381 912
321 2262
2552 829
2513 1591
1258 762
1764 1699
155 461
2151 2361
275 429
1101 225
1673 115
2991 156
759 302
2339 1951
2405 350
1321 325
509 2040
1553 1532
1815 2650
313 2821
46 749
2878 2646
1915 2507
1528 349
1449 1840
308 2758
64 1376
2372 2304
2726 1330
1649 272
2474 1045
2484 1225
2987 281
281 1517
2809 1590
621 1782
402 2079
1993 1560
880 749
7 1586
2561 38
317 1409
63 2971
945 1358
2160 2323
1643 1586
489 1102
745 2237
1791 2131
2278 1587
262 731
1908 1984
1046 762
2829 312
1698 1199
644 1363
2499 491
145 1566
429 2336
2773 1411
1007 2863
1594 2874
49 663
2671 2350
881 552
35 1765
2503 2379
1135 2903
1378 1859
209 684
1850 283
1518 2161
1295 2605
1680 151
1057 27
480 2109
1890 403
182 2856
1050 2567
855 954
1665 1794
910 376
2154 1043
1822 1529
782 1856
2902 1270
2950 511
1734 2189
1733 2912
2521 1404
1373 1257
2948 1971
1417 2389
1958 2317
1987 2500
1144 95
2536 2696
2903 33
1976 2911
208 2548
1858 1116
1779 2275
143 1018
1651 736
814 1822
373 554
2168 2273
1615 56
2412 867
1651 2211
190 2149
1179 427
2564 2302
191 2725
1026 249
1630 2322
2118 2376
1657 2347
2174 2581
2422 1385
2448 2990
1579 1477
298 542
1641 2791
1915 1956
2396 2586
354 1046
2856 1693
806 378
1590 856
2726 1772
1375 68
1594 1304
1456 401
1153 2509
454 2573
1068 467
2660 2775
219 2185
2979 1536
879 703
1666 1038
703 2468
2630 1923
2767 2739
787 93
334 1928
1060 1823
766 1968
2271 1185
258 1495
1716 1815
1251 814
8 2587
1987 2701
605 2804
2542 967
1644 1333
365 1141
1446 1869
2165 2787
2647 2282
1168 882
556 989
1027 691
1838 2876
1959 2658
1664 338
859 2907
958 1743
2186 464
2054 2442
2521 379
1155 81
996 988
1271 761
1938 2520
2441 2010
2150 1067
1224 1462
287 2458
535 569
634 1655
2777 2512
1670 2697
950 1043
1072 941
1583 2614
1721 1236
1894 1118
2853 1470
1634 1961
2237 557
1546 2768
2263 1547
1751 2927
139 1055
911 1975
1722 1984
2327 260
2675 2013
833 2436
1430 1078
471 1998
1956 2622
1734 757
1790 2826
782 1719
1125 1593
513 2603
1394 689
2314 2859
2160 430
2393 224
726 839
1844 1194
81 2715
1095 1686
1874 619
95 2251
2028 6
1651 908
1264 1189
524 1561
1724 442
2071 2969
2425 2281
881 22
2372 1330
579 2570
984 1804
413 1528
2546 2086
1167 1064
2389 2224
1246 556
1183 401
1332 1841
1028 2220
692 1166
2761 472
52 2997
139 2584
2443 2167
481 1972
405 61
967 2848
2077 2252
477 590
818 118
1792 1633
1581 2831
1655 446
802 2240
2432 2489
2605 2296
2252 1772
2695 80
152 2981
1481 2321
1710 1274
2288 1227
1443 2364
1738 2069
2962 2453
1760 2939
1193 1940
244 2183
587 1097
1796 1364
2198 2018
1912 437
2125 366
2649 1974
1608 1005
1802 2381
2962 289
980 2700
2012 2745
2252 2917
1537 1473
2575 2998
2610 2947
634 2223
874 2485
387 1908
2340 1428
1748 2624
1292 124
969 2899
1787 272
2703 1105
1591 276
2176 1090
642 2697
1268 2201
2722 1831
1026 1625
1817 1418
943 412
2630 2553
590 2811
708 2049
506 475
1881 1706
1352 1081
2569 1888
1504 2731
932 875
2444 346
830 339
226 733
1485 967
743 1229
1728 2720
157 292
646 567
62 2196
2517 1502
2905 2564
700 1244
1365 2249
2131 1903
2084 10
1537 2157
994 1232
974 2055
1821 2891
1778 1804
1999 989
1318 78
1513 1897
1466 2843
2563 761
2814 1388
154 758
309 61
753 2676
247 739
1275 1753
1638 2220
2207 648
1539 2444
541 795
2234 865
777 1221
931 155
742 2893
778 1548
1564 2281
1481 2652
2484 2496
717 1382
1435 2237
1526 2833
2006 1726
2683 2754
1110 502
2285 1388
1364 181
1699 285
2862 1812
207 986
2898 73
2558 465
2410 376
693 1572
384 1613
2610 1426
2900 1454
2945 718
2693 1355
2872 1742
1597 1758
1109 997
1056 908
1774 2505
517 630
154 147
2061 2880
2462 2417
1316 2895
762 608
2670 1596
429 2956
116 890
1006 1950
2775 205
1317 656
740 2821
737 280
2945 2973
2204 2060
879 2443
1076 2261
264 728
58 1050
2211 2080
1064 1556
1877 717
1063 88
386 2969
2351 1879
2485 750
2882 17
1252 1935
427 2326
80 794
2251 17
1723 2152
1413 1955
2171 1513
2971 2396
590 1843
2343 1921
334 482
78 2193
727 1672
682 1077
542 1994
1344 1616
2021 1311
106 1536
1300 2926
2093 2698
234 1625
2133 2938
2861 2712
2199 613
2430 2092
1871 345
928 428
1564 256
1258 2064
537 1504
1995 298
2229 1
2270 303
2229 632
1470 59
1424 1909
2236 1577
2108 1271
510 2813
263 18
2042 490
1288 2600
2732 610
1519 1324
1740 315
2051 2829
1844 126
2283 1824
2936 1754
1854 2803
2246 1475
1086 791
1192 503
2738 782
784 2112
364 2991
1915 812
603 2710
1449 2213
1929 2636
1109 2267
1191 1112
1416 1385
2160 2048
2058 829
1868 75
1003 813
1670 1616
1511 647
1023 41
1137 9
148 2463
1177 2028
2582 697
968 846
2225 1366
940 1048
1991 743
63 206
2038 2551
2853 2299
759 43
1214 1404
984 2322
1936 1781
1100 687
49 1855
17 326
1595 921
1898 1934
2737 185
1823 2673
2217 151
618 2020
1627 1037
3 1154
2176 1496
2079 1722
2070 2458
283 688
156 2298
1095 504
257 508
1049 1543
882 1505
1288 370
2763 1781
819 305
2797 1913
1536 1942
1505 2138
129 640
2524 2384
1980 406
556 1848
1505 2842
2498 953
2578 2743
2288 2786
1310 946
2853 611
2550 228
2239 832
2525 1397
2712 101
2041 2050
2588 2485
471 1565
2801 1142
982 2713
680 14
105 463
163 1521
1339 1785
2160 2614
2543 1627
1965 2979
