561 791
419 233 152 501 472 133 480 143 306 217 412 441 210 550 474 322 290 559 415 429 545 4 503 17 52 446 179 351 430 457 325 338 116 304 27 10 18 281 256 364 260 86 198 128 114 102 433 176 467 510 287 516 337 15 211 6 45 443 105 407 197 301 553 132 273 424 207 36 499 73 218 538 188 182 506 336 356 330 71 261 135 193 51 451 420 409 411 129 14 23 160 427 38 477 268 341 245 389 227 464 551 106 96 462 320 147 209 246 469 397 345 515 80 111 41 12 107 511 155 282 489 280 396 148 175 482 99 174 234 165 452 502 196 377 150 359 259 164 134 436 367 416 224 44 541 123 406 30 459 418 485 204 11 426 331 229 371 440 299 276 47 547 407 29 191 184 534 514 16 512 75 393 372 214 470 536 183 323 428 9 87 431 310 450 368 560 544 381 402 139 380 21 48 365 109 552 300 98 215 487 258 423 42 25 483 362 497 494 32 448 498 65 355 166 445 334 327 118 62 347 314 238 437 81 518 298 163 288 57 348 370 266 542 554 34 468 513 523 67 200 76 369 410 66 398 141 213 388 509 199 206 486 522 313 373 321 91 525 35 54 5 93 253 296 195 359 388 192 343 329 216 535 295 8 244 88 180 481 58 326 384 532 421 422 540 332 243 293 279 413 333 241 376 439 274 555 89 267 49 24 387 447 432 83 395 189 286 539 405 53 297 77 425 366 303 185 39 289 186 339 101 223 317 60 340 178 239 68 124 46 59 254 242 492 74 504 97 162 354 144 56 505 151 442 454 61 64 222 79 119 558 100 460 400 346 225 226 292 172 318 507 531 527 465 558 543 488 490 461 136 519 37 291 26 181 55 230 284 117 31 153 169 358 196 221 104 249 491 146 112 524 315 251 344 350 220 19 495 455 194 312 285 120 43 22 190 158 385 167 548 82 302 187 453 414 72 140 361 127 403 84 533 270 390 435 63 131 219 142 235 324 417 200 520 363 156 264 309 379 473 108 198 471 159 205 561 137 475 311 530 394 3 458 92 13 479 228 121 154 404 94 149 342 305 383 493 307 392 269 277 161 271 349 250 391 168 496 263 401 247 7 335 374 85 177 236 484 20 526 203 248 252 231 232 90 549 456 201 357 463 546 95 557 316 294 202 265 50 103 529 110 434 386 283 509 40 201 262 449 2 438 478 272 476 308 69 521 378 460 353 126 537 28 173 466 125 319 113 145 382 171 78 115 375 130 157 328 255 240 528 46 517 556 33 237 399 278 257 508 226 122
266 463
250 399
191 483
312 531
269 281
278 554
91 334
193 333
469 555
67 480
7 418
143 556
363 369
50 483
58 321
62 376
32 234
153 493
397 556
130 483
252 389
355 416
51 478
2 415
187 310
228 526
386 551
249 324
287 488
220 532
212 517
154 259
325 504
228 423
287 486
91 158
274 554
240 268
152 327
173 367
126 286
33 522
319 546
104 422
58 211
189 399
198 305
131 535
247 443
199 400
11 464
29 149
175 215
248 453
392 477
210 312
297 506
359 480
284 300
88 267
86 494
83 229
124 396
4 486
43 113
186 247
296 410
71 218
65 179
408 481
159 340
331 485
382 462
274 412
3 556
181 513
31 41
233 540
152 438
108 343
103 323
362 379
149 190
45 311
516 556
170 482
102 481
407 518
236 492
100 141
105 427
338 432
459 517
512 542
57 167
160 294
16 430
5 503
324 447
281 490
201 429
154 224
9 142
102 446
536 561
207 305
338 425
434 441
251 526
236 441
93 281
155 179
182 205
353 456
444 551
11 393
56 174
9 376
227 471
144 359
277 410
8 490
100 288
445 469
360 404
33 199
391 461
198 484
218 252
333 417
242 298
22 138
413 443
43 525
20 175
53 556
493 536
263 557
124 265
252 443
13 151
52 343
87 229
427 532
29 77
9 294
254 544
4 561
168 496
444 506
511 526
317 422
249 466
262 398
153 184
6 270
290 546
54 444
266 551
292 351
54 358
76 455
70 387
400 459
118 451
280 366
212 386
330 414
17 496
370 504
38 416
26 212
15 175
5 276
79 156
2 228
341 377
287 540
245 269
276 536
326 359
56 152
172 457
346 459
175 309
315 464
98 484
45 125
428 469
121 284
145 246
13 535
60 98
234 520
145 442
68 107
106 299
40 520
42 77
8 137
189 383
96 187
164 377
79 386
118 256
228 386
345 482
82 149
308 479
175 275
416 439
81 103
182 459
184 323
450 477
262 381
214 214
168 309
28 145
213 424
393 561
115 478
194 251
354 509
174 448
341 532
427 532
18 306
79 184
279 385
198 507
284 365
235 324
327 548
43 351
24 120
270 557
96 304
162 518
59 131
238 385
341 395
85 517
95 500
1 454
520 535
357 380
256 522
51 471
43 437
402 445
180 513
8 291
146 462
223 302
475 481
349 420
221 338
313 483
211 387
237 391
22 490
58 452
44 360
335 389
316 410
29 474
250 396
19 427
49 314
304 350
289 306
149 333
214 481
113 421
46 145
257 543
36 345
88 509
50 421
406 558
57 449
74 471
19 192
93 251
99 558
152 551
267 386
117 280
118 302
380 410
312 376
238 540
158 457
191 518
364 523
269 313
315 534
31 227
10 432
258 411
7 188
191 243
236 523
265 561
174 511
199 492
247 291
404 535
233 356
108 358
190 499
91 418
4 293
97 107
97 528
11 77
84 503
417 509
175 340
196 234
37 447
204 424
100 227
1 457
339 345
148 470
13 44
92 468
154 350
404 493
32 249
91 181
249 469
6 307
330 423
98 201
227 489
33 298
19 69
105 453
85 544
32 277
249 286
35 272
296 499
148 348
207 530
347 488
255 407
486 488
22 57
6 391
117 178
231 295
4 463
406 494
126 373
250 380
11 429
130 340
87 96
306 372
326 333
207 359
115 546
28 143
45 357
255 429
248 529
315 539
208 477
65 514
139 439
225 522
55 419
153 330
75 281
216 246
262 329
108 136
355 375
214 308
225 460
60 176
294 515
32 234
35 269
98 560
166 203
182 401
62 345
225 481
271 274
464 521
148 477
22 473
31 156
411 458
114 264
259 369
272 516
242 303
237 313
335 557
212 551
355 475
55 255
126 220
323 481
418 507
109 138
19 135
436 521
211 432
89 514
135 243
373 515
78 113
76 347
356 390
18 37
291 317
170 220
9 112
49 87
49 269
394 411
386 485
113 455
182 249
419 524
217 248
96 404
356 548
123 190
308 425
165 499
69 302
315 399
270 461
100 164
366 425
11 79
72 342
146 464
3 22
141 227
56 231
55 102
409 544
375 451
298 441
208 416
304 414
2 153
89 385
16 97
256 328
311 557
183 320
186 470
89 461
202 412
86 365
249 483
132 242
163 417
244 403
37 480
123 160
164 291
255 357
204 350
71 345
155 412
171 231
22 326
13 433
289 390
189 313
99 556
113 454
309 499
49 285
35 427
182 300
146 257
229 267
373 477
73 217
235 478
319 504
210 456
124 210
372 391
90 286
332 391
149 547
59 193
56 280
204 283
43 289
158 282
222 421
120 186
334 484
8 262
18 134
188 531
117 270
180 226
64 436
54 167
266 406
229 284
131 315
11 230
11 201
34 210
369 420
351 470
276 548
329 543
38 343
168 545
289 414
2 199
25 554
135 501
169 532
261 464
297 337
72 279
401 437
366 393
158 538
145 149
154 484
132 215
5 328
30 322
440 447
240 500
102 394
233 271
167 227
201 443
186 431
119 348
297 458
396 496
21 249
121 558
396 398
112 150
166 167
37 528
441 510
7 330
236 264
23 109
105 111
134 333
429 514
152 193
115 178
361 522
48 255
42 169
261 285
220 375
281 502
118 234
16 24
105 160
80 532
92 481
9 67
267 496
368 557
171 196
397 409
258 541
111 497
160 190
460 554
282 290
99 155
207 320
180 486
149 463
348 530
88 190
126 490
83 375
20 250
350 508
454 523
85 512
109 424
3 113
19 516
120 373
38 512
20 385
330 416
288 344
311 313
462 480
214 283
21 49
233 469
336 517
63 401
89 483
159 239
93 456
84 522
334 343
467 532
22 475
89 312
119 191
223 355
391 543
182 307
143 374
69 108
116 186
53 561
110 226
103 277
64 385
96 528
128 428
70 245
130 186
451 529
160 288
45 238
422 516
1 27
35 232
13 124
58 195
129 393
184 243
430 440
158 474
510 548
3 543
5 463
1 18
282 393
124 161
506 510
76 401
19 528
102 513
467 476
248 528
234 560
167 409
156 498
93 305
100 196
183 249
92 177
301 514
312 375
129 285
142 350
195 495
50 128
328 501
546 559
131 260
544 560
77 90
231 301
52 242
198 248
239 357
25 555
256 271
221 414
211 368
148 557
225 449
19 163
364 438
428 547
32 541
221 357
65 216
42 170
175 332
393 532
271 349
426 446
83 353
320 415
59 201
55 542
91 460
289 361
159 485
144 487
18 517
305 549
338 547
243 374
20 254
196 447
367 418
128 170
139 289
79 328
67 396
452 561
286 509
202 236
160 426
126 550
113 405
223 403
278 306
35 166
5 205
455 504
349 541
343 395
47 501
8 232
206 365
68 72
486 500
82 533
248 374
72 87
270 338
157 265
454 538
143 290
168 364
122 358
351 394
16 417
123 516
295 427
13 230
30 58
182 188
112 145
16 187
360 409
281 551
284 544
126 465
7 423
126 438
303 480
82 449
259 369
67 194
95 382
112 306
32 321
71 398
167 181
271 490
356 386
117 320
479 522
94 196
116 133
51 66
303 430
351 409
12 319
332 454
109 407
25 44
249 305
186 221
231 439
68 97
132 139
151 338
28 201
