167087561 654
167087561 654
167087561 654
167087296 654
167087296 654
167087296 654
167087709 654
167088120 654
167088120 654
167087404 654
167086585 654
167086585 654
167086585 654
167087540 654
167086688 654
167087620 654
167087620 654
167088119 654
167088357 654
167088357 654
167088197 654
167087616 654
167087616 654
167087616 654
167087616 654
167086921 654
167086732 654
167086732 654
167086732 654
167087110 654
167086608 654
167086608 654
167085613 654
167085613 654
167085613 654
167085687 654
167085515 654
167085515 654
167085710 654
167085710 654
167085541 654
167086085 654
167086085 654
167086085 654
167086085 654
167086085 654
167085361 654
167085361 654
167085361 654
167085361 654
167085361 654
167085880 654
167085880 654
167085880 654
167085008 654
167084190 654
167084190 654
167084190 654
167084419 654
167084419 654
167084159 654
167084159 654
167084159 654
167084159 654
167083823 654
167083823 654
167083248 654
167083248 654
167083248 654
167083248 654
167083248 654
167083248 654
167084071 654
167084071 654
167083103 654
167083103 654
167083934 654
167083774 654
167084292 654
167084286 654
167083397 654
167083755 654
167084647 654
167084658 654
167084849 654
167084849 654
167084849 654
167084849 654
167084849 654
167084849 654
167085118 654
167084727 654
167084727 654
167084727 654
167085212 654
167085928 654
167085928 654
167085928 654
167085928 654
167085928 654
167085693 654
167086081 654
167085737 654
167086694 654
167086694 654
167086694 654
167086694 654
167087219 654
167087219 654
167087219 654
167087570 654
167087570 654
167087570 654
167087244 654
167087244 654
167087244 654
167088110 654
167088983 654
167088983 654
167089871 654
167089410 654
167090139 654
167090139 654
167089322 654
167089322 654
167090189 654
167090189 654
167090467 654
167090467 654
167090467 654
167090467 654
167090467 654
167091318 654
167091318 654
167091318 654
167091318 654
167091385 654
167091385 654
167091385 654
167091488 654
167091488 654
167091488 654
167090587 654
167091081 654
167091416 654
167090581 654
167089587 654
167090039 654
167089632 654
167089837 654
167089594 654
167089080 654
167089987 654
167089987 654
167089987 654
167090158 654
167090158 654
167090370 654
167089956 654
167089956 654
167089956 654
167089956 654
167089956 654
167089956 654
167090162 654
167090162 654
167090162 654
167090162 654
167089703 654
167089340 654
167089340 654
167089013 654
167089242 654
167089208 654
167088740 654
167088740 654
167088453 654
167088846 654
167089448 654
167089448 654
167089280 654
167089414 654
167089414 654
167090321 654
167090321 654
167090770 654
167090526 654
167091132 654
167091413 654
167091413 654
167091261 654
167090827 654
167090827 654
167091418 654
167091225 654
167090419 654
167090419 654
167090029 654
167090029 654
167090029 654
167090178 654
167091094 654
167091678 654
167090919 654
167090919 654
167090919 654
167090919 654
167091129 654
167091817 654
167091964 654
167092604 654
167092872 654
167092283 654
167092283 654
167092548 654
167091667 654
167091667 654
167091667 654
167091667 654
167091058 654
167091058 654
167091252 654
167091252 654
167091252 654
167090589 654
167090589 654
167090589 654
167090979 654
167090979 654
167090339 654
167090339 654
167090761 654
167090387 654
167090816 654
167091808 654
167092337 654
167093073 654
167093073 654
167092933 654
167093898 654
167093761 654
167092908 654
167093864 654
167093864 654
167094328 654
167094328 654
167093436 654
167093211 654
167094187 654
167094867 654
167095580 654
167096290 654
167096290 654
167096290 654
167095925 654
167095925 654
167096145 654
167096362 654
167096419 654
167096784 654
167096784 654
167096784 654
167096968 654
167096819 654
167096819 654
167096625 654
167096625 654
167096625 654
167097566 654
167097566 654
167097566 654
167097566 654
167097119 654
167097119 654
167097119 654
167096959 654
167096959 654
167096454 654
167096851 654
167096644 654
167096644 654
167097269 654
167097269 654
167096541 654
167097373 654
167097373 654
167096569 654
167097437 654
167098304 654
167098304 654
167098304 654
167097625 654
167096680 654
167096680 654
167096410 654
167096410 654
167097146 654
167098139 654
167098827 654
167098827 654
167098827 654
167098827 654
167099005 654
167098815 654
167099779 654
167099779 654
167100359 654
167100359 654
167100353 654
167100200 654
167099238 654
167098378 654
167098378 654
167098378 654
167099361 654
167099361 654
167099250 654
167099250 654
167099838 654
167099649 654
167099649 654
167099112 654
167099803 654
167099803 654
167099800 654
167100430 654
167100430 654
167100430 654
167100196 654
167100196 654
167100196 654
167099731 654
167098897 654
167098615 654
167097878 654
167097878 654
167098567 654
167098922 654
167098922 654
167098922 654
167099771 654
167100259 654
167101100 654
167101100 654
167101100 654
167101100 654
167100280 654
167099778 654
167098870 654
167099198 654
167099198 654
167099198 654
167099136 654
167099136 654
167099136 654
167099498 654
167099498 654
167100252 654
167100706 654
167101467 654
167101467 654
167101467 654
167102239 654
167102239 654
167103161 654
167103470 654
167104297 654
167104297 654
167103333 654
167103333 654
167103333 654
167102854 654
167101993 654
167101993 654
167101993 654
167102264 654
167102264 654
167102423 654
167102001 654
167101801 654
167101801 654
167101801 654
167101426 654
167101426 654
167101426 654
167101426 654
167101426 654
167101426 654
167101426 654
167101426 654
167100581 654
167100581 654
167100581 654
167100581 654
167100773 654
167100773 654
167101043 654
167101043 654
167101043 654
167100724 654
167100724 654
167100724 654
167100370 654
167100370 654
167100370 654
167100370 654
167100370 654
167100370 654
167101289 654
167101625 654
167101592 654
167102182 654
167102182 654
167102594 654
167102594 654
167102594 654
167102594 654
167102594 654
167102103 654
167102149 654
167102721 654
167103202 654
167103412 654
167103531 654
167103531 654
167103531 654
167102815 654
167102928 654
167103799 654
167103799 654
167103714 654
167103057 654
167103057 654
167103057 654
167103057 654
167103391 654
167102849 654
167103802 654
167103802 654
167104785 654
167104874 654
167104584 654
167104584 654
167104584 654
167104861 654
167105486 654
167104671 654
167104671 654
167104054 654
167103305 654
167102968 654
167103215 654
167103215 654
167103215 654
167103215 654
167103215 654
167103215 654
167102788 654
167102788 654
167102524 654
167102524 654
167101724 654
167101724 654
167101724 654
167101712 654
167101659 654
167102245 654
167102792 654
167102792 654
167102792 654
167103777 654
167103777 654
167103869 654
167103299 654
167102312 654
167102312 654
167102312 654
167101455 654
167101455 654
167101455 654
167101852 654
167101852 654
167101852 654
167102636 654
167102636 654
167102461 654
167102640 654
167102640 654
167103529 654
167103529 654
167103529 654
167103744 654
167103919 654
167103919 654
167103919 654
167104401 654
167103918 654
167103918 654
167103918 654
167103918 654
166007464 692
166007464 692
166008244 692
166008244 692
166008198 692
166007719 692
166007719 692
166006881 692
166006881 692
166006368 692
166006368 692
166006368 692
166006952 692
166006952 692
166006453 692
166007409 692
166008265 692
166008593 692
166007797 692
166008598 692
166008541 692
166009008 692
166008928 692
166008928 692
166008930 692
166009726 692
166010025 692
166009592 692
166009592 692
166009481 692
166009481 692
166009586 692
166009586 692
166009952 692
166009952 692
166010722 692
166010722 692
166010722 692
166010722 692
166010722 692
166010739 692
166011103 692
166011123 692
166011123 692
166012111 692
166012301 692
166012301 692
166012409 692
166012016 692
166012358 692
166013241 692
166013241 692
166013258 692
166013559 692
166012710 692
166012333 692
166012333 692
166012333 692
166012688 692
166012922 692
166012922 692
166012922 692
166013435 692
166013435 692
166012607 692
166012354 692
166012394 692
166011622 692
166011622 692
166012542 692
166012282 692
166012282 692
166012282 692
166011530 692
166012352 692
166012075 692
166011757 692
166012656 692
166012027 692
166012027 692
166012027 692
166011636 692
166011636 692
166011636 692
166011636 692
166011918 692
166011918 692
166011918 692
166011445 692
166011713 692
166011805 692
166011843 692
166011141 692
166011141 692
166011141 692
166011141 692
166010243 692
166010902 692
166010902 692
166010902 692
166011670 692
166011267 692
166011198 692
166011808 692
166011126 692
166011126 692
166011073 692
166011073 692
166011073 692
166010876 692
166010876 692
166009924 692
166009924 692
166009924 692
166010216 692
166010999 692
166010999 692
166010035 692
166009097 692
166009343 692
166010290 692
166010703 692
166011233 692
166011233 692
166011233 692
166011233 692
166011233 692
166012130 692
166012130 692
166012719 692
166012652 692
166011887 692
166011887 692
166012720 692
166012720 692
166012745 692
166011896 692
166011896 692
166011896 692
166012713 692
166012713 692
166012096 692
166012096 692
166012096 692
166011697 692
166012191 692
166011253 692
166011253 692
166010455 692
166011260 692
166011260 692
166011260 692
166012194 692
166012190 692
166012190 692
166012190 692
166012168 692
166012451 692
166012451 692
166012872 692
166012725 692
166011991 692
166011692 692
166011692 692
166011692 692
166011692 692
166011656 692
166011656 692
166011884 692
166012440 692
166012625 692
166013615 692
166013149 692
166013149 692
166013149 692
166012872 692
166013271 692
166013271 692
166014015 692
166014015 692
166014015 692
166014015 692
166013361 692
166013361 692
166013361 692
166014217 692
166014096 692
166013500 692
166013341 692
166013341 692
166013341 692
166012385 692
166012385 692
166013015 692
166013015 692
166013590 692
166013590 692
166013590 692
166014048 692
166013670 692
166014331 692
166014331 692
166015324 692
166015919 692
166016842 692
166016638 692
166016491 692
166016948 692
166016948 692
166016948 692
166016948 692
166016851 692
166016754 692
166016783 692
166016783 692
166017470 692
166017470 692
166017163 692
166017727 692
166017727 692
166017727 692
166017727 692
166017400 692
166017400 692
166017400 692
166017016 692
166016076 692
166016076 692
166016076 692
166016076 692
166016766 692
166016562 692
166016562 692
166016562 692
166016871 692
166016905 692
166016905 692
166017080 692
166016643 692
166016643 692
166016643 692
166016722 692
166016722 692
166016722 692
166015945 692
166016368 692
166016368 692
166016368 692
166016368 692
166016368 692
166016388 692
166016388 692
166015944 692
166015591 692
166015591 692
166015591 692
166015591 692
166015591 692
166015591 692
166015591 692
166015652 692
166015652 692
166016472 692
166016877 692
166017696 692
166017696 692
166017696 692
166017813 692
166017813 692
166018465 692
166018465 692
166018465 692
166018465 692
166017794 692
166017250 692
166017250 692
166017250 692
166017250 692
166017250 692
166017250 692
166017250 692
166017531 692
166017531 692
166017531 692
166017531 692
166018164 692
166018150 692
166018653 692
166018653 692
166018812 692
166018812 692
166018812 692
166018812 692
166019685 692
166018692 692
166019360 692
166018931 692
166019014 692
166019558 692
166019958 692
166019958 692
166019958 692
166019958 692
166019958 692
166019958 692
166020281 692
166020281 692
166019316 692
166019316 692
166019316 692
166019316 692
166020014 692
166020014 692
166020014 692
166020014 692
166020014 692
166020014 692
166020014 692
166020014 692
166020014 692
166020398 692
166020398 692
166021086 692
166021272 692
166021813 692
166021813 692
166021813 692
166022186 692
166021409 692
166021959 692
166021086 692
166021086 692
166021383 692
166020596 692
166020596 692
166020384 692
166020963 692
166020178 692
166020178 692
166020178 692
166020802 692
166020802 692
166021532 692
166021324 692
166021324 692
166021324 692
166021730 692
166021730 692
166022038 692
166022038 692
166022038 692
166022516 692
166022216 692
166022216 692
166021928 692
166022392 692
166022248 692
166022248 692
166022248 692
166022248 692
166022792 692
166022792 692
166022792 692
166023554 692
166023554 692
166023554 692
166023554 692
166023554 692
166023554 692
166023673 692
166023578 692
166023578 692
166023578 692
166023743 692
166023743 692
166023743 692
166024042 692
166024042 692
166024443 692
166024076 692
166024076 692
166024076 692
166024473 692
166023590 692
166024213 692
166024639 692
166024639 692
166024767 692
166024094 692
166024170 692
166024215 692
166024215 692
166023629 692
166023629 692
166023629 692
166023629 692
166023702 692
166024107 692
166024107 692
166024107 692
166024107 692
166024107 692
166023777 692
166023777 692
166024183 692
166024900 692
166024253 692
166024253 692
166023927 692
166024237 692
166024845 692
166024845 692
166025278 692
166025351 692
166025351 692
166025351 692
166025351 692
166025999 692
166025999 692
166025619 692
166025189 692
166024689 692
166025114 692
166025454 692
166025216 692
166024897 692
166024897 692
166025218 692
166025218 692
166025218 692
166025218 692
166025218 692
166025457 692
166025457 692
166025457 692
166025457 692
166026327 692
166026918 692
166026918 692
166027342 692
166026640 692
166025990 692
166025990 692
166025110 692
166025612 692
166025612 692
166024851 692
166024831 692
166024625 692
166024413 692
166024366 692
166024366 692
166023873 692
166023873 692
166023873 692
166023322 692
166023109 692
166023109 692
166023109 692
166023109 692
166022555 692
166022555 692
166022555 692
166021876 692
166021488 692
166021488 692
166021488 692
166020581 692
166021293 692
166021880 692
166021880 692
166021880 692
166022075 692
166022421 692
166023090 692
166022718 692
166022930 692
166023187 692
166022513 692
166022513 692
166022513 692
166022513 692
166022513 692
166022513 692
166022513 692
166022513 692
166022564 692
166022676 692
166022572 692
166021638 692
166021638 692
166021638 692
166022191 692
166022191 692
166022338 692
166022338 692
166022381 692
166021508 692
166021508 692
166022145 692
168913412 692
168913224 692
168913893 692
168913893 692
168913772 692
168913772 692
168913772 692
168913772 692
168913772 692
168913793 692
168913679 692
168913679 692
168913679 692
168913497 692
168913497 692
168913497 692
168914225 692
168913755 692
168913755 692
168913755 692
168913755 692
168912915 692
168912915 692
168913212 692
168913212 692
168913212 692
168913021 692
168912791 692
168912791 692
168912791 692
168913659 692
168914144 692
168914148 692
168914971 692
168914832 692
168914832 692
168914832 692
168914832 692
168915549 692
168916465 692
168916465 692
168916465 692
168915637 692
168915369 692
168915748 692
168915748 692
168915748 692
168915856 692
168916289 692
168916598 692
168916598 692
168915653 692
168915653 692
168915653 692
168916152 692
168916130 692
168915927 692
168915927 692
168916729 692
168916566 692
168916616 692
168916616 692
168916065 692
168916065 692
168916065 692
168916483 692
168916483 692
168917209 692
168916465 692
168916465 692
168916465 692
168916465 692
168917142 692
168917142 692
168917288 692
168917288 692
168917288 692
168916896 692
168916896 692
168917215 692
168917940 692
168917940 692
168917940 692
168917940 692
168917143 692
168916201 692
168916910 692
168916910 692
168916773 692
168917449 692
168917449 692
168917449 692
168917449 692
168917449 692
168917449 692
168917449 692
168917449 692
168916455 692
168917291 692
168917306 692
168916907 692
168917435 692
168917435 692
168917435 692
168916677 692
168916838 692
168916838 692
168916838 692
168916005 692
168916005 692
168916005 692
168916005 692
168916005 692
168916005 692
168916832 692
168916832 692
168916832 692
168915926 692
168916540 692
168915708 692
168915708 692
168914943 692
168914819 692
168914819 692
168914819 692
168914819 692
168914705 692
168914705 692
168914705 692
168914705 692
168914705 692
168913731 692
168913731 692
168913731 692
168914609 692
168914969 692
168914969 692
168913989 692
168913989 692
168914885 692
168914885 692
168914863 692
168915732 692
168914871 692
168914242 692
168913733 692
168913733 692
168913733 692
168913733 692
168913733 692
168913733 692
168913829 692
168913829 692
168914075 692
168914786 692
168915228 692
168915228 692
168914752 692
168914752 692
168914937 692
168914937 692
168914362 692
168914362 692
168914315 692
168914315 692
168914315 692
168914315 692
168913338 692
168913338 692
168913338 692
168912967 692
168911969 692
168911969 692
168911969 692
168911969 692
168911779 692
168911779 692
168912004 692
168912004 692
168912004 692
168912725 692
168912725 692
168912725 692
168912712 692
168913530 692
168913530 692
168913530 692
168913994 692
168913994 692
168913994 692
168914141 692
168914141 692
168914141 692
168914141 692
168913524 692
168913447 692
168913503 692
168913068 692
168913068 692
168912338 692
168912338 692
168912338 692
168912338 692
168912442 692
168913212 692
168913212 692
168913212 692
168912709 692
168913236 692
168913236 692
168913236 692
168913236 692
168913672 692
168912716 692
168912716 692
168912716 692
168912259 692
168912259 692
168912259 692
168912259 692
168912966 692
168912966 692
168912966 692
168912966 692
168912609 692
168912609 692
168912609 692
168912431 692
168912431 692
168911438 692
168912292 692
168912107 692
168912107 692
168912309 692
168912309 692
168912309 692
168912309 692
168912652 692
168912652 692
168911878 692
168911878 692
168912647 692
168912593 692
168912593 692
168912014 692
168912761 692
168912761 692
168912761 692
168912761 692
168913099 692
168913655 692
168913531 692
168914444 692
168914650 692
168914650 692
168914650 692
168914650 692
168914650 692
168914763 692
168914763 692
168914763 692
168914763 692
168915141 692
168915141 692
168915141 692
168915141 692
168914910 692
168915038 692
168914762 692
168914233 692
168913960 692
168913960 692
168913960 692
168913390 692
168912787 692
168912787 692
168913723 692
168913723 692
168913723 692
168913516 692
168914199 692
168914199 692
168914199 692
168914834 692
168914451 692
168914451 692
168915116 692
168915476 692
168915476 692
168915476 692
168915476 692
168915476 692
168915476 692
168915648 692
168916155 692
168916280 692
168916280 692
168915322 692
168914575 692
168914575 692
168914575 692
168914575 692
168914575 692
168913585 692
168913585 692
168913350 692
168914271 692
168914271 692
168914604 692
168914847 692
168914847 692
168914570 692
168914570 692
168914110 692
168914110 692
168914415 692
168914415 692
168914415 692
168914415 692
168914415 692
168914671 692
168914161 692
168914161 692
168914161 692
168914161 692
168914161 692
168914161 692
168914161 692
168914930 692
168914930 692
168914930 692
168914169 692
168914169 692
168913468 692
168914017 692
168913079 692
168912654 692
168912654 692
168911670 692
168911595 692
168912102 692
168913043 692
168913147 692
168913683 692
168913634 692
168913634 692
168912982 692
168912982 692
168912982 692
168912143 692
168912143 692
168912143 692
168911864 692
168911864 692
168911864 692
168911864 692
168911864 692
168911738 692
168912271 692
168912271 692
168912384 692
168912017 692
168912926 692
168913802 692
168913802 692
168913802 692
168913802 692
168913802 692
168913802 692
168913802 692
168914395 692
168914395 692
168914395 692
168914395 692
168915278 692
168915278 692
168915278 692
168915278 692
168915278 692
168915278 692
168915278 692
168915278 692
168915278 692
168915278 692
168915278 692
168915278 692
168915278 692
168915278 692
168915278 692
168915278 692
168915278 692
168915278 692
168914416 692
168915323 692
168915760 692
168915760 692
168915323 692
168914335 692
168914590 692
168914590 692
168914590 692
168914590 692
168915015 692
168914490 692
168914490 692
168914281 692
168913935 692
168913935 692
168914865 692
168914865 692
168914130 692
168914130 692
168914130 692
168913432 692
168913432 692
168914289 692
168914289 692
168914289 692
168914289 692
168914289 692
168914745 692
168914745 692
168914745 692
168915073 692
168915073 692
168914146 692
168914146 692
168914578 692
168914578 692
168914354 692
168914354 692
168915147 692
168915147 692
168915589 692
168915589 692
168915862 692
168915355 692
168915355 692
168915355 692
168915355 692
168915812 692
168916225 692
168915342 692
168915331 692
168915331 692
168915957 692
168915957 692
168915842 692
168915842 692
168915842 692
168915842 692
168915842 692
168915842 692
168915842 692
168915842 692
168915842 692
168915842 692
168915941 692
168915941 692
168915941 692
168915761 692
168914887 692
168914887 692
168915301 692
168915521 692
168915521 692
168916366 692
168917170 692
168916546 692
168916257 692
168915825 692
168915052 692
168915052 692
168915052 692
168915693 692
168916401 692
168917291 692
168917291 692
168917291 692
168917852 692
168916913 692
168916913 692
168916913 692
168916913 692
168916913 692
168917407 692
168917407 692
168917407 692
168917499 692
168917499 692
168917499 692
168917499 692
168916792 692
168917744 692
168917744 692
168916847 692
168916796 692
168916796 692
168916796 692
168917183 692
