1.5269 33.1249
-0.4500 77.6163
-0.1921 72.2381
-0.2137 70.7812
-0.3436 82.5634
-0.3682 83.4864
-0.3574 83.5810
-0.4314 85.7627
-0.4357 86.9791
-0.5063 92.5363
-0.3917 83.9977
-0.3456 79.7080
-0.2260 76.3767
-0.2141 75.4646
-0.2143 75.4807
-0.2674 75.8167
-0.3254 79.9964
-0.3641 81.3243
-0.3713 81.5792
-0.3646 80.6226
-0.3476 80.4604
-0.3451 80.6188
-0.2585 77.6363
-0.2561 77.4260
-0.2710 79.3820
-0.2591 77.6209
-0.2792 78.0920
-0.2766 77.3442
-0.2803 78.3784
-0.3037 80.1382
-0.2956 80.5101
-0.2718 80.0154
-0.2508 79.2872
-0.2328 78.5501
-0.2470 79.9666
-0.2529 80.1129
-0.2794 82.3130
-0.2803 82.3337
-0.2845 82.3925
-0.3065 83.0282
-0.3166 83.4272
-0.2607 79.0167
-0.2131 75.4215
-0.1824 74.3940
-0.1858 74.5097
-0.1850 74.4813
-0.1835 74.5760
-0.1706 73.5086
-0.1699 72.9540
