50
12.4489 52.1328
38.3809 91.7276
83.2122 28.6720
80.5470 75.1891
60.9316 47.2941
35.0791 93.6572
97.3564 45.5341
70.3864 63.4636
83.7952 31.7082
59.2529 69.6836
23.9373 92.1250
14.7675 58.2167
34.3863 46.7574
82.9694 97.3787
19.5042 67.7748
41.1114 66.8052
68.6338 18.2720
15.1062 93.6105
95.8957 34.6163
98.5468 42.5103
45.8895 52.1942
73.5371 71.3347
62.9356 65.4675
91.7878 97.7024
30.9166 67.8082
46.2025 94.5567
48.0080 36.9647
78.6684 38.2640
53.7150 45.7535
53.6247 87.1894
20.2186 87.0809
62.4427 87.4692
75.2122 86.2819
87.4953 72.2365
98.9543 65.4821
41.3764 90.3262
78.8762 53.0413
30.3945 97.8249
77.5013 59.3896
73.8032 54.2783
81.2330 31.8668
92.9590 45.7767
24.1302 28.4040
16.5969 38.6191
87.2272 91.8195
87.8116 54.3882
85.7576 59.7375
65.9148 71.1618
29.2232 54.4559
58.5992 37.8567