2642
-437428 373712
129206 -294747
-478104 31450
-13055 337887
-389759 -483204
16060 92926
454537 329311
196598 298217
-7870 -374785
364459 76035
39910 147111
-201334 -34329
242508 -73246
459085 -164221
-210137 -360682
103900 -424498
3929 -416634
-312411 -392112
466191 -404387
-335098 471242
35610 416840
284170 69637
6345 309964
90712 26784
36512 161735
-208733 -390547
-186602 40622
410497 464264
-35579 -445883
113261 448948
220700 210553
40717 -341928
325386 -308452
151662 274306
471559 -247805
486387 130757
405843 -216434
402201 -67126
-20309 -6073
-33361 -323689
377585 -304242
97202 123708
-77174 -20869
257090 423141
159697 -200921
47668 324278
433833 -167757
439530 -450984
317548 -79361
379491 158403
252139 484927
239786 -165083
-142198 481944
-192410 -453564
-154207 387197
-187359 -161060
-243945 371588
487709 148531
-5461 -85453
-327689 -456688
365368 -484422
-14302 351736
-343997 -181418
-426607 228126
-349614 -433973
320265 -30315
71638 -413448
-424946 361280
-211892 -173582
-362328 168569
217305 468547
-108909 287862
-322743 52246
-368884 -442603
-272364 31073
-333388 -471478
256877 178600
218886 -472474
260495 -229466
-143366 -340324
-175551 2140
-316034 277402
80703 332373
-223927 25823
126861 -358605
-15357 -258418
409196 316634
-380766 271380
202664 211722
-50627 -161718
296386 -448712
-193770 170654
291057 -281498
230443 -246902
-93413 220190
319276 379350
104838 -160883
-443501 289991
269484 -89881
196159 -84375
-168098 133212
-375430 -19023
424702 46536
-35227 201198
-337475 -67352
343444 84439
188324 -13871
345132 432311
453521 -463849
-400026 -188838
-397114 -219991
-10447 71144
154333 -461184
-438167 141809
452653 -482208
11070 476712
-2074 -26264
-456148 14663
306712 396084
-174397 -103706
394462 -474311
-464397 -384553
813 443365
-100824 68879
-228021 -10300
48567 34341
273129 284097
88619 -237103
399203 104722
-53710 396976
-201635 -112081
-443972 473863
-445593 408213
136369 194426
294835 347738
-77690 -192818
-379301 -12867
256809 -269250
-147890 227867
-253903 208028
-475086 -281104
183681 -69096
55375 -448479
-153746 421868
46867 315450
129351 202657
123835 292370
-156462 4118
-311993 -344418
487221 274541
-285181 218691
-390267 462080
-240359 117931
353123 -246375
-325846 -314619
259689 -451148
-226430 -30689
-218516 133128
-439990 29302
78747 95274
-10944 -387159
-270806 -406641
-109626 -210351
-190895 -269171
447146 -410705
-266194 -390158
-183501 407616
413008 415558
-119814 296645
469316 249434
-130903 341500
-402926 255351
-447359 7262
-194702 -258740
-297156 -61090
-310048 -179464
395866 134546
208566 -374454
257621 -236375
-379059 -154398
407124 10701
115061 -315367
54959 395524
116788 78578
401267 321507
321281 419193
-457003 432141
-477764 -158413
-59711 91006
-322528 363867
422350 -465294
-283382 229162
190520 29144
103298 399809
355556 488219
-388291 -496048
-150960 346479
-209603 149565
169831 -8517
-122312 212021
266458 -166930
254750 42911
257759 94774
-184372 -436542
451812 -462572
496713 262922
-167093 -248530
250994 143005
36195 -386399
129466 69244
63807 351475
-429082 288289
71884 -394688
92612 -488265
-370300 499463
-1844 361894
-300134 95466
124945 409127
22102 -192409
376049 432159
-392056 -68842
-78711 76751
-261627 -301983
-162867 453079
156276 -177490
212354 -377669
483227 68590
-377281 178847
-299570 -197549
295266 6272
-376474 -350616
391260 -294111
400436 404495
-461079 -429152
395167 -103915
350530 -295572
163922 62275
-928 -18260
206195 253857
268634 365526
196999 -357474
-243145 -130445
290213 -115772
237210 -443933
-204964 -69743
177510 -469481
-146711 413680
-110833 -83689
-348447 295906
91327 -221133
17567 473930
-410061 56529
67810 302095
-7322 289721
325064 -269836
371544 -291861
28003 -384091
287088 -88382
82736 -265327
-390751 -330175
-378488 366837
106131 11852
-122245 251632
-13724 -310770
-397452 227051
-42958 420974
433218 -405525
354573 391207
-221879 41214
379252 -42085
-347898 35977
-70975 -364430
-305438 293966
293877 -74173
-326833 -89932
134491 67459
113952 86571
397399 175883
-296493 425587
59137 184490
437044 -377398
366917 -193067
-247890 431609
116619 -77580
95223 -287735
-11782 -312655
279703 28621
450389 -300705
389601 128576
372660 -314136
308740 382543
433787 -285919
476564 -469967
-323913 -141734
478329 -141988
309141 -244215
-141190 -353866
-337618 -318638
83481 270057
-7794 327805
165661 -195640
168418 7811
-437568 -118486
481679 -394935
-171159 430084
421945 220558
353049 -433739
-2061 -193468
-221779 429283
-149285 -317029
397573 -239006
481412 2010
-205280 227858
-355053 436415
-266125 -189563
-105847 191224
328126 162135
-55124 -124051
243309 8247
-420944 191578
-130212 -396367
430235 -426366
-108258 -491991
7763 319347
88216 212383
7174 21060
268563 254005
-429744 223100
-467643 41919
-168263 159945
475702 -41360
463675 -311528
64849 -427520
314914 150244
268577 117780
453403 -496731
353647 -389171
176205 -74164
364515 412052
440807 467728
-57490 329042
-152010 -389110
-267683 269008
-257594 -403067
-301410 -190933
231332 347851
-272349 444852
-51789 -172480
-22766 -209283
-95424 -316044
303331 -474184
256309 192595
-481415 42833
327548 338055
-113367 -372946
318441 -355079
-462108 7476
-25383 352966
66551 -292379
-276991 -494493
-105222 256640
-342629 455321
429799 223590
182637 302260
384223 288514
24772 -396694
455682 -364342
375761 467950
-438406 -295163
-61838 -259989
89041 75192
237557 493099
-46535 3651
-174325 -348208
390103 141875
147275 -80385
476472 -338784
183226 143095
-124214 -406243
268903 266668
-90732 -142856
-319279 414972
70035 -176768
147788 360453
297546 192245
-247269 471098
-246132 260823
230368 377388
-339858 305904
-241693 192399
-181030 -85329
374175 369251
463549 -466318
-443852 255738
88265 24339
242583 -236429
431728 78423
-24347 42916
-123075 458713
-73617 -268690
30926 347536
386503 -154548
-143856 -25478
-55558 -337517
354846 50851
187352 151844
-164652 -251438
-478625 -207685
-366796 103125
-75188 -395443
223364 -226576
-84924 75897
359176 127521
-115615 -299978
357206 175417
-71411 -35741
-430708 37364
205574 152719
108691 -419215
-334256 -16312
267709 -349070
241721 400707
313992 384922
-369400 80730
416895 20230
-97516 -404412
38800 325927
-69819 -347649
-221646 45716
44306 -26261
-492670 -420496
27099 -11827
-255970 109772
-327339 -497161
208190 -147237
297746 -16554
-137846 397014
441603 179996
395028 318966
276210 278065
118200 -470062
-389403 101068
355733 478013
-334949 -301352
492300 -219554
-121431 276161
-445477 -315154
460194 104314
-338260 -215318
-51654 -489904
101040 129267
-485865 -100900
52853 -99388
-220873 -160022
-365496 348995
195973 -372634
347114 -105904
201846 231
-455828 8627
265699 -96365
484582 68717
297823 -312358
257348 492384
352156 283174
60373 -3654
-73708 -212384
-457281 -166536
-317746 21765
442456 -357808
81590 -209357
-212733 -373926
397245 -396512
-111707 -268881
-332802 474389
-295572 -321893
344287 414388
-362336 91915
-160658 -240087
158900 -183610
-484807 195393
97280 360913
-39948 -125871
-59278 392658
440788 -291629
-184153 356683
258100 262973
385235 -483424
288078 -23837
374649 -321372
-253717 -177351
-155974 287687
329979 -7896
-483399 -478226
167831 -252335
350721 175068
-198865 454991
-350667 91855
-305383 334331
449207 -80471
-395818 194938
26589 191756
-464123 352753
-167126 -439447
247435 -321594
175290 198505
158009 483442
72340 -122339
-371792 -478201
-190275 83211
-362530 94261
224965 304892
32333 568
194677 281510
35945 3046
312958 -254689
-52228 404957
-46170 115776
-20229 16349
-404554 -388735
-483688 293882
-24583 -39502
-23651 274529
-203474 -340037
-45090 -145091
461276 -118631
256068 94468
-223665 -486825
152430 430530
-462869 392901
-332158 33348
274646 -361621
311067 -112469
-147910 -132720
196004 437057
-352481 221948
-180479 203652
310554 35940
-453706 -11131
160932 -429267
216410 -327983
426746 461378
-213500 -270918
-182396 -233929
-268394 -334286
-330384 223883
-481586 339591
-280766 -15612
-412089 -462110
-158595 161998
-353339 -111192
-390355 316517
94935 -54758
21563 -440302
172253 -89079
-485476 -374871
-211322 -402363
-285106 -399888
247522 84946
-183178 355799
167539 262173
-259062 -433010
-330283 -149439
-496532 135899
-147782 -260120
-50701 327668
481046 486392
282013 305530
-498816 -216316
-158872 -393508
-351924 62220
-200572 79865
192864 14813
422133 10863
-450194 -342290
465193 -474012
252822 425472
-137492 -140388
-491825 46211
303266 275117
-453694 -380980
-348198 -211278
464244 221646
173895 -117563
-427421 161881
-354900 -420026
482117 477010
445376 144475
357591 342452
235132 -435138
125740 83090
387355 -137384
-460835 347272
-164161 489434
-201840 450791
318338 451598
34352 -163239
-326613 238449
-471235 -266963
-51944 -138799
-48130 330399
281701 326289
-262879 428813
-154556 123814
-169535 496208
-72810 -429701
-373734 11909
-276873 158638
294851 378763
344501 -387348
-441835 484922
-32879 -352041
-223837 82833
216751 -453409
-128852 -348965
369008 -338004
-68227 -111556
-458224 -200556
-90205 -497605
123574 -115108
-126980 -403043
-340087 192033
-175079 382809
-362442 489579
-225795 -165299
221011 146127
-33644 -245613
-19248 462507
-366540 -184795
39730 -379728
334869 351760
-80434 199698
-496227 173684
380091 199368
380664 356988
150384 -162500
-48747 1912
-281816 -430591
-446025 -129734
440692 392833
344463 -108086
363865 231871
70412 217550
-102927 -319235
-8591 -342632
147742 -338113
-211961 -267878
-492928 205658
470558 192559
383869 -90542
418505 299286
-415755 195322
330230 439440
164887 -226668
408221 -419781
406112 -407042
328208 -299529
-56378 321878
451734 121792
430895 -433296
-137399 233362
403929 -282579
-146126 49981
-349141 465803
443947 284347
-393895 -161694
-493289 359959
461442 159542
138280 -383431
-478432 -25739
178038 -146830
-491098 -280312
-296793 -175677
266323 475258
-232068 374602
354615 -441540
-272159 -267595
-159527 208581
199139 -465328
397628 -280513
-100739 186968
386466 344061
-378720 255996
-258995 -392325
424942 -259577
-376597 460086
-19105 -318534
-330831 193727
410942 -73193
-370035 94827
437070 388033
-370137 403164
-227806 -57205
-274075 -129547
-346040 -158762
227133 395878
-327780 -433075
-206813 -113301
169882 -289035
-461580 -150541
-312868 -225946
-234740 -179251
83755 -100996
132168 42570
-448020 -365099
167537 239494
-22821 -197867
-321840 382472
38382 62344
191178 269080
-337165 -175794
-419046 -137583
110439 -266552
-165990 265684
-44137 135240
-11450 -109982
467172 382855
241310 -164924
-318448 324274
-41346 -269716
87283 -198880
460779 -30555
114788 456333
10159 -348936
52855 -176431
97235 -62012
204202 -396162
80112 -110977
322463 -105121
437480 -112316
-51047 446601
-23059 -126159
486185 -416833
-156553 -26510
256252 39312
237664 -307756
-246143 -208630
71971 -351922
-450589 170939
-1305 151618
-297098 -383257
-65941 213166
-258898 136930
407544 392780
316073 256685
272471 -163801
-471368 -79102
-383855 325503
484158 445288
11547 -367610
-366329 183815
-111212 -292270
81410 210881
323684 261329
-325209 70874
42644 -476464
100645 489527
304476 128241
-433588 225677
287116 103756
-290014 -404755
154475 118890
381770 65584
364999 426975
77736 -18634
-280137 -265330
103252 -8622
228663 -183526
-81342 -195923
-375839 295313
-229588 -468219
-233693 372327
146851 -493431
208255 -100834
290168 -39139
-100665 -860
36765 76144
257883 349233
249755 -364330
114227 -89202
22512 -463510
90635 -242643
-138517 -64732
-466730 307394
-48311 -285566
452783 -145273
219661 338463
-277336 -248023
-217778 288540
135978 -53671
-390241 -472260
103076 -346293
363224 405037
277503 -134448
360740 -211996
-116507 425952
-424728 25514
79548 -60647
-441300 45755
140399 210166
467515 -406507
409160 -257899
316109 166958
89682 -106421
277654 -18985
-67048 -121108
335975 406169
-464059 -87429
-130370 -151070
-189747 -346668
-361252 77531
32560 452094
326524 -135105
364272 373305
390852 -301261
139554 480775
-142814 -236070
-229805 75174
-170094 -127348
-86355 118153
-314917 370588
128254 466026
-262460 7765
335655 -146332
84872 -6415
237640 -224501
-174643 148228
-241907 -468013
-197288 -145553
380215 264226
-114409 -341841
348862 110587
-490985 493881
-368831 163163
352774 -43576
228384 288973
-335605 130045
373672 -291562
102437 -283785
-331868 -151512
-262149 345306
-318890 20486
-111632 302333
-11206 208880
62883 -463111
-139182 333283
-21891 32657
317592 220604
-228394 -38185
411234 294912
477796 15991
-127054 217893
-301592 321091
-463809 461377
175805 -387683
-52844 27644
-244595 -228377
89565 -17778
-134178 -380321
-138179 497528
-164497 431257
-368035 62547
-223151 75952
-158916 -115003
-354535 -196268
379731 255975
379595 -323226
152965 213077
340645 -375042
483124 -32559
-185734 50256
-100885 283874
-419533 118335
-48011 -129924
-221562 434260
491679 431545
464041 -148315
242891 375758
323989 383486
-428135 -490470
62070 469440
365362 -304793
-167753 -86426
-145545 285767
-476335 -27942
381681 -94757
-446499 145402
395380 -431456
438069 412260
-148951 275550
-215134 433174
-93447 36829
-488078 18692
409610 195675
197222 377445
-148010 -289926
221760 -324296
117887 -116117
140446 109055
-221744 415556
-245398 348307
-498940 -280072
-201459 -484795
-242979 -304211
457360 312294
-436981 485986
-294533 -330155
207925 340200
240668 298140
333222 -39758
137502 154490
-64511 76274
1100 -107114
-446733 -88485
-454617 -46826
259654 -187856
106771 -189996
-393939 -311550
152731 415332
235532 321607
251597 143790
183656 -438870
-209041 387371
118237 -229464
-60085 257181
156529 -356724
-478165 -87979
205945 146494
128219 -479575
283405 -273946
-159434 221956
-139420 -130630
59773 202978
370506 383528
-450728 203572
-110178 -123027
-462920 257631
-271528 481551
-441198 -395300
490116 -374038
-391463 -38013
343833 359873
-396269 -109025
200760 40789
198087 -348172
-344441 -172684
56053 -83100
-458313 110934
-151405 305758
452771 -396575
-250060 -358721
496714 417972
438210 -361054
-310933 -382728
210186 218331
-384568 425483
-179351 -432397
449478 260858
263665 115385
-82712 231504
-96478 119796
-329936 -4056
-164348 -418904
-71115 457728
-456992 -179097
227293 -474639
493237 -141693
-186826 -124385
160047 469167
239938 38077
-216868 50472
-61812 317416
94101 -215603
-225379 -176476
-104194 -312478
-439878 -324102
-114829 351141
411832 335070
469401 161652
133068 489582
-290047 -270966
211083 -456694
-320874 376782
98833 219266
165754 494076
368473 -144790
291134 -252250
48225 151311
141730 3204
-213141 -423658
362835 175109
457883 -60223
462174 29423
-236284 313253
-227526 418476
221008 -455437
139229 333775
-259074 398265
91541 -387991
103289 -388944
458439 -97416
251852 32017
261491 70040
-219282 428515
-292695 -476836
421226 -478928
-245629 184124
53224 -59914
-203193 -296281
76631 -205678
-344309 -306644
495679 409127
-99984 -72977
451457 -219798
-252283 27976
-472176 -259921
-222047 340381
219686 76631
342088 288145
-211659 -205042
313700 -10524
-219097 322868
-159233 -232230
-495039 -207065
309804 -419072
-429016 276449
465714 -217917
-160459 -156939
-66528 -216982
-284197 -155064
-356858 468843
72835 -337852
-358616 215046
-447530 315269
411335 160700
213040 -393518
-252145 196942
123564 -438721
-188167 13157
62627 -428561
196653 -64334
131676 238702
167570 -204486
199218 -307430
90927 61537
-340362 278724
151770 -221525
101830 -480090
337562 100421
-272633 157889
-389400 -356906
-429197 -117084
161984 -47301
-91058 200415
-136620 -85025
136048 -159554
343948 212441
-340664 217562
-477 -97289
426373 66292
487871 339983
-345248 -350153
497409 447978
149479 -42369
22531 -89313
-25379 -13756
-8506 -486602
111519 112013
-56909 380109
254002 155972
173880 -241480
-498130 324450
-283292 11262
253301 -350284
266251 -232284
449790 -91015
111694 90242
-495098 -286124
-422459 31547
460733 267647
100662 322033
20260 -230157
122640 436370
17721 116339
-346333 280454
-372524 -107668
-81977 457396
465121 344515
106346 -310533
-14909 39184
-431269 492931
467224 -394051
-393192 -473882
27950 -33826
-103310 -79743
438745 454866
-398437 -402877
35287 339233
163992 196611
374414 242443
213138 50911
-86362 -250392
-293954 399186
-284568 174951
424631 -187953
435778 -286401
-125593 -443081
-308869 168044
306004 -160472
-334001 -68088
-33369 -478644
93386 -341859
170127 -47528
-196653 -122917
-28796 337600
-92785 393728
187477 -418462
274873 302134
431310 21781
60212 201886
176734 252447
80810 -438421
394040 -406823
-33126 333036
439165 398223
-242334 106555
-185902 -394981
27871 -98526
350086 322104
316895 469141
-477017 487518
449099 54326
-301528 224800
-210214 -372559
-162086 420436
-365414 -293714
-115819 251487
-263924 -157383
378318 -358776
-55900 67330
3440 448065
-166448 -254467
-268711 -390795
-23481 -21260
336141 266375
405461 -94822
-139839 55663
-116425 45676
284253 -95213
75807 -425868
54996 -465256
319212 187831
-130870 -51378
-227012 -236741
-28413 240035
-433344 277971
244835 -193694
-99665 156389
281858 -25413
-410914 -445509
200815 493602
-123306 106442
-101722 -128432
-440813 492328
11538 -50803
239892 -471531
-410691 70366
376574 -56427
-262557 -247218
434871 -291449
-193832 438472
371583 75767
-44595 253990
-498939 -159208
-444812 -499028
-383136 -76188
-484453 380906
-436557 163845
-426251 83711
-309446 152176
-125124 -1004
2163 -75042
396185 38348
257454 43585
-412058 -294405
481128 132881
-383211 278744
480728 390855
-394074 -423220
-241430 -46302
-143645 366883
-208953 -22366
-108475 -488225
-109546 301387
491156 -476976
-318775 -484296
-296149 488737
37328 -339409
-476814 471128
-263800 72174
327105 171689
3297 -260140
-147802 -471511
-342280 330202
26957 348770
340032 313301
422368 248051
-197569 131650
216218 -4701
-348676 -432526
451900 249260
-231526 -108900
-195633 -316848
-32729 -44270
267574 428623
-484414 -245398
119322 -263492
-286562 499410
-62740 105484
-422756 148944
269325 -265989
-365507 400954
167801 279615
-245199 -463593
-160180 -383568
-82043 70533
-318683 340157
-489922 264884
-410446 -267501
-245270 -172224
-265858 62475
-473310 160280
-20742 282546
-108088 290990
-467099 -277465
494716 -307659
372373 -421181
-233074 239400
457742 229261
276355 240039
-97605 280108
247287 357715
-254688 -432529
-180174 185417
345926 -418470
461383 -255373
229922 159477
182785 -135228
-459117 -460396
-488157 -207619
264290 142784
-59464 317603
24212 -278812
354904 -292644
278390 -371860
-382677 271424
282388 185312
463801 189905
238071 204479
174579 -363960
-335956 228515
137751 -103948
-344645 -402098
216546 -194561
402320 -266009
-279184 139536
363964 -491094
38109 -90496
15987 -236370
244297 -156594
214353 406666
-328544 232691
-390202 320067
-156856 45992
274407 -20339
-34872 -316606
-295661 -18928
7641 457793
-45337 -167474
211614 -469370
215014 341774
133371 -387624
52455 -231834
-413250 -144859
-83998 -377432
427828 -485703
227853 -254971
-17992 -308440
303248 211902
-454276 -155060
-61825 200246
-460671 -38791
16432 479320
-253984 66617
341727 480621
160771 3766
-436132 496616
32982 -54275
459086 164861
-344001 -178384
362117 27633
-303683 -338207
252153 175766
407452 461241
308918 147913
-257417 -198271
-321808 -277149
-396169 445555
303921 452056
425517 -117196
138426 197003
-352798 18515
-333613 96064
165586 139973
-316867 202027
-458395 338032
10798 419284
-208263 174639
-458328 -103757
112900 345801
-475095 159051
-4950 499022
-146922 -52304
-7023 -302716
-292257 163508
218621 -475572
313818 -55313
385039 -313157
-429791 -104586
-480679 421724
185505 -213666
-178194 -180685
-335782 61498
410117 -215564
428669 33783
104442 141721
410490 41993
28951 357874
255477 -302048
-430502 326730
480341 -441825
-342549 484253
158549 -444730
379203 391527
-465835 -73404
314871 -256782
342711 -386603
-408334 -133563
497650 213640
118726 102907
440899 169009
-131096 -378127
394223 472412
-14723 353634
190812 -323394
-433608 290441
60219 431286
24026 -471282
173635 314931
-180334 -485126
-307422 19761
-413665 -59518
377932 -188355
128642 -357411
423812 43585
-109152 278470
-337211 -460523
-221483 149779
127419 -179554
23962 -306264
-195991 -491625
-195666 185111
-230761 -261066
-41023 -206669
358959 -236580
-481722 375306
-289440 127442
-291773 -262792
233084 -282345
-298744 -287894
344069 298565
341048 -357211
-127541 64736
-213655 387986
-123001 -380948
-478383 329942
172131 370426
-393479 -136232
236099 -173392
-422438 -310471
265975 115454
-251961 -178050
320018 -95457
-7037 -190461
179060 91632
476702 24565
-102674 308223
-165720 -129561
-38360 423028
-410396 -109434
426297 -48238
326398 -128003
-274529 -173837
-335576 227305
-441670 -281745
464998 347617
42796 -365955
-152038 44303
217666 -395887
273873 30623
230610 -490444
237528 111530
-120731 -433788
180397 -321623
198941 423213
-210192 -243486
-366468 383008
-31772 -357990
245818 250929
155612 -360936
375500 -80851
31069 60292
-42212 328187
-403738 -183469
97264 417349
-106601 -225314
103452 73526
-396777 -472856
-396034 157541
358706 -218058
374844 252253
294693 -276729
-389708 -225720
-286564 420077
159931 392229
444897 -82030
304070 -423336
-471408 377341
124507 -61109
242252 -492634
161712 -201553
-473907 -4388
132923 45940
-51481 -194416
42018 -382849
-439290 -496284
450890 -321587
423379 -50897
-180603 47100
275326 -445676
-147535 -153014
478443 179465
-337645 338120
-427360 -251963
152904 -87513
-211770 -138929
-456738 76804
-187590 32723
-121945 171181
-390971 258103
-314072 192649
454752 -439540
57709 97815
-411988 -58669
-248341 -132889
406141 -499185
-394265 459224
-16109 -374345
294746 158528
471605 340917
416406 146680
226410 -376534
-463418 283570
-278213 -35035
390516 31450
-33769 127989
-73134 54546
-87286 432680
89905 343160
-289146 -312372
300744 -384828
-118800 139318
378723 144858
477175 -336766
127929 -228855
-192083 409877
-279241 -497451
19684 -180186
337051 -399390
-313904 214402
-493234 -275783
298701 372364
493006 -202395
-411352 -423470
147384 87764
-408061 233961
312306 11328
-367688 184905
132759 -97220
-37012 381015
-60214 -42121
-183439 -20168
-489012 -283394
433615 -344918
-378628 -390016
498692 177370
428925 -361761
370169 170171
-486324 -477910
35507 -408221
112945 -144107
86874 244286
234458 33651
-358708 -110353
258870 -82683
254894 -132595
-250359 -443506
-454387 272257
44693 -106574
74239 -182994
85639 -202121
-312154 290635
370632 -405646
-255888 52208
123005 -87803
79412 -252997
-206156 -297594
456167 -184273
317993 -292487
83144 -379119
295547 403326
362498 487022
273856 -65310
-191587 -258189
-418979 435006
-95974 243606
-475088 -174146
214870 348571
82256 313001
-132650 60882
470451 331862
251742 460839
40839 24903
372930 -16708
-495233 485720
-197859 -490715
-73678 -52049
383842 -337808
332012 -281045
-83615 -259504
-433530 369473
-497293 183526
461898 307639
345834 -78339
-189267 -25496
-223966 154482
489738 -411468
-411624 477574
34667 -337135
-335697 -298286
313271 24584
174600 343868
-24112 -256991
96933 388178
247524 -6970
-16443 -497283
-444895 -405579
-11835 -237375
248966 473829
-448014 431642
140114 151997
15324 277684
-482002 52785
-140519 -77945
-315878 214255
-144879 1248
302030 -459746
83253 -397466
-458211 62922
-348107 -40997
-467831 153017
84360 9682
-113520 -258408
185961 -12378
8752 -144664
329919 -375013
-475619 -128635
471614 -106557
420475 175603
-391262 86622
-289078 484948
-479324 -422578
197206 269444
-13574 185895
-292256 138248
359988 390355
-249958 -279402
395586 -451194
34935 106911
162938 333754
13841 -111353
4169 447133
-220929 81507
-171131 -335163
-31012 367336
-153528 -385693
358338 488611
71740 187506
224976 368577
425638 -460876
433305 -383689
259532 204167
-261945 -155570
-372943 -31862
-136076 -320213
-326275 -201395
313384 -302241
-318489 -61810
147323 214620
347925 -474338
426573 352416
-191526 -138519
-244905 364963
-208710 -220345
329734 -166932
81595 106738
105983 87870
72275 199067
229917 463657
405620 71154
284490 -203146
193320 327220
-311504 -323682
181176 -166386
35591 154749
266115 -141480
92606 -46747
116584 -12985
-353556 -89855
82192 460289
307600 -103189
296349 -44518
-440097 -403436
453959 439311
206985 313068
-199809 -114940
310716 -216022
-173078 291583
-335201 -230098
414109 -339833
-385019 226476
223551 107544
-125753 424914
-223189 481594
-153384 -225306
-32048 460005
483177 -473519
-408740 -382918
307783 3713
486668 -213376
56841 -416470
-54262 -108339
32186 -264442
-46820 303707
42155 266269
335628 -274074
351928 -301933
-464866 266352
-156604 -329849
58141 -388721
-420824 -280320
-83889 -29747
9722 171320
176657 473210
-196332 -188949
59059 498418
-167833 464490
-415064 -93000
204722 -43706
-105268 194775
336974 -168159
41204 200996
-109387 383552
-441236 253540
-318800 -266100
181471 -147902
472309 347224
-165455 -97153
-357661 -127801
406933 -201532
-341695 134816
415413 150344
358101 380796
-101104 365841
-313819 238770
-456885 -485751
-230183 -85333
-184454 269399
-103742 494801
-234255 -359394
-187223 -107245
178035 461219
396767 -364335
250632 414033
17769 -492364
53648 -316607
-44507 69935
-334475 362129
170276 70491
436117 75066
-434775 -417112
-435397 -102325
359471 -422080
-233590 -436501
-116760 -140953
-315299 -252951
-211824 -386511
407567 -251703
-40557 319795
-81796 -130286
222546 292209
446656 -162548
-71263 -25343
-19272 -223861
-356741 -50752
-113489 -153600
98148 271847
154435 -194921
334833 328522
-148062 299961
184627 118523
281167 -238258
330600 -195599
109593 -37995
-344694 -149693
-396057 14441
387448 -401724
-53243 -358285
298672 -479225
456129 173242
-311052 -49082
178739 -174488
371552 -281505
3698 -51785
-346040 265985
348474 -159583
-491890 -365321
-408367 371947
402700 -349660
8784 -200706
273088 -428946
15168 436978
-93266 214418
-334727 -290178
5385 368967
-45031 -272333
419605 -386377
495585 -411232
-370789 450698
-76106 191517
-6273 297645
452935 402451
364772 78543
343124 421348
418724 359595
-412100 384938
137150 -378198
82451 130688
455517 33716
358943 -482960
80444 -170334
397212 -337734
164690 85596
-389417 -142426
-414165 270985
349795 333752
-236269 345575
177655 196662
-171314 -242826
269830 -255216
-263527 166267
159914 -126533
196463 62553
-464935 -359670
-400976 444260
-124751 162854
66610 -224346
140549 110603
-259220 -176699
-228329 322255
176836 -367368
316350 -308440
-361911 -420207
302367 372148
-88619 -32539
272086 -231436
-369842 -199126
-399130 -68207
-155774 125221
-387996 15904
-317636 223153
470239 -390701
240839 254104
-195717 312289
229110 21563
431962 -256311
222389 333230
386518 493826
29946 160472
-7938 217118
-328259 -439491
85356 -410720
284061 -8994
147086 -51630
206409 -235013
24028 345362
452975 348564
-244438 98742
497342 -440325
-31582 -172575
43191 -111919
-332010 198739
-23034 -345802
426565 -105701
83187 307901
138317 7249
-90769 -130911
160170 182727
114317 -379997
104888 91529
-89507 -178635
463760 465730
-173802 -307194
220642 -226658
218925 162592
-207496 377539
-52294 -205475
260098 -275297
108736 329292
-78127 -324854
-421224 22256
327452 38952
-120338 -188581
496410 -18315
263607 205866
-291380 -130379
463262 286746
-231344 -220339
-178967 373
47308 -440403
-305348 -47147
-45972 376053
-376957 -392596
-313610 211036
-255350 -1226
-157837 -127711
-428619 174637
56291 -204870
-398869 316903
248318 289878
-392414 -32740
216304 -347308
-368437 -322357
-106234 -314539
-176013 341039
96676 325149
272952 32828
-120720 454559
110535 486138
-183491 394771
-8711 162667
128427 204024
-56640 430494
-64489 -338273
74230 79623
205756 -343223
490930 -158180
-215061 -41614
-345883 -461577
-14547 -480120
136855 401869
38449 260926
389258 -388149
109456 457319
64387 47929
216837 214899
476187 -240872
-351925 -213709
210110 -235043
297488 -367121
-141199 -73991
-471803 -22425
308099 -206488
-188713 206749
452532 389627
408457 -247724
-296082 -412026
-11816 -347963
214659 -365790
213439 317145
-228060 221516
382290 382824
484123 -340857
181529 358316
-355027 183290
158977 79028
-128083 -262606
-125682 31923
148091 475846
-289263 -153681
52596 -415955
-462159 -276265
86066 -183079
95146 423836
227731 -348695
434307 -227764
-432526 133697
-196407 350128
-338312 -145128
102442 -427783
-374649 440559
327933 -452179
-312348 93292
-103299 10246
92405 -34425
55105 124862
-79827 -285035
291877 -291513
-313033 -143960
-392025 -103118
395736 324073
175768 -441227
-384775 464101
436327 151214
-12401 454000
-323782 272950
-484429 -403208
-354091 -338111
-425643 474360
499038 -223817
-42405 188000
-184473 9734
-301480 306948
346912 413050
339214 -120406
111560 459938
23430 -170935
368948 -260214
-214149 -279619
83538 24203
-58029 330744
165895 -302705
102932 -63786
-335574 -469591
-482544 -409675
-19466 -107431
55894 -221044
-222075 -239565
-473799 392790
169906 -126973
-7532 380429
-20686 -98679
-302977 379548
-56762 356290
-208891 202269
-78516 -285820
-323807 -453452
40720 253463
94652 25476
467189 145163
419961 151811
-59222 458209
100325 82400
-271138 -174147
14382 -148723
-227981 -31130
-310361 -109619
74076 -308128
-405039 -197992
246358 259238
-143341 -259209
-62077 446443
244379 -386887
-12331 -78989
313249 392230
28361 107448
-35240 -366492
477754 261469
-234914 -188520
77410 -10218
-82910 -406574
276431 -65981
-98690 -308307
-261588 -295032
-329504 108816
-206451 224005
-90332 165409
-43181 174754
-325939 337383
64346 -169797
471150 -215031
15098 8891
275063 353819
189140 415451
128003 247726
278244 -42387
-131466 68276
99640 -331635
-33373 -75291
217854 -164
-278197 -499612
41353 242940
164422 -423530
-89344 460215
-76594 -415090
212209 12905
-322007 464313
94936 98926
-23760 146728
459579 197595
357152 401780
473896 37142
-411352 97469
91573 336318
-219238 -199688
-186246 190581
152314 -78078
-330647 438925
-269199 199636
68126 -258043
-401124 -189125
424039 443915
124631 298236
122190 -462696
-266560 499168
76044 -486259
27757 13716
345561 150921
-212240 289740
182280 -446654
-45973 205914
-150645 -233838
278760 120542
191398 -476783
-408028 200467
-118536 302517
340162 26428
466650 438833
-54489 -82143
-200245 376921
-336262 -20511
123716 20534
196110 -201093
-80715 -93591
96529 -367559
-92721 224024
-108579 379866
-272776 289676
-408835 -187996
-483626 244995
-250478 185820
-286888 154662
-76242 -95955
25233 14842
249546 -310824
-338174 315301
221979 -124147
-270354 -356909
65378 212469
-46583 105241
-459840 -151011
-331668 189854
413717 134950
-236738 186802
-105092 387554
-168387 -425737
400022 328993
371129 -48907
149616 -496106
410 -29502
482841 402088
-99682 438811
337315 15418
19432 84706
-64656 305783
-456125 -385493
-138200 -319482
-131239 -22609
449034 -49086
119955 -2660
-224941 -495774
423 276960
366385 450931
-39960 -335472
-331576 -381515
490706 -293577
223692 -405542
35659 99707
-311597 86009
-125231 477949
-80227 -455441
85258 -32675
495033 297631
-436435 462680
115216 -298265
359285 476948
238104 -3249
-313840 -27694
65626 -322759
105018 443104
30809 -38305
64421 -336393
-109188 -32399
242188 423107
377965 -342396
-384805 -387747
-379461 -423886
-109332 176391
272512 262593
-15232 304712
-273252 175863
393976 -350885
-139749 412858
-341535 206884
-412805 -13833
-435886 -394200
-461564 201494
-347138 -247982
-30535 -242206
-481398 -499932
-257419 191401
364242 -467910
454282 469667
-157046 354590
239332 407854
-237545 73898
-250478 -442660
-347574 256516
-180132 425529
-66741 -398768
422119 439938
-460370 109189
84402 -352743
323243 287192
328292 176931
-449990 -425582
416605 -252686
-139152 78530
-395810 -163357
-191868 287202
-477159 -404056
173821 368805
-141370 118198
-210027 348268
433764 348609
-311049 -311950
-402312 -180751
-130511 43885
-122596 -480267
263211 31550
-203576 -124655
43681 -407711
-356336 46667
-300045 284431
-113247 -316309
416980 -260781
-206335 -349072
-467069 299713
-305058 381484
204802 270674
-52412 -433310
245253 -222293
425626 -81838
93826 485842
116842 477855
348716 373709
280070 251415
-422788 -38766
62228 -24665
492155 231355
386812 69637
126795 6484
-360023 -196366
-26311 102955
-356816 313997
250241 -206796
390895 330456
178937 -72515
-202055 -324496
-73917 -318435
-342451 126627
-184759 -97655
389811 155745
244841 -288899
255717 185830
-433746 -429684
-400763 343735
-349358 243385
488435 271447
-214022 11768
381764 -119278
174271 447468
-173235 -351473
-271692 455427
403949 411006
-142377 104450
297600 190909
104706 422261
433008 -484570
-215358 382819
40465 -11577
-330984 -374139
-320559 270079
261149 404028
476740 -128420
-5377 -477609
-132404 31844
-240460 115851
-72156 -83173
-405006 481859
-252947 -131166
201796 432215
242802 -400984
-187006 -155026
-348938 167559
134226 97282
-188512 452888
91319 -181668
159382 62869
-284017 -340821
-83968 470509
-360824 -162792
53973 273110
133204 133254
398109 -320261
36484 -277034
-213238 -47980
11847 -5369
-331940 -252202
405812 363905
114703 392528
-205511 -93201
34102 -276090
129287 493707
433952 -366354
362777 357134
-339642 -164829
114270 -442130
149620 -435033
-389403 226019
378809 390842
-429885 -171356
233156 152591
-149944 175949
-392475 -429697
-294381 222839
-88942 431508
-223287 -45408
238717 -76725
488122 -116803
276742 281056
378586 -204261
-41585 -263782
203600 478045
466577 244594
5431 75641
369897 449681
49687 489366
133873 -172547
204621 -449308
278720 149105
-375898 -424918
-388089 -333273
-272975 -336999
-139990 -482478
127777 280654
-283543 -302581
184677 382140
472040 184450
371460 -112117
-186279 419896
193053 -92596
-344675 240853
-165845 237379
222910 13076
385039 -404048
209241 212360
484491 41749
-338986 494030
334096 -461416
-150091 165150
431608 -196030
-60711 -326938
450805 351184
-334702 32352
-484365 19211
-421539 395988
479736 293388
55754 43850
176856 277967
232671 425762
38851 329587
214015 173477
-486636 -179171
-431897 -75303
-269424 -436017
122619 363303
-487355 -337587
-224014 -172724
83652 131579
98584 -100019
163185 -451814
-79980 -467460
183589 425752
340653 47649
78847 -398122
-259628 -183588
21844 -327788
-93439 234408
177535 -480970
-350753 35097
-224069 -456204
408961 -280738
-339402 -436366
69620 -39706
469036 -441533
318044 -22571
286201 -197436
-387487 315164
280137 423513
-264106 -454591
68172 133308
-168243 18253
-434809 -491667
399261 116134
402988 276091
-171224 292895
-380260 28300
427160 207794
367726 -180192
-228738 62609
-39313 153768
135118 -288591
-305601 -383985
327483 455486
298576 139063
-276849 -183684
443227 -248971
-180116 141780
-18273 -446532
-15290 250515
410039 -119210
-122086 204197
484190 309032
157356 -90596
242599 -230112
-301538 352970
-79155 166948
381166 69013
429338 145362
-171363 -241137
-236312 -219708
-21718 -146489
-303066 -102338
-149228 344817
-117415 -129606
-336151 307791
318207 -127171
462171 181220
28510 -338713
369546 -13401
387646 -429600
131951 -362702
449704 -199621
24444 -496675
-345395 115609
348761 -385508
482135 329814
-34652 197110
-440126 -381895
-393736 77655
-462697 315421
183770 -71480
-327813 157811
361304 -125917
405696 -166806
-383004 438756
179131 305094
-5017 -151589
-77762 -246809
383280 -134477
438702 24473
-47506 212041
484702 -223628
298608 -397301
330764 189873
185280 357567
402380 409031
-84554 299895
430585 95241
-282365 279146
88239 16022
228215 28876
-407209 -134344
102493 51897
370786 -240765
-253178 166142
408669 332428
186798 -431584
-376161 -112210
319230 -255311
-360822 -337444
345382 69264
-313251 497638
-423802 60854
-42710 -19923
458309 -245237
-310340 422503
-308916 310646
-146524 82437
-45485 301184
482473 -183723
14554 431840
-120844 -202413
390802 -490786
314982 -58659
-410983 276208
-460521 389669
-229354 182037
452294 17003
-390175 -66613
-414763 -148303
-248963 -407715
-47196 239157
215057 169266
408428 -339851
69096 330132
369772 -148427
-114094 225323
-176544 165408
475937 43035
-290895 34044
188077 64996
400465 -371089
75985 -450133
199692 43333
482031 122508
141011 -148741
482721 -389740
181335 411018
-306942 274164
-440724 -82126
-310092 -279985
144328 123549
6963 188128
-312103 486
107484 -344461
451355 385321
484157 -241552
-166687 -276957
460933 262001
-383411 202985
187485 -325314
-172626 45228
25058 34617
-8524 -59864
464609 43442
378291 485470
359136 241828
221430 -209744
-382745 -198790
234594 140397
-426732 374588
-389121 75682
43712 220430
-177414 -470969
-46049 49949
32754 -199358
-467931 228802
431849 429706
-152718 -405416
-92560 -266828
111057 -141344
-231924 24559
232999 450295
360602 -191343
161176 465071
38088 -84540
-273400 -364792
350219 -335940
-25106 150952
225770 -491697
15345 -194246
299616 2569
-197517 -90137
-217105 294043
75713 239627
-387183 -161593
-313158 232248
-308189 20009
158414 487465
429996 -397746
474171 -168058
458793 -271856
321046 -378288
-461925 -93552
301964 -381590
-441905 -121082
-55195 306399
447047 391826
-303170 469306
11421 -125815
14508 434922
344399 -93279
-214460 -293714
-158457 -187158
487489 397002
22011 -99064
113068 -498631
417989 370632
335868 -142944
474030 -495735
-302377 324853
-274785 -239196
168288 -105379
177658 249322
460314 -133214
106139 -195834
278871 304641
494543 187953
421519 485303
448241 445324
-385904 25932
-355286 -129418
-363008 441637
-90713 -307217
37930 -216433
117444 247980
391346 -434757
424155 -60042
-717 410077
-91872 -27829
163367 -17917
299950 -319794
483836 -459865
206607 491529
-326937 -205048
334645 -356310
255144 169522
-164941 -60965
-305714 -332639
271233 495422
-489200 226063
-177370 411754
-373902 -80917
-474992 -267409
-461605 -296859
-271779 -68854
-326571 323821
124268 -60767
173812 302555
36066 164492
-87726 15185
336659 271836
-326831 80941
-36298 49207
-229121 14638
125112 -76641
-452750 135815
405887 -412121
-300917 79313
-218921 105782
-69152 249357
239811 -311901
248418 319818
-479514 -489829
-288388 296324
-437440 34149
-12416 -418949
-402449 -445989
228418 -361757
-114434 -86552
-374552 -55809
409630 481507
346392 478646
233003 428982
246997 -214025
-245919 -184132
-453531 -464377
-394167 314714
-140516 155819
60282 -132990
156435 172792
-77967 -114927
99251 -354325
-176638 -119815
183322 -423645
-166101 178097
-202879 451326
445643 193404
164828 76015
-31783 -277567
-433515 -217956
132191 -450525
145896 -269002
225385 -263151
-494549 -214212
39776 -307405
170190 363050
-340559 -395957
187605 336146
41135 -136561
-136828 -439290
54904 -123279
468349 -115680
-345191 115609
404511 398734
-92822 -32060
474435 -85227
-180140 154581
370424 -394568
132273 -35957
-75770 341555
-248598 -456966
-382865 -353133
-313450 495175
-431449 66884
-20122 -428330
-226110 363222
92514 -54357
211904 465039
90405 -191845
-385824 -57350
443442 -47009
201396 410310
315996 353148
189991 -221664
97155 -102789
-403982 205960
81153 53630
118545 -254465
116666 -337898
-217570 180089
