759
834 -982
-766 -678
-411 -909
-379 743
621 430
-576 138
-343 -345
-192 -312
-125 349
-666 -523
-154 12
-462 -233
615 -269
549 108
-610 826
315 66
-782 975
-137 325
-333 -671
515 437
-518 990
-37 649
-248 -442
-902 -967
-254 383
-411 563
-936 -248
-232 197
-864 631
-552 278
-511 15
210 471
-349 -670
926 -248
488 -408
127 935
-222 -374
-558 856
-447 631
-919 -911
970 -412
128 482
269 459
-560 -287
313 -898
152 -813
-560 -957
210 959
-672 7
-709 -391
-537 311
-820 859
-649 -225
900 -605
-992 -764
-801 -281
-679 264
895 -139
570 59
479 -36
581 831
195 129
735 573
-870 -567
598 51
51 822
-782 343
0 972
-513 644
605 -706
550 -982
-580 -493
848 792
-105 936
-695 -72
-921 829
-314 134
279 -791
870 136
-981 -665
-366 398
788 575
-994 -813
391 639
896 -895
-884 -504
749 723
-42 719
787 835
-589 562
-578 -406
-625 673
464 974
-39 489
742 635
-990 689
-903 -653
19 792
-280 -978
-897 564
527 -733
581 578
-382 -924
702 604
-817 -205
644 265
928 907
548 662
564 843
91 -519
-1000 -146
-21 251
373 -919
181 -671
268 -404
-173 -90
-838 -461
-688 -646
92 -884
724 444
-107 497
308 655
826 655
407 -292
575 321
923 236
-209 -644
743 387
-884 749
-769 -212
-45 791
-365 287
692 -898
301 -108
-892 -901
-877 -756
-212 815
-464 798
-557 877
-240 896
-37 769
-12 -224
965 977
73 -132
239 627
-929 548
-953 -689
-999 940
-661 -523
580 -16
-640 943
-108 -196
398 -487
-73 711
507 -430
866 -867
779 -449
763 405
207 -326
144 857
573 287
329 -637
191 154
351 773
985 -221
132 116
-291 188
864 -178
-942 -909
-774 526
227 -261
-41 -377
-954 -84
803 -490
415 286
937 708
-21 301
-659 496
-35 -938
-649 -598
942 759
-698 923
295 450
686 -859
636 -138
-849 767
-539 -228
-728 -807
772 449
-624 -551
-549 -255
764 28
-264 679
-206 643
-317 -85
24 -108
-365 -2
791 113
433 -702
-314 -836
-65 -428
667 723
208 -946
678 452
-108 -952
452 928
570 -415
823 -673
910 322
-946 -254
-530 -972
-198 869
-735 622
686 894
-314 -853
227 -188
-695 -47
593 849
-225 862
-984 418
-79 124
961 307
-47 -530
601 52
-893 534
-939 -286
408 -824
273 -916
73 194
716 -895
910 -858
50 -587
99 -559
-5 411
-488 -585
189 568
-442 343
367 141
620 -168
-404 461
400 -182
-180 -439
-223 -913
-57 -959
939 -725
559 -210
-117 -178
254 -231
-669 -322
-617 624
933 -239
-168 537
315 -840
235 -392
520 -56
703 826
-664 380
953 -475
117 -110
-162 -607
-193 557
-366 -995
394 -252
492 961
-266 -41
-439 -358
408 -404
741 356
-638 478
301 335
561 -565
-964 434
-418 863
829 775
-734 667
18 -184
927 -958
637 -49
-65 -35
-277 268
-722 368
746 489
-721 269
132 0
352 609
680 172
-642 300
268 884
-533 -56
-777 -585
-867 303
123 972
-175 -620
825 892
229 -961
516 -517
-971 -802
-164 -306
113 -614
840 -687
603 -386
-555 629
798 -132
216 481
386 180
93 265
-144 809
388 -966
946 973
-971 -718
15 -171
-678 -719
650 33
530 25
-288 -889
894 299
-792 548
-441 -176
587 -642
110 -478
-211 -531
-907 -673
628 7
-301 -152
-70 -410
-100 -237
573 889
-666 841
-757 238
-64 -192
722 -79
463 -477
587 -562
692 -336
-876 330
197 788
-7 519
394 -561
347 396
-595 -921
200 823
326 711
-510 844
159 212
612 731
171 20
704 999
-621 -842
196 -411
-957 394
-512 483
-21 -811
549 -519
-7 674
-695 651
335 -494
-714 405
277 809
-312 169
-231 -452
707 -817
251 573
196 734
167 396
-488 -378
-105 794
-827 922
632 -278
139 -477
886 552
-943 -990
614 -539
899 978
199 -954
-134 -352
357 -27
191 454
-818 886
-650 -897
59 734
649 513
223 860
108 -856
411 -860
974 689
-296 -838
-263 -195
24 336
558 257
-237 675
-469 194
-867 -143
541 -123
547 -796
550 617
-993 128
333 -465
176 709
423 -922
562 -100
-505 72
-478 -6
504 347
340 -462
317 -621
-898 -893
731 555
196 -952
-398 -461
186 743
-504 555
-394 -268
552 -998
-851 39
1000 382
652 57
-131 -137
-308 847
-827 -784
-789 -589
257 675
-46 -203
-939 -143
49 -396
-796 780
-511 -872
-34 -962
377 592
-578 244
-795 898
-873 663
-253 686
-265 590
-781 166
122 788
-275 -818
122 -882
690 -361
503 -565
-88 597
-191 -158
242 -542
-282 -841
-948 -699
-492 815
-210 28
-776 429
770 -589
-414 464
769 216
-379 -193
120 -255
-100 -525
379 -587
-814 -44
-688 411
-737 225
-925 -950
-252 -630
985 200
45 651
-385 974
-651 217
279 799
-70 62
-408 -562
538 -69
-290 537
103 -506
-835 -148
855 -706
43 355
718 -672
-125 746
229 -464
521 -653
486 -830
-622 443
-855 -868
505 -655
566 -326
921 435
785 649
931 -768
-542 -659
-474 578
-940 -942
118 -661
146 271
792 456
-930 -145
-833 -300
33 58
-759 69
78 -816
-92 -247
742 994
617 773
189 904
-633 44
895 -643
873 260
83 -72
750 210
-514 -522
181 921
385 -954
322 -356
511 314
568 -589
-309 -306
757 420
258 -715
-254 -531
289 -177
639 -178
414 120
-299 981
883 158
-414 98
558 -748
-923 -133
-115 -839
995 -615
-349 848
-340 -440
-645 777
116 -26
-515 954
-319 331
-942 937
-901 -674
194 -754
237 -627
358 -533
-318 -794
-332 -4
-300 161
-235 -526
-35 156
781 -564
313 -915
337 142
-431 621
397 139
806 382
-505 870
-406 54
588 56
-645 728
-185 -163
53 766
-534 -989
-338 948
389 291
-420 -260
451 -143
384 107
-472 -882
757 498
-306 -914
362 -766
820 -180
-278 977
-588 -379
124 540
301 332
-217 -605
208 -362
182 2
316 -453
492 619
-228 -974
-269 -243
-167 -680
-694 -666
-449 314
365 -918
140 -115
259 -843
487 -129
-957 891
417 945
261 -735
277 598
-913 813
-236 -570
483 -139
-470 997
-979 679
779 275
-759 130
515 -124
390 207
624 294
320 -603
340 122
683 -89
-862 -889
53 -711
-93 871
-162 -322
584 -404
118 -680
-486 162
121 -212
-7 101
-176 450
64 -410
730 216
840 -993
807 -401
-166 811
386 -323
499 -324
226 -821
796 -196
-991 819
215 -592
-895 -978
724 -208
-238 616
-398 -637
-945 72
319 -719
168 108
-560 771
-287 -330
975 -790
584 -352
389 -701
488 -181
-986 -769
976 251
-106 328
627 162
-3 949
259 -576
917 553
-42 -396
640 -797
210 50
-543 731
621 -672
-469 222
-160 -259
866 -645
147 211
-552 -378
24 -323
-546 -880
75 216
-327 660
358 437
967 -337
-630 -514
708 604
-200 513
74 958
898 881
-992 -518
813 386
-209 870
-430 -898
-985 57
350 -323
737 648
-793 829
942 -103
-454 -651
-478 629
613 119
-506 59
74 -878
76 -846
697 -616
798 -357
-127 619
-954 -321
-543 765
534 -909
-456 401
-258 581
828 -815
684 227
139 118
-324 -395
373 362
285 875
698 -909
729 496
-458 -65
932 -435
-277 967
-142 -49
-229 -358
-143 233
461 -487
385 -313
-88 -222
525 242
761 -407
-625 285
-136 -9
-350 -608
149 -715
357 -168
-986 706
-742 -98
-815 340
735 -839
-611 -683
-725 -367
-778 667
885 670
729 400
-79 -76
532 582
-988 452
556 257
-144 -352
191 -609
-327 -712
79 -455
524 7
-333 -774
706 -476
-624 511
746 941
-555 338
117 134
-857 437
220 -849
-871 -372
455 877
-389 -443
-71 385
-389 -314
-135 -916
12 911
-646 -22
617 -611
-54 -6
614 -353
-996 -938
89 -9
-236 624
-415 -573
933 230
139 -545
882 -807
190 -836
365 -996
-656 -724
630 709
-204 948
344 87
-526 -728
340 822
