3000
-452547 -67872
-49745 -147354
-413965 42154
-59189 311395
122400 351056
439994 435396
-358158 -251683
219108 -230756
-11430 -398976
-113729 -112688
-386533 -96055
-372903 367034
-116622 -194023
217282 -453870
-444512 239350
-244162 154131
-53321 -196309
-220087 122454
-463386 448605
-47505 340127
-19709 -355735
476560 17172
-498582 413223
394574 -437079
463295 -336997
-29657 262115
-479495 -294320
-18373 -459023
-408863 439052
-142338 439128
329874 -217222
5299 -393261
488695 -209587
437615 339680
179043 255101
454687 161770
-158472 -378513
398386 194141
326345 -468273
-336477 31072
-60933 161375
57553 480364
246696 116664
-451406 374327
82959 -240253
222695 101819
321041 -359844
284455 196417
272253 -463862
342304 244163
90424 -43669
-439761 -181864
387073 -369012
-329331 -181478
227754 -391970
434059 14216
403399 474720
-156850 152702
227813 473856
25849 -175500
433204 -448671
-406786 -469202
-131958 -376635
301744 200860
203274 -395002
185647 99053
53359 -181247
98512 333795
22344 -95595
235810 292558
-33508 -342034
-299435 -119909
-285969 226012
-87049 -321996
459296 262634
-236660 359058
-195133 -475620
443249 -352519
-161704 -286443
-96053 -271098
428598 421998
-443462 176615
-332008 -402278
353951 -450322
-263919 274112
-74161 387119
-308444 480918
205704 279983
-232512 404050
400699 383134
28775 -203126
459174 -433767
307721 -78926
480364 -3926
140564 438206
-204137 -5552
358879 -198609
-448511 191871
-156612 -380619
-89894 -196543
359610 -303389
126574 343874
187188 182769
223770 452755
258821 295008
-483125 -2348
491609 -484053
78267 -321285
-43252 181727
-250353 435288
190561 -242856
-129955 -89722
492363 386931
230419 -338517
96286 -38180
-73074 297059
1419 472989
104916 150389
448755 -162833
191852 -292378
-352140 -452491
-441597 447390
-21565 -356954
191614 -207224
60086 -176011
214820 -145357
-187398 -274834
389821 232999
-322913 -244736
-12256 95704
390022 295618
263122 -242650
-193915 343899
132919 70697
-18598 -305509
65823 373100
10956 307848
459893 -289027
69684 170948
-123049 -218600
-168722 -312836
246769 -265197
-55494 134999
82472 287208
-230644 283210
-308889 488629
46000 -469601
100330 13825
-223178 -418955
239381 498165
284639 343466
-255595 -439143
-84761 -286541
-35466 339155
404156 316673
-179905 -59554
203567 346693
-257312 -188375
-441066 -138193
445761 -205594
171547 -215607
408602 -64182
159009 116664
-97081 -291890
258112 176882
-164380 -131445
467017 269730
187920 -387725
-490347 -217320
455062 367687
90184 -439825
229488 -266951
-62314 -178198
230062 210845
-425981 306626
492868 135875
291030 -8036
-438662 213791
-140339 191318
395871 411733
146233 285702
-142214 90660
44696 -332156
-141031 472954
13987 152998
256027 -221747
-225173 -289655
-410018 381142
-134070 452660
481346 50631
120888 -93163
-179690 455827
240537 247482
338770 234400
228009 196220
57128 134013
-426500 244621
260230 107702
-463912 387154
-140483 -319282
342451 -307541
407381 -84208
486164 -331226
74991 -332763
-315403 182358
-179061 -437609
367783 77204
327708 -162905
-127897 189696
314617 86301
203631 -182013
-366493 488655
67233 -368520
100425 455577
243458 318819
-457654 11631
-240630 -487156
-421915 37296
310399 -79269
60973 -347803
398977 -102586
-386381 122419
-123176 -481943
198503 -431102
127826 461417
246709 102042
-146353 71950
-48867 -69862
-378032 411394
56840 -339663
-279363 -83297
142314 194437
-398737 344522
-400282 -436841
-231235 -352152
-332118 165091
-10439 134045
-187823 -134503
112111 361363
120073 -257296
-466954 -178103
346068 100454
-142846 -444072
112578 -282669
319723 -283018
-100909 369395
-173183 -215356
38203 -19130
-91965 -138460
471380 93431
-148916 -351816
-264367 94612
134691 180736
164085 -40045
450978 14191
351643 362234
-96441 -384218
-497601 64392
270833 180469
-265674 50020
-209821 461005
171794 -346743
-192346 71788
-188304 361809
-131241 -480854
-161003 80022
-146730 281556
275981 42875
299685 -50864
77209 21034
-74092 27124
6569 250567
408342 272783
235090 -39101
439736 -372337
-241324 -201980
297029 350409
424055 344851
-186916 336147
-30171 98186
-46096 -396044
165536 381673
244904 -221733
-165086 341901
109198 -351094
363827 -43831
-337856 253762
246499 -453936
-148209 -387306
-100316 65908
300234 174390
-38662 470355
67808 -325123
433402 470924
-371854 438225
-345647 438175
-324226 346389
-101627 251512
-289586 387414
73518 356438
-174309 422062
-284380 397030
-431279 218093
61938 372918
278590 175323
-113943 -52350
-58805 282858
419203 35665
-492831 74388
-30804 123226
278668 17972
-286885 334118
-297927 -379452
-11568 -163655
-484383 -406368
2065 -262310
-405132 295485
-273270 -396451
15369 -262651
303855 -276324
-399252 394467
-237286 406809
218857 -303282
-448826 428049
215481 196726
257225 -493948
-364848 -113304
-126551 288698
-478049 296643
-369470 367889
160237 -493928
-123773 190852
-174348 161449
200711 94840
-202213 -26654
479498 409521
-444489 -308027
14355 143208
-181656 -133689
-25397 -207561
-485301 82546
431876 159770
-368813 -215583
463947 329830
247654 -77810
286964 -60967
246156 -386149
189821 -325470
196320 -245379
416301 -17007
-386376 446734
-381305 -114942
357572 -368662
20195 -27057
443572 -488456
121139 -22745
115313 -128981
-392044 -385103
-155113 -471624
49822 432544
148847 132848
-37547 -322916
-445770 -143057
-375369 110901
-163010 -424791
-177644 474321
491780 437946
-391610 253587
-221576 -83650
-43857 33783
341417 -418945
-294814 -96030
365922 209389
463226 44041
-334948 270052
-497080 -4412
-451017 -24208
-124613 -237925
413568 -376333
-157089 381473
346204 437564
246585 292404
-271019 -201532
257811 -219349
116677 -137222
-426435 -424728
66649 166755
393381 375107
-137205 121861
256599 490997
297596 -186930
438900 350505
-142761 -137317
-323929 -13396
425989 472654
232180 -461059
-337831 416439
-277117 -206586
-329246 -331493
360132 -381100
334774 -214319
299647 -297841
466705 -111355
292052 241513
-355532 -43499
-350718 -52344
320355 -224502
449792 -35324
187895 319394
139716 496481
148602 -373436
492338 79259
-158573 299858
235355 36129
-478243 -142194
292937 451314
81558 153006
-406079 -298850
-200352 496076
44409 -213938
152961 -20806
187016 195138
77496 223104
263520 -66904
-255382 -269493
-78647 -147032
393980 119037
290535 98497
52221 256334
156309 362652
290675 -229604
392484 -60234
330706 -299977
-266026 -86673
-445661 -97734
370262 165858
-69912 483110
-229775 192617
106717 407359
445287 -27378
-61179 -36851
300379 50406
377442 -169460
-431428 -343782
-28647 -96134
454985 -184709
25526 -195565
207301 -171142
236625 -438823
483208 -144136
-305370 -88882
186320 295592
187963 107046
-477816 -392785
-227057 -364747
-61098 -287188
425022 166129
-40725 335729
-374171 169916
104073 471737
349845 213034
-291476 295052
-332054 -335755
294006 -288809
88234 32862
-471013 -253799
91563 -136916
381098 -21496
-254716 445237
-53436 -336565
83503 -155259
415824 342630
-358571 -105889
-257280 467441
-450919 -393530
-233682 -27864
-129609 336015
-412323 -446466
492166 -369176
8236 -35458
-410852 -423717
389709 -25250
-395677 51418
-487014 63989
322918 -281954
-73372 -48601
195587 -100471
139365 134411
197662 -112253
159325 297214
-145853 -291341
-312608 447768
215422 -96868
-482520 -226335
384940 152578
-196443 -206575
238496 -327095
-426776 -133016
451626 -320025
11496 302258
15472 -11681
-101626 186355
433032 440818
140221 -369352
-6909 216170
-96492 377092
463427 322461
421586 420414
460524 307680
-226387 176359
228183 353068
481626 -331337
407429 477022
97984 -83150
202748 1108
484615 -146401
-173828 487261
-131602 178103
329060 -20206
210347 -219329
285786 -404846
332055 -68190
-272930 295395
211601 -369256
-432523 -492388
-429890 -199201
123569 15888
106538 13869
35291 165380
-146235 347934
463573 405190
384081 -282605
-99490 -42969
275799 168264
256469 137345
-268386 -263292
88525 435921
-173833 299331
-267173 -327115
428360 -467276
132772 -116665
317592 -124759
498868 -446301
-472125 -75270
129053 134630
-304906 175069
479646 239744
-301338 -333651
-402225 -305143
-271050 411047
-103976 90272
239233 196293
-185867 256298
-198049 218508
-97797 217931
223131 -179533
-177777 -387634
-263851 241511
52829 -326351
-54560 -346121
185236 -264505
379058 -397740
284195 -298543
235561 139528
-259361 402126
-227657 -63822
292306 455916
-323243 -229391
171840 -30490
347385 -456137
-160293 220858
-311694 19079
323158 -193837
388499 -217146
65873 -34723
8006 381057
78006 5510
232378 -154320
-274524 -442491
-115393 -63384
-181937 -124531
-165782 -371359
8815 314760
386533 47867
384897 -202259
-262062 445379
-421279 256915
-171705 -385711
171120 420070
177424 -390174
-43689 -458557
-160648 -318636
-206291 19327
475834 -419584
80190 19601
140333 274194
365919 93098
230639 341211
-469319 446729
14412 242049
474915 244199
-94485 326252
-367644 -353579
290537 -257531
419593 77530
-464521 168675
-19621 -391062
451669 -274803
115986 81371
468415 -434723
-159153 -141952
202237 206444
-295501 258916
238006 -149312
-37406 -145188
-39878 -207062
-53753 282975
303671 -444767
148019 -324977
-159841 -291077
-30895 330336
417301 -402668
-490573 -349831
380880 -277997
-175668 427122
307348 440521
-359573 -412948
-230274 142029
80533 -16082
50362 58315
40794 -353040
-364989 -412155
-212130 -128127
-492407 147833
159881 -373880
-412777 -13592
404302 59232
-11031 333452
156986 -31402
-135136 252280
-454122 -83204
-280778 -223738
-494177 412130
-464164 -383541
383624 309928
346082 -293289
181296 -125627
-215885 100339
364174 -323126
-12657 -297001
60167 319216
37095 426980
342065 305073
-213022 227676
407614 -141394
491963 -8259
-140767 -353980
461148 -293037
280104 -491269
-182 420313
233962 -460670
411161 79943
-192775 27476
-351845 -113102
177544 270303
206800 -344069
92628 -287429
-327914 -317941
-493489 -276261
-496642 -456920
317613 498477
215282 352491
-463026 -418558
225752 180078
-472963 -231939
-246579 95990
275164 -167541
470034 35126
342061 484178
271046 337672
219072 59636
-324746 -248582
-491179 276259
458331 135935
356145 -482851
309936 493412
-170772 -378702
-462833 83008
-71479 4735
-196272 129252
451642 460252
280296 118184
275860 -498631
305785 389203
39367 134141
233491 -175794
10172 96330
-269679 -163277
-70135 -383088
231281 345184
29869 196672
-7619 -146812
-399664 -91031
-422879 -69
32544 -424760
451495 299370
-67679 483946
-259440 188337
222976 69191
-95745 261782
-158775 -338939
-96208 -87825
-399739 392606
-54698 -316147
42115 345645
-487542 -118442
327176 -319877
148910 -40033
154717 162070
428770 233640
197233 163321
403348 -196384
353539 -285880
-178241 -82493
-42079 27244
-126671 152045
304414 -257350
193887 -255017
222451 -321974
-370357 -494539
384577 -278875
210303 120328
77076 -68326
-437746 -326640
207294 83219
278647 -127833
-493317 -255036
77934 -214722
133505 377923
-340386 319011
-266785 -494264
254391 -296177
-153878 459839
121394 -91058
-395477 -342466
365962 55463
-494815 -494669
235986 -378802
-380686 -447660
-175976 -7924
-88816 242594
224460 111033
461816 327802
-136729 -44199
-125062 240614
-297835 -447904
425074 492852
-303848 356847
59476 220464
105047 -457372
270223 452678
349318 -169038
177989 360485
-335813 -469960
-28311 -261336
-418193 -191422
199210 66318
194999 470809
-463156 494739
-399115 52232
316353 330325
281603 356524
215590 -103843
-414429 392907
497284 -332547
-235337 434517
316308 -414591
492419 -477527
390022 167461
-298061 9317
-450809 335863
361716 -493573
233929 336587
8378 -142295
281067 -58687
207588 61301
205847 -338651
200747 482254
-284610 -479654
-131359 266961
449528 104902
200648 -325534
-44798 -380441
-215069 -208434
-274162 -184504
237374 -259640
-388952 -410586
317195 324233
289916 -94867
-100136 -93301
-324907 -481703
-83100 -193461
-283583 422922
320125 -155689
220845 330261
-393712 194750
336400 -95455
183310 214012
233633 -168666
308753 256360
-34960 89456
-282730 -485017
-151182 405303
-448082 -61577
-225979 432642
155141 -159494
435614 -102643
-265505 -217683
-405336 163800
-55795 197254
-148032 -32662
296189 -165120
-48123 319130
261931 238823
-108690 203823
57248 -338739
6210 -34635
49523 201785
446145 -287058
-446070 -154811
459313 -248756
-7458 -19248
18595 -251552
251231 239259
338194 -406245
130133 -101371
-354298 -152662
1633 484354
245415 -421668
421875 8705
357921 -108221
340549 471063
-225014 253585
-283445 61467
-354213 335391
57252 402491
230411 64536
-305400 140166
-424873 454995
456075 -178540
-117660 379494
202945 -142316
80422 -120911
-48306 191787
100126 86679
208219 -347016
334141 271109
142126 465645
21756 -237029
328864 25066
-242872 -333751
489902 12438
-367904 -187539
211934 82198
117867 -354321
7338 -262274
-23561 36073
-437416 176688
-142020 -12811
-421208 -476826
-124824 -53506
-337415 -191102
471910 91731
-50925 -162836
358719 -69836
423772 -448595
-1873 -71459
-216059 -375409
223244 297686
499143 -107168
51903 42371
-47060 -63871
448322 484899
-426 -478809
-185863 -483232
23115 139139
275951 -230783
-422536 -119679
50854 284343
-241610 320043
-257780 -334336
295270 -490188
41536 -201320
322467 45952
478457 157706
-269964 86480
288270 -145628
-160920 114054
-473718 -257838
-261423 -111033
14582 257227
339927 -13650
-341478 -116997
299609 -120866
342532 427946
367166 -64197
10167 -220198
406843 283034
-420121 -58364
64318 467386
-98661 -354964
279818 -295754
-209935 394588
371064 202633
5768 267352
442147 -181611
428804 271282
133659 -401520
322056 233279
-253566 368609
-141551 -164354
-154355 254099
-209984 -77496
-394134 446288
-40455 -50422
-8586 121854
168170 76203
296761 -342940
37622 153629
318996 469453
149796 -249140
-431730 -308019
409296 382043
76456 489923
276617 129743
-66192 -270252
-4599 -256857
215393 -140110
-463465 434242
188881 292413
-489428 -474630
-119570 -170497
-186549 95311
105946 326337
-403628 -492722
-469045 283737
-125341 -186525
-128284 258774
-129433 -496216
-436667 66715
297650 166623
116635 -169573
190816 6556
-432742 221011
-25607 488777
427908 -133310
-171599 -117496
65477 -212037
58242 -413621
-459724 -336297
6321 -405534
-325924 309670
-371413 29860
-326294 -374765
229634 -39708
251454 -254666
-252592 23972
6090 -246968
-302924 -432794
391314 478234
-209582 -256133
320378 63594
229219 -384010
-104193 -458958
-409572 26841
-486383 -39613
367204 -446828
373961 400560
188793 -459834
192830 -21431
343677 -165012
-491814 65915
351077 -298099
371497 -483476
308469 -310474
-250201 -81991
310694 17932
-342417 200327
-354215 381320
-38854 -285618
261332 -428318
109094 -218358
209973 -469877
418421 35907
228896 462175
-202585 340397
-495165 -100747
337682 459382
-333458 414895
-206468 -248166
-324419 -3928
476026 114872
-232842 -42627
-64885 -201779
-233249 410272
-24255 150478
406063 309818
-383745 -103364
472675 -95812
-192349 267130
354578 -446215
-126905 -139717
176259 -239061
297751 -252723
177237 -4560
-341126 -40099
-430397 319508
-115342 54584
-483852 -337637
293689 97521
322509 431226
-497994 -189004
-332942 -3431
-142014 -130562
-353141 380525
273317 -343654
390605 -312664
94543 -298164
488608 -42015
34352 -401664
260878 61901
-443052 353729
-343370 -59397
63974 -150496
-160399 1137
-328376 -62040
-88096 -18012
260870 412827
-912 -2561
361793 -331920
-447469 -22577
-473778 -164507
-153068 8319
312728 169556
359284 -170732
-415605 266245
-109089 219859
-297025 -124922
227368 85818
457168 29082
-264803 288708
468012 -452900
114234 -168187
-346852 -58944
291177 446240
403907 422892
-164467 -378522
-459782 17390
-407664 390009
99522 54859
-357246 -1748
453048 -268454
-38978 -7953
-127253 426556
-268541 -256257
-309428 47457
-112342 251555
8474 -265799
-399194 495844
348262 -403749
351230 -386155
-21720 -163306
277103 333987
-477791 -244895
-31825 -497069
102417 81699
487023 -332559
-476232 52111
-291769 -188416
322591 424960
410748 -339020
246269 81142
330590 279995
-254317 -484688
-441137 489096
153812 184620
328403 -471702
-286238 102267
-280349 -113073
283931 291143
-221956 -195222
125775 -101128
282338 -248950
450277 -257032
310958 10657
3175 -356665
5413 -491814
236693 -153512
-236728 -32794
447457 -452874
-104187 10304
477386 154537
228902 -42366
-140977 299349
26032 -256442
-171910 -219163
308878 -37775
133206 62296
257645 -291144
106669 -296143
-257428 164048
351864 -104634
-450897 376975
355590 45024
-356349 -436102
452939 435356
-279470 103241
475163 -369067
-270938 415229
-40933 293091
316557 -227535
478112 -309632
374902 228131
-432574 305663
112579 -83204
-338020 133660
313104 355480
-217182 -141246
429473 -327583
113228 -389993
153459 426041
-266912 448301
-402219 -494832
-63361 -79356
83246 -57623
118502 -148657
-348716 -235451
-408794 193318
-86248 -449932
-145648 280686
229366 334831
270971 35029
-348228 -494790
-22364 -36729
166011 30119
-488944 -238273
-396186 -400120
-356905 -414755
-241292 420871
156945 342450
-194810 204947
289395 265442
-489561 85585
376193 -303696
-246537 410868
-255293 293834
357060 155897
-126922 -448257
-438005 -237377
-48838 -324561
410465 450753
-444045 455674
196683 -83361
224900 -361731
-110829 -91555
98543 -141334
-184802 -114764
293879 -437099
84622 217020
180220 -452540
-367133 -415204
-355060 322188
-380910 -101256
158808 -101002
210661 260167
-119160 147281
-324845 -20101
431124 384906
-438489 186818
-427685 -310281
-384156 -35424
24934 368524
250477 -459984
351982 -41886
-446393 -463173
-379433 436513
209246 70090
-353082 396456
-40421 -181726
128713 316206
-259922 341332
-403869 -144602
-467724 337439
-337905 -368799
311650 -348649
-218795 -105009
94998 -139181
-211394 288893
45175 233744
344905 381757
319178 -346101
-480290 -397087
-122191 -395536
-378405 306964
131189 420616
411442 342782
291265 -333065
-240475 -402719
28232 -9832
-214086 91718
-141348 -290861
-260418 296722
-190167 169434
302176 -101469
-472193 -31116
289234 320158
155630 -269649
462776 474529
424944 320670
-329056 111547
-174594 228548
138749 -389554
377288 -208659
41978 -221964
349015 318531
-166821 -32418
-304854 -130766
391756 104485
-411649 -104675
322572 -395855
-457254 -330581
60130 326023
-168060 -168837
235002 448747
-320690 391670
423239 -360077
347097 -54398
169508 319253
-414613 -7557
27632 97511
-491214 296457
-431175 315427
-335058 -94601
216516 121011
83285 189946
52532 -211588
-190278 450669
108273 -198205
-238746 265497
-12202 35611
336898 259168
174428 354619
58766 -431651
204014 455546
421530 164605
329820 -37416
-76044 -61491
-301446 407681
454360 -471425
-48804 -401731
141624 -465199
-164458 -427051
353811 -125706
-167933 269035
344699 214682
-11185 395529
-38955 -220872
-131241 389264
-258175 164583
-449865 66377
64094 257932
481220 -142428
343112 -445259
314657 416515
-305014 -141840
-279066 -171687
10315 108488
105566 53635
-444936 -317167
-208499 -195096
-284402 -387068
404130 -351615
-102582 248688
439706 -51097
130094 -399634
-304521 -321607
372356 -290081
288467 446647
-154615 -46247
-327329 493040
-120702 -407238
-73336 -130314
-57659 -236897
-454671 -284661
-145889 -258586
-416557 246638
-271116 270198
-415705 -87720
371842 -211077
-408966 -337037
182504 -410282
-276064 447380
-226397 344641
297342 -2138
494094 -205668
213597 -10034
-181498 56505
97396 304248
54176 -442735
461714 279262
376812 11585
-409221 -48750
-422305 144277
195446 371974
-393113 -386895
190664 -33108
151891 -2627
164822 -336352
476659 232113
-241287 353849
-312554 -417218
-85783 -107533
351748 -203877
280609 -273657
279428 421974
-106839 130866
249141 217414
247061 -20381
-347902 299741
229734 -330029
306310 394913
-3936 323054
-14686 429228
133131 -334973
-219454 52199
368654 -217822
347476 372810
-374661 -460197
-29361 275607
316078 32177
-47267 78178
-299105 114964
-386756 241560
286668 203749
63698 156926
339418 436263
496712 -115766
-485120 -485497
43923 31335
-397030 -233460
-136963 -325746
-39855 303210
-117915 345407
-228961 -368782
139788 -363458
-269965 3704
188373 128983
-303968 -498324
441980 292399
-345636 291984
115700 360930
-355678 291426
288271 -334593
-218108 177113
150244 -419305
-212213 -400260
-369919 -127997
408490 255250
-457986 1541
-180345 -441101
-354285 454247
-418719 -270619
-335586 -223707
-467394 -90863
125890 -232460
147559 425554
-119547 -470426
491583 -271289
-485203 311060
200971 -295311
-227238 -250350
473930 -307902
36904 367215
379026 -132829
288848 131397
-222351 -234467
82013 -488708
5055 17628
23757 115995
-338489 -7535
-355805 -47858
-98438 -474180
432956 365121
-422236 -196824
-193614 -286006
-249569 -494509
458447 -342730
413378 228568
255524 119608
250526 -342402
431014 -415179
493938 -459387
-155465 -18631
37393 -235352
-174367 461834
-126760 -170864
-17632 458816
-473977 -420575
110992 84830
356265 325683
-418188 -333996
64974 -224723
-443960 -218590
271383 134058
-321561 -168186
-489432 133077
65452 -38469
-85542 -125090
121691 335550
106070 -169452
479199 182045
126257 330971
357419 204287
-128030 291198
-196374 -3976
-303225 15378
-42735 -385260
325690 -262786
113983 -173874
-367405 185293
-449812 -221325
67595 -10924
101583 435180
180436 -16083
-466818 390665
355983 -352864
-190210 -476422
436612 -240827
324918 -392042
-147113 -123252
121413 390675
-280290 -394859
15035 7333
-46661 -125160
210932 284807
444250 -71329
361058 -265553
446038 81029
278691 204262
-60351 363235
289021 -57987
451330 -34255
269508 -129039
-164024 -329071
-315174 -79771
-103584 471981
71493 -379198
-45359 9298
320840 318077
-223982 -396890
282086 -85862
375326 178724
124238 -472147
482244 314096
-126827 -72472
-17282 32306
-448718 347024
-447239 -482723
186747 35231
211073 344505
-204390 -4606
-139843 274604
356785 -359278
-214621 113041
-416761 -30180
185103 33911
61045 314533
-200872 66339
161627 59904
-310298 74804
-264726 377867
-390642 22311
238042 -341003
208798 -329217
-445457 161146
-354427 -256166
275033 9312
311899 236100
259204 321055
-150921 -446464
-362962 -212008
99246 135
144741 279915
-164267 481542
64945 -308397
-64399 361483
53728 -325270
171319 38705
405846 -251213
-423269 372538
-482646 -482862
-388813 -260042
-482753 -268719
-198112 -40852
-47957 -246272
317392 -100620
-216759 -432412
-451286 395534
-414993 99103
-387089 -377252
-355903 -233789
8356 275338
-370277 215010
-247394 -399802
37041 -361211
406026 -477156
-152529 -246496
35325 463581
80301 188085
-357973 -32639
-226784 -120718
-429512 -257063
310487 -118396
-160360 -41870
212163 -153149
-80083 456162
-382522 269142
-165754 15389
-78050 -445524
215509 -95727
-302833 -466680
312147 -29212
39721 115963
-156837 -10834
-334115 -494924
-137892 -160738
486775 365527
-22124 -136135
78406 108622
-250312 -221890
245935 -368382
-144295 359406
242929 75297
-309454 206316
115534 -385738
-435895 -49771
-141746 470695
40024 -122842
-79713 -384715
336545 301581
5128 -70922
-66998 127723
-358038 -303180
184442 338762
498973 114311
-435307 -422537
340692 51899
242733 -214726
22598 -77053
-300863 -419221
-71531 362755
192583 -430686
60668 -186479
-94079 19751
462370 405465
-279890 477104
302366 91693
2954 34034
-438822 -370191
355990 390703
28564 295642
441688 92318
-44980 244444
-482097 438597
246034 198404
-161289 245090
436806 -480331
-99495 -27935
-230357 473070
-441503 322284
154352 416008
-201708 39414
-413656 -136849
-362615 -364167
309693 -293008
-72753 221230
464663 60083
-243919 331516
380000 -237863
-392346 406751
-28664 -330082
-357951 422342
-99904 216201
-250949 -458813
-35843 -244664
-153668 406175
-239187 415437
-449056 -469369
-53104 -287948
-443783 177310
-225101 285432
380640 -122809
-322795 181052
487133 -244721
14740 -137119
-423822 -275493
291946 476023
-331852 -78260
89669 -128419
390946 -310542
419803 307059
-30972 57969
-479399 181610
-148593 -300047
-95193 21867
59700 93471
-417579 -447967
463808 -157253
-408006 -106748
-342201 258180
-142003 337284
-31347 372824
-370952 246035
145881 454026
462990 166516
-494862 269425
94000 458703
400741 319148
-437645 -231790
-456149 -424961
446206 -198338
150964 242277
338609 -283132
426242 -222774
-393979 5398
290437 328103
-49621 -191318
-341669 124769
352073 108097
-496841 -362543
103280 -29369
-342075 -184153
-426517 414567
22267 -431685
264442 359707
436266 -295741
42135 463204
-348700 -348758
198403 236567
-1127 -60561
-225469 -173509
-463906 -101135
-337017 435953
-161203 -104699
18162 -94229
-270489 -445414
61229 265026
203704 -322937
333953 168054
-455762 181238
242770 260872
-156119 -8475
-340184 147128
302333 -452038
-355511 -127162
-352673 -315129
99426 262616
-94860 -102155
-286744 -249120
-293559 269103
228550 -485419
258275 -185067
276624 -242890
-389881 427516
240487 -474893
397857 -71621
439228 -154906
190761 -267866
-196023 -151031
-27752 159646
478086 416895
422535 -349299
-343792 427865
9953 487938
-159081 338529
433706 391122
186797 155040
-56063 56439
232670 -259012
-32571 -392288
-471832 75839
-376518 249021
-468276 226497
51514 351850
-7856 -420648
113743 -418919
211488 -43914
-99317 342234
-206865 -275137
256833 412210
178916 -303639
-391164 -154615
386448 -122088
400823 -310631
269025 400365
-295645 46833
-84799 -134381
-701 219028
1571 -216043
443700 469292
-150416 -341265
208177 -115277
263209 240839
-60544 117683
-242174 172550
163036 478575
352262 414955
-141161 230196
483248 224113
-477432 87206
-264225 -458679
-478943 394568
-25749 127410
-199765 177997
-136001 261623
-3533 -94172
378876 261470
-54829 378689
182485 -138637
414317 237944
172018 213147
401028 436302
17363 128421
381219 203610
-438068 -492327
318418 -428089
65114 -14162
-21255 466159
-294515 116780
209085 237106
9779 -212200
-186805 100318
-181704 -191644
169163 -375138
307763 262933
-302922 162615
-468064 242925
-162827 -587
-318503 490085
401630 -32668
-498065 -392642
-177277 209989
90625 -194413
373894 161533
333572 419949
458609 401812
-119581 367550
404262 -5875
-71989 490311
446289 -135756
343552 -134792
-365088 212485
-338018 -82544
-256661 264639
41204 -300707
129914 -338882
-364417 305647
-458792 377565
-194339 472063
273561 87325
-281843 325462
3361 -271279
-169842 -376087
13018 -242213
495429 85215
-377035 -391295
406879 247263
488839 403571
11430 333460
-331079 303672
-477957 -282229
-281910 89392
-273490 206593
-137814 -166566
294653 409141
-34006 312076
314113 -218749
-20802 -344622
333719 -321513
-214189 -86046
458144 -423348
-257617 -473057
437486 -419799
-437562 -353732
-131171 -93658
188415 -213835
-328710 367339
-430579 25030
238502 353841
-73575 79102
-418582 -322193
-100487 301555
80985 6983
94693 -49955
-404874 392991
487298 -134819
461541 -85946
328160 -348995
-292379 -171196
-322999 42732
-360315 -172351
-244889 296372
-354551 311078
-58680 247216
440849 168865
-422922 -329561
-491774 177066
4138 245557
204630 -88968
369685 394523
326373 -214195
-122790 -374526
-482289 93415
-347505 -351160
326277 55845
79958 286268
-218175 484741
432061 -398255
-233812 388299
-92453 197574
-487429 306912
-159112 193862
-103973 458323
78220 162629
398064 -274049
-472967 159591
-72154 440904
405978 -336576
475178 -24500
-444888 -282462
-271063 459807
-398060 20203
-267209 -437525
244048 62248
-489751 -18377
125048 -219901
149486 99010
116725 261267
-74773 -240365
-172043 358935
-67035 404381
301398 246477
-190191 205817
-282949 97101
-156889 495551
137757 93804
308749 -306238
-7756 400520
160552 -73086
223221 -302667
47399 116763
441746 440896
-206009 -132857
419555 388402
-279100 322495
-58580 -380517
-374134 -319823
448496 30333
-154303 315700
-336309 -76894
-318081 -207961
120481 449591
-179552 329438
-347720 -194979
424811 80028
149730 94238
170903 365578
316513 319764
374879 -59401
-8789 202722
344895 -375064
111448 60453
448789 484022
327438 498043
306996 -144559
11532 50275
229963 329871
146793 385277
172714 87531
393276 305346
367115 -348673
395058 -174065
339242 221465
-409112 -58034
444113 363230
-138237 -369066
-117923 -390225
235919 152379
-173332 133527
-478673 179671
186864 -282945
-378644 -48340
33436 342433
-393970 -381452
221449 -350676
-401875 -344146
310879 355648
126684 7762
-486769 -497248
-258300 -20213
-436392 -334288
292253 123474
-143958 120692
-207695 -225225
-328401 211507
69980 -188072
-145042 -183326
24042 -63850
144004 266032
211377 460284
-379810 238669
-298573 39885
125725 -127250
350978 30727
-376601 414120
42815 299382
350713 -222156
-496585 -170453
78115 -483616
-273976 113763
-369243 -446209
252406 -342401
-447828 411480
-82684 415902
-62558 18706
-454067 466081
-443985 10677
-261376 78337
98531 -286184
-46067 -121161
-353599 338646
171470 181568
-265713 -438495
-159932 -497176
-34058 92787
-415674 -195434
134515 440786
-414292 117448
392322 253836
389042 48982
-449434 -215051
218514 154869
248290 281360
216070 -329354
167175 42290
58717 137338
-499890 -489432
51943 -19984
-130166 35567
111852 472484
377931 -138860
381526 404855
255703 -175427
-8568 250570
63984 409932
-198054 -202695
311900 -352443
-279739 305354
369224 265924
196830 461922
437175 153084
-396927 -188949
65733 161053
-75460 -191188
9662 260514
-299761 -356032
-383501 358877
-354988 372621
-367830 -492019
443488 -301098
-409172 325352
-408069 167773
-360794 281051
192466 399696
-28297 -300875
-107603 -330641
-10900 239124
309574 55650
281769 -462869
-306285 -267493
434625 -491640
32030 -142682
92072 187711
-330859 -295175
190559 -245827
375848 119711
-245579 -230032
392784 -417870
-65128 -327919
-437778 10576
295088 331536
-8789 456368
-361390 -112147
-425059 311348
-329418 34282
418611 -154237
416617 353693
-1037 16227
387142 362543
-127511 486874
16614 -328566
-21876 274018
-125399 401793
-143762 7447
281136 165205
30521 4894
192693 14606
-66344 -409744
-461172 -392201
90018 457763
5332 455341
88204 75429
242294 339808
-404179 -458560
343872 -134509
-297188 146022
-382332 -491900
252973 217057
-232435 436947
-62810 48320
463094 -459236
-178694 432543
440672 474595
481250 316026
327676 -287634
80742 -255362
337566 343332
-52075 -168896
-174041 -318221
326176 -407518
255081 52173
-395034 277151
-7483 -423942
-449032 -368521
-416371 -247088
-153151 -218302
199211 -259130
-53456 -71022
-38162 -32136
-247662 406135
46956 235748
-422859 153109
123386 190870
473672 -24750
195264 323317
116775 19337
-99025 -255555
388521 -456863
-493399 117961
238662 -225598
-327695 -393364
-305934 -354581
-146229 445569
342566 -335195
222412 -106376
290266 -392054
122346 -421887
153288 -140347
-210241 267165
238508 270770
453693 174432
146213 380512
16425 353891
398651 152400
-387034 -381304
-303890 49221
140339 -237045
411258 473281
278049 -29382
-343102 -198040
108982 465158
377415 79426
-476860 -154194
-452738 432060
254135 -79217
-352617 -74538
177709 -330676
337087 62758
-174703 293667
-280847 144493
113371 -84669
-363299 -356524
293870 341003
-246445 222382
461263 -287709
138801 -57735
46215 81211
-175662 410228
355636 -115494
52186 388792
95926 170781
-330971 130218
-420517 -272247
-317052 -53215
195811 341978
-83697 -39672
265154 -399099
452923 -255097
-377874 -339141
93006 319438
434609 -234575
-474732 382003
-109562 460567
-362479 -215468
-333580 82774
448115 -73868
-311160 -457306
-146520 -376831
296122 365854
275748 137637
302486 -446421
257796 -214846
-264775 189339
-1164 10906
-375862 -366540
-265555 -110850
345136 -19755
389439 -164602
68413 439095
306802 166744
57168 241971
227766 204673
-349288 120279
230630 358238
270621 343533
249606 -54935
-309808 48904
257741 -380203
201792 92235
475253 290780
446253 -343239
207982 -436140
488763 -139861
8260 79902
-439156 -132232
159151 -187434
-417003 430674
-194605 -460191
475489 -77048
489633 -431059
118174 -389328
7130 76568
289139 275183
-310808 -324792
-452355 322480
-103145 -262301
242071 324754
231833 210212
291483 189396
-191974 -449305
-196763 -467469
36809 -374869
379083 -460747
-53805 72095
-365864 272194
-26793 268910
286164 44452
-375526 306524
-357841 -217627
182760 355141
263016 -66317
290664 290279
126002 6569
211911 -499812
-414901 -418631
-495774 336948
131371 -185608
-1380 -352940
286147 -24843
145593 349813
-299191 -111416
-85925 372044
-123037 433584
212458 238093
13396 -425791
-218723 -258690
24778 446148
-409810 -338260
220594 388835
-76436 -158554
346398 458566
-60842 -20015
32451 -110990
-351439 -157742
275458 5250
70479 -165270
-4106 -351765
112551 27730
-499206 -136034
79249 28704
-140321 454366
255952 -406967
-326353 -435360
482930 -354442
-6052 -295521
-411758 334275
138863 98413
-55190 265199
314293 255750
412788 494614
-173532 -490138
-446049 -165728
-234897 104808
-215683 128296
-329866 128584
-77235 288129
250445 106685
127119 2481
71053 -9711
-160887 276434
-187809 402705
-58155 -314009
-349760 150683
417709 -478756
411455 29251
293133 194148
487304 -98479
499206 319880
-159836 -29674
403315 180882
-110186 -387866
-319938 -408939
-87226 -471461
144315 -218400
-237648 -173572
-11721 192980
-77515 472859
-336265 372943
482489 186351
-204807 -198707
-203203 115452
456764 -116630
-471997 -255128
-404073 -452733
360735 25862
310905 130922
-333813 390373
-298596 398310
413383 -52870
438414 99390
406674 38147
-466042 255874
170797 -17660
18742 -58495
230792 -286699
-183710 -135174
230922 341975
-212612 308138
76043 -301456
465531 339489
-480458 -11045
58419 31043
96200 238240
-456701 145088
479271 -321502
-89254 -300244
-317833 -49878
279946 -176649
-30334 85808
84560 -257631
-378247 295413
199597 -434021
-403350 497972
-133692 266305
82864 -332390
-274207 276745
-63252 -686
441979 214834
451589 417972
494234 28775
-317894 -420875
-9594 -291470
437502 -385817
-492358 -317348
31900 325163
-366262 -154378
391476 -110213
238856 482990
-51093 262213
-17827 74173
182411 64911
383945 369479
55475 61274
308389 242036
192924 373252
-55900 229270
366794 222340
-61762 -18997
-51912 -415196
-486328 -471501
174417 -11636
-290004 463106
-188950 -427628
-352492 24087
-75780 81748
-384198 24973
122388 274072
-419180 -135688
-62276 66833
161562 131751
-95907 -208444
147856 10728
-422794 -78486
-381979 293487
-97037 -287666
127888 -272811
474863 -426663
309288 -163048
-195385 413902
-420754 81766
212844 37134
-51770 314547
-215341 -291473
-294398 187965
86936 476032
397490 212569
290425 -383607
465971 257263
-67491 -295817
-476523 491293
-434046 -323550
-139734 296781
353800 246650
345465 426078
421229 -405819
491573 6962
-51439 -404464
-82875 296845
-322004 -185378
-132897 439892
-217386 65757
-404675 190476
20838 201976
-407203 295651
-320868 316911
-24205 182010
-329429 60477
220733 -14833
-395602 -421080
-206001 445789
44226 72993
370021 -128762
353287 -210752
44287 -497716
307407 440500
431423 -85350
365545 109092
-83035 458899
-480441 341393
-260361 -29573
142806 106735
-200333 43983
268567 492755
-233801 -101396
-400505 -51832
266244 436774
-338515 -311210
-203931 426053
475119 469136
362411 464157
-352825 342288
-155785 -18850
255018 473039
234201 -366617
382621 -114006
-7558 -479791
426136 337961
-202892 246035
-469552 222673
367454 -30874
271782 -330303
395190 196799
310653 -228807
189687 309967
146227 393915
329763 -312521
455216 90328
-219632 -47431
-374550 -475685
-85090 323616
489025 -317054
-152791 -367250
105404 -309572
70452 478282
-500000 -386301
-126984 303353
222374 -439356
209489 -74593
151219 -406595
190540 467829
410351 236424
446397 417346
-454134 220963
-495026 -305899
-298045 -459624
266241 165700
134788 283182
-39532 -25609
-352935 -113834
73946 388476
-490444 478062
311115 -254684
-202569 199525
-21556 -199476
185357 371307
143255 487647
-319751 -342348
-330147 439044
-66877 458795
335630 64476
268924 75809
190450 170572
234724 -432976
213804 36318
-319745 -51632
176723 485201
134764 -151875
-422649 131232
325029 365219
-174677 364514
-172402 -484368
274278 4529
112263 -110590
489928 235757
12138 -481137
-237267 -311680
315889 61428
-277876 255939
408347 -13256
-103852 -351236
-456369 145451
320937 -76858
186255 -78952
-84980 165615
-235254 -133929
409795 -174143
389809 -241314
-286205 425536
-70252 44913
-4551 68401
130849 492841
153134 124119
85506 -402979
-484700 58722
-361170 -378043
491337 437239
387118 -255109
312558 -90637
236694 257872
100382 68134
-403699 260645
-257146 -279874
-408585 163102
-236113 459858
259614 278531
80080 301021
154664 -479156
-330489 169126
108761 -488950
-301916 -147770
415275 -43228
131898 353344
188247 -464950
-245576 62228
-35892 264829
-427312 355012
-368987 184425
-483088 -65989
249083 -244930
-20112 -244892
364457 -330659
413695 272507
-269042 -133595
134517 419412
-137083 -344900
-180309 159045
376415 210120
-106883 191810
125402 4668
-199611 241285
480752 38720
-252247 466858
-77815 -319457
-316522 -207371
-82021 -194712
-322850 -186574
-464551 -8465
73833 273068
236943 271214
-398079 149113
453694 -38810
-497227 -279560
-238622 100391
2733 281818
356240 -376662
-409923 407901
-54119 -20053
242359 423829
483559 67934
-278925 -450364
-106632 111201
212645 130851
-31293 -383359
-275831 360970
-456186 269040
-16482 293401
367254 313301
-478509 94025
-402401 301329
377038 -492205
-253985 39679
-241741 67171
286704 -491780
92074 -309981
218028 -344081
51737 -31280
-237361 -70278
-446783 499340
236627 229632
1193 280934
-417869 -103740
-368596 -282927
61082 -6656
24763 -64918
-389884 -291626
366548 -463284
175126 231448
77391 441160
-351406 136874
-222517 -373676
-161616 115451
-190742 242101
-429178 419971
-316571 -353508
-262092 304115
269075 5270
376781 244374
-159991 220649
-157786 123609
414776 -312437
-275169 -459158
-132873 487233
-188372 167058
-348372 -439482
277232 281938
121850 -366140
260061 -232647
-286434 410162
59324 416181
-250474 375010
293764 -15578
211381 225933
224370 40185
-406323 -288160
294189 -308822
-118528 145492
-75800 -1016
-472370 -491364
-46613 308729
-54705 -99617
-344475 318461
299024 31120
208587 378536
417416 289714
443468 180303
75196 325918
362759 99518
304849 358311
381336 293044
15080 -178389
-308065 300932
486102 85206
-123957 87815
399054 -86663
-460805 -116718
479296 45650
-856 -109391
-355398 145151
36619 -12420
-416262 -304568
-222525 -397373
-338697 -267208
469669 -344948
-13186 -466378
-411800 -332068
202036 -86215
446026 -259960
-471650 438785
480056 440844
-319795 329474
-244940 -112992
-490715 493542
-479633 -53074
81957 16219
-133316 349973
64990 17158
419399 -323276
-262378 -315356
249194 -318029
406652 -46999
147704 -399838
-488679 -60291
463260 379310
427602 -462372
-81146 -208450
-396589 406369
76496 -182254
-42042 152210
-280044 -42241
326171 -488577
-161338 -71008
-482843 307206
156803 13357
-204196 416799
-287044 484826
56544 -395718
211147 55754
-400848 -90855
-132788 158537
-224943 -434394
-369855 409146
-18687 470903
194266 106098
-217337 -95301
191078 -360721
-40915 457077
-288921 64645
-364542 140465
-237686 -32126
-277703 -1938
-96138 475137
355569 -106249
204068 215676
279331 320656
156526 421735
268957 -366769
-29521 -78980
-446824 358528
-332667 497905
-407657 -136886
223102 223157
58211 61503
-240328 -424789
-211956 -98729
-122044 -464070
177499 274063
361283 67357
485505 44154
-496700 -257956
284700 168460
92807 433667
-472598 434471
-238923 360530
-153644 126342
232466 94053
31771 -195717
66817 -206710
-341618 -373447
-196350 16793
488946 -226148
-75589 -12611
229699 -22669
-309030 490482
-453479 269959
-376638 -111971
254953 -162470
394203 -172221
-218113 -102685
340932 341109
283308 -58861
112382 -212059
121502 185320
266725 388129
31063 468005
490868 120928
236805 -21672
-479359 333639
421627 -16756
118116 -404550
44063 413286
354793 445963
407477 -352888
382635 475767
-400491 -475440
350551 -288032
207661 -376237
-288736 65992
476135 -107425
421122 317017
-277607 239099
125217 -223518
343938 216967
81231 311790
-283680 108875
-183403 91052
245460 -162606
154899 171901
-310226 207788
-81957 -492896
146724 245299
-117811 351082
-211747 -183810
-394489 242819
-373382 459504
-319634 25278
141678 239607
115041 -479812
454584 265954
472563 -422244
103063 -19726
-259618 -297015
465204 -469240
81741 238198
174013 426974
-451985 -393667
341334 484894
390517 -95352
-415398 26226
334661 202990
69109 -387378
232736 318579
28519 238338
411867 -203112
59987 -151321
150235 149679
41546 182293
-287195 206781
-263775 313845
-351781 265289
374056 367696
162310 -429389
-383420 472954
119139 -359798
466184 -484447
263151 -416054
-171376 103464
-363982 -91106
-48622 246229
-467531 -306181
-108912 169779
388903 -117899
-283173 437790
-316378 -321837
-444230 -73440
-40272 238291
-338920 -20842
-470909 364970
382317 -483020
144708 317800
270909 -487529
-18094 -318990
232288 491092
95251 -453114
-211422 61193
-387626 364099
-477150 -379270
65973 -408012
-199795 -331789
19901 248996
393434 62549
-412747 38451
-254775 2978
270286 -416574
-483085 484203
-291630 387935
116498 -68784
148343 353327
83647 -375562
-256561 367633
60206 208563
-335523 3041
413237 261652
173218 -78441
236735 377149
-139801 5294
-473036 405780
-53620 -213916
-481767 -381386
187982 -431528
364413 -63695
56900 -412
-37485 -97900
-126609 -455686
-474164 -186509
-472104 40305
-159750 167849
20516 292032
-99011 210859
59021 115392
-491508 357199
232964 -50426
200014 241216
369943 -52265
219754 -188426
-442814 329367
-459604 228082
236807 177765
274431 -159552
-273201 163120
-59705 -190087
-378686 -128138
472368 -35056
-311130 277718
40254 -80081
-484298 345910
34800 497812
397517 -345906
143270 -460455
438214 323346
-218306 143035
103308 -471132
-385516 475501
361126 215405
-467612 -77571
-41823 -299866
458951 -332327
68120 270706
20736 -398135
-302456 -347360
-91769 -301984
-218216 -50282
-177899 -226756
274378 -460078
-141546 480669
471732 248824
379762 143911
491728 -200551
80827 -219401
-59816 -160904
466866 359030
-259097 276482
63170 181535
-417846 -423866
486160 295929
62619 320456
-314056 409921
-278704 143811
328207 68733
248227 29833
-59416 -34552
67212 379547
243212 247031
144780 -332165
-10294 -113058
-275217 -234395
326773 107759
-67428 -19495
-103599 -45222
-229888 18921
14895 373517
7043 -271200
-128834 165652
-487933 -87701
-240169 406370
325355 477080
-213059 486753
463451 465897
78779 -432189
117243 259203
266963 -131458
424260 -449820
322208 244425
-146501 44863
-360591 -405038
389822 -393571
246468 43167
128648 306907
-65790 -255792
322632 220217
250814 87994
134813 -219727
451883 104553
311042 490484
-68016 -212382
340350 431895
435528 394604
85635 423488
-427586 -159178
-375069 -17907
356834 357367
37709 215264
20793 -167831
-67086 39131
399482 -182852
-421709 290283
-189959 -466903
-413111 -377300
-287048 79723
-342837 -97083
38091 133304
-1692 235807
34017 -452570
312709 -212426
-95694 -389255
370476 485418
487880 -344589
-19258 -285008
-439989 -180436
-162948 476227
482598 -87597
-13751 -498639
36337 141990
-103301 -108242
497292 274794
210841 334789
-259197 -388452
452853 -231236
-240180 109600
295600 -336553
411077 -79571
-95402 281500
43845 239379
307231 302144
-398737 384667
90757 144258
-63940 -160536
303390 -58488
416670 -439261
108538 191143
-440228 135993
-208247 259421
-491490 -137158
-134093 322981
-57322 468382
154708 279715
-252357 378547
-77080 348998
282099 96878
259116 -469421
-328800 277510
392306 421067
438532 409794
9753 -79465
-497673 487640
-341128 -278428
261072 -405657
133536 427818
240964 -329254
-192578 -407591
374475 -480958
-194349 -348461
231397 270944
-485885 -61326
181957 -311746
-229938 -185786
126772 -280974
121918 -104998
-499377 480888
389602 132989
-139732 216838
-6982 482420
-182593 -225168
-170503 -229553
-26399 316221
302324 281179
-309850 290916
-117644 110532
411880 356698
302074 254606
-119952 -432323
-479233 214666
-145290 -141213
272524 -335015
279145 -201182
117026 373026
-104432 -163794
107743 -312277
-416939 132691
-434997 369161
-429859 -264096
-95558 -76345
143535 13949
-388922 384046
-181493 135154
492396 47266
347119 376522
54133 480631
-151025 448145
-183450 162586
-277128 -195631
126152 -391825
-181975 -400152
-217283 206434
-127598 -149352
-438511 46372
38932 115740
425362 -8156
-218828 397224
-241327 259187
293684 289646
