5
25
12 8 24 18 14 7 11 13 7 10 8 20 20 6 12 21 0 15 20 19 0 1 8 6 22
25
55458759 83388596 42952008 58947139 70396258 99683161 93625219 80146257 39222874 17630565 52448541 36424671 72185075 19188391 97217390 4725911 77981445 13597210 51360877 29415245 83569185 64479216 12895173 27211296 72690315
25
10000000 20000000 30000000 40000000 50000000 60000000 70000000 80000000 90000000 100000000 110000000 120000000 130000000 140000000 150000000 160000000 170000000 180000000 190000000 200000000 210000000 220000000 230000000 240000000 250000000
25
0 0 0 0 0 0 0 0 0 0 0 0 0 0 0 0 0 0 0 0 0 0 0 0 0
25
1 2 2 2 2 2 2 1 2 2 2 1 1 1 1 2 2 1 1 1 2 1 2 1 1
