5
21
2 12 3 17 17 17 2 2 21 15 21 21 17 21 9 0 10 17 1 13 3
21
24341731 71510695 79182394 4104746 27982561 15368810 4886256 714559 80995035 35339703 38132257 87551279 68374389 43886918 31913335 37767582 23497458 98569211 17400678 97977914 8454236
21
10000000 20000000 30000000 40000000 50000000 60000000 70000000 80000000 90000000 100000000 110000000 120000000 130000000 140000000 150000000 160000000 170000000 180000000 190000000 200000000 210000000
21
0 0 0 0 0 0 0 0 0 0 0 0 0 0 0 1 0 0 0 0 0
21
1 2 1 1 1 1 2 1 1 2 2 1 1 1 1 2 1 1 2 1 1
