5
22
10 5 8 16 3 12 8 12 21 22 17 7 1 19 11 17 14 18 1 14 1 6
22
49480614 65636909 1463690 36529258 70546059 70116451 40764229 45149138 82377739 98773958 55021498 80548358 47458254 95869833 8816724 19034329 20981434 52426379 39273944 85404341 67906774 51001934
22
10000000 20000000 30000000 40000000 50000000 60000000 70000000 80000000 90000000 100000000 110000000 120000000 130000000 140000000 150000000 160000000 170000000 180000000 190000000 200000000 210000000 220000000
22
0 1 0 0 0 0 0 0 1 0 0 0 0 0 0 1 0 0 0 0 1 0
22
2 2 2 2 1 1 1 2 2 1 1 1 2 2 2 2 2 1 2 1 1 1
