5
24
7 9 1 9 8 1 10 16 8 3 18 1 14 24 13 13 4 6 12 1 3 10 0 1
24
53021774 41898554 89899774 23717347 19574896 44864844 25787115 62646102 6559145 98043690 45117437 91164261 60865786 46345873 93819288 63605442 62613631 69223132 97079340 63126028 6066070 53220389 91932524 89334864
24
10000000 20000000 30000000 40000000 50000000 60000000 70000000 80000000 90000000 100000000 110000000 120000000 130000000 140000000 150000000 160000000 170000000 180000000 190000000 200000000 210000000 220000000 230000000 240000000
24
1 0 0 0 0 0 0 0 0 0 0 0 0 1 0 0 0 0 0 0 0 0 0 0
24
1 2 1 2 2 1 2 2 1 1 1 1 1 2 1 1 2 2 2 1 1 1 1 1
