5
23
0 7 1 13 1 2 2 20 21 16 18 17 17 20 23 16 13 9 19 20 0 4 20
23
53392426 5764762 52873815 76175207 74460868 51227378 14568696 50709354 30990613 59353305 79750416 23933488 6161778 13228561 93514102 36936147 27518928 46610018 44005830 89498216 22149857 74754779 48727365
23
10000000 20000000 30000000 40000000 50000000 60000000 70000000 80000000 90000000 100000000 110000000 120000000 130000000 140000000 150000000 160000000 170000000 180000000 190000000 200000000 210000000 220000000 230000000
23
0 0 0 0 0 0 0 0 0 0 0 0 0 0 0 0 1 0 0 1 0 0 0
23
1 1 2 2 2 1 1 1 2 1 1 1 1 2 1 2 1 2 2 2 2 2 1
