5
26
20 0 13 20 21 1 6 25 21 13 12 8 3 3 5 23 15 13 22 13 16 0 5 14 9 23
26
39244232 88273205 79929038 14752649 89947044 84296002 53193336 3750185 80994924 93704032 13369922 35975904 47597466 1118193 2267020 47300270 75018210 71561274 34905298 72965998 91352343 93196562 48706514 73117052 42064727 48425717
26
10000000 20000000 30000000 40000000 50000000 60000000 70000000 80000000 90000000 100000000 110000000 120000000 130000000 140000000 150000000 160000000 170000000 180000000 190000000 200000000 210000000 220000000 230000000 240000000 250000000 260000000
26
1 0 1 0 0 0 0 0 0 0 0 0 0 0 0 0 0 0 0 0 0 0 0 0 0 0
26
2 1 2 2 1 2 2 2 2 1 2 1 2 2 1 2 1 1 2 2 1 1 2 2 1 1
