5
20
3 15 9 9 2 20 3 15 13 14 17 5 9 15 14 20 16 15 11 20
20
13516499 61400125 30670086 82935694 44453252 75236465 55371769 543103 67155193 97310779 57968603 23894682 8426964 70156909 15390130 69997783 56083173 37510054 20917142 87295212
20
10000000 20000000 30000000 40000000 50000000 60000000 70000000 80000000 90000000 100000000 110000000 120000000 130000000 140000000 150000000 160000000 170000000 180000000 190000000 200000000
20
0 0 0 0 0 0 0 1 0 0 0 0 0 0 0 0 1 0 0 0
20
2 2 2 2 1 1 1 1 1 2 1 2 1 2 1 2 1 1 1 2
