5000
3976 4940
4618 3188
2740 4516
4503 4550
3699 2967
2840 3997
3396 3496
2931 3043
3568 3608
3015 2677
2752 2585
3071 3984
3473 4802
4210 4490
3707 3368
4060 4164
4325 4505
4643 4208
3808 4023
3804 4395
2724 2725
4325 2831
3653 4201
2687 2594
3660 3191
3590 2928
4376 3713
2669 2688
2875 3385
3211 4823
4482 3505
3888 3317
3296 4220
4911 4369
4829 3622
2707 4316
3186 2772
4225 3732
4014 4766
2781 2634
4444 2573
3695 4777
4726 3218
2575 4613
4770 2537
4916 3394
4556 4628
4212 3637
3011 3576
4596 3822
3617 2996
3783 3794
3520 3661
3618 4492
3891 3721
4246 3810
4415 4683
2834 3938
3913 4335
3419 4678
2833 4793
4881 4019
2623 3312
4840 3395
3725 2555
2965 3854
2686 3235
3717 3168
4658 3888
4104 3005
4773 4879
3746 2965
3941 4153
3142 4246
3078 3016
2757 4050
4493 2770
3826 3366
4563 3190
4833 3000
3216 4583
3712 3126
3800 3207
4397 2872
4154 4592
2673 3438
4074 2579
3243 3933
4891 4912
4520 4940
3200 4143
4376 2571
3747 2555
3037 3999
3502 4316
4636 4278
2517 4164
2887 3195
4651 3917
4262 3693
2902 2825
3289 4552
2748 4132
4063 3190
2993 2967
4302 3637
3525 3713
4034 3133
2729 3493
4152 3849
4279 2862
3134 2900
2813 4764
4575 3871
3361 2583
4185 3176
3006 4759
4179 4464
2838 3514
2581 2556
3893 3237
4067 3913
2741 4141
2722 3289
2871 3370
4943 2623
4130 2713
4662 2578
3447 3820
2987 2745
3455 3512
3217 2963
2990 3693
3025 3495
3870 2581
4607 4716
4652 4468
3642 3847
4510 4007
4060 3704
3299 2915
4429 2857
3616 2680
4353 4678
3525 4597
4470 3417
2646 3109
4357 3798
4412 4664
3149 2697
4884 3388
3209 4160
4055 2812
4523 2812
3230 4265
3109 4328
4338 4234
3851 3445
2881 2600
3245 4161
4004 4331
4396 4393
4686 3864
3289 4013
4072 3565
2840 4532
2788 3725
2976 2746
2951 3033
2833 3488
2890 3855
3271 3647
3899 3083
2720 4380
3994 3242
4015 4063
2863 4111
3499 3019
4687 4382
2994 4377
2866 3260
3442 4644
4419 2662
3108 3696
4067 4266
2616 4920
4782 3242
4346 3029
4965 3502
4762 3725
3061 3946
4606 4193
3288 4146
4469 2783
4418 3507
3969 2975
3417 4592
3992 4364
3748 2622
3454 4315
2976 3394
3191 4510
3393 4988
3117 4711
4575 3002
3615 3069
4339 4585
2531 3310
3020 3149
4609 2547
3969 4381
4904 4841
2967 4446
4076 3172
4766 4437
4902 4988
3626 2836
2987 3270
4489 4703
3256 3961
2995 2766
4956 2778
2881 3035
2710 3414
4822 4286
4376 4800
4767 3082
3111 4713
4161 4649
2968 3491
2573 3714
2650 4151
2692 3888
3642 3163
4474 2734
2590 2937
2908 3363
2655 3692
4763 2781
3728 3440
3131 4857
3228 4257
4793 3928
3649 4374
2840 4957
2760 4905
2777 3510
4727 3568
3153 3371
2664 3579
2793 2899
3369 3644
2859 4118
3643 4596
2947 2954
3906 4419
3259 2901
3968 3952
4040 2925
2613 3619
3430 3574
3041 3137
3821 4676
4319 4160
2568 4591
3725 4098
3925 3186
3355 3497
3296 4764
3520 2858
3859 3643
2657 4465
2954 2551
4189 3347
2810 3969
2829 3820
2947 4823
4846 4008
4721 4515
4118 4682
4057 4337
2907 4673
3708 2937
4425 3132
4222 4414
4021 3282
3244 3690
3813 3581
2574 3121
3627 4203
4859 3876
4443 4521
3017 4623
4626 2857
2529 2562
3062 4227
2924 4216
2693 4143
3774 2808
3819 4267
2675 3875
2718 3016
3435 3918
3041 3425
4900 4419
3004 4278
4309 2976
4232 3697
3257 4243
3180 3379
3017 4589
4387 4391
4453 3104
4650 3171
4918 3516
3713 2758
3292 3712
3580 4309
3974 4411
3934 4296
3954 3881
4419 3716
2741 2870
4484 4972
3217 4469
2603 3861
4413 3065
4409 3497
4092 3913
4739 4603
4896 2510
2753 3521
3939 4248
3618 3111
4869 3953
4111 4589
3015 4959
2730 3571
3488 3071
4922 3583
3840 2558
2766 3617
3684 4517
3575 3274
4972 4449
2788 2596
3299 4844
3482 2649
3850 3941
4990 4660
2972 2807
2694 4716
4950 3405
3751 2702
3571 3319
3731 4124
3385 3293
3525 4201
4757 3724
4358 3399
3188 3075
4484 2820
2647 2673
4208 3670
3832 3974
4456 3750
4065 2561
4075 4413
4752 3005
4043 3559
4476 4501
4826 3950
3914 2688
4758 2962
4422 4159
4080 4148
4166 4101
4980 4115
3115 3448
3760 4866
4295 3946
3045 4819
3571 2928
4520 4943
4951 4281
3250 2575
2920 3985
4935 3343
4629 2587
4093 4331
2615 4878
4576 3366
3852 4211
3717 3224
3470 3568
4763 4151
2709 3254
3810 3759
4822 2629
2585 4094
4204 2881
2557 2572
4147 4937
4807 2874
4538 2892
3812 4735
4336 4170
2525 3728
4779 4262
4444 4360
3723 2801
2958 4059
3131 4517
4239 2658
3037 2635
4378 4555
3918 2646
2664 3114
3185 2701
4522 3587
2555 4701
4213 3338
4926 2716
3176 4386
4148 3428
4904 4864
4444 4621
4787 3943
4287 3336
3891 4453
3819 4022
4854 2596
3407 2840
3194 4486
3898 3194
2904 3169
4016 3380
3704 2610
2949 4092
4752 2730
3617 3113
4525 3892
2982 3343
4329 3428
3817 3439
4551 4186
3772 4612
3864 3895
4850 2957
4021 3195
3160 4980
4003 4940
4305 4987
3827 2958
3871 4728
4065 2552
3403 4806
4057 2675
2550 4875
4754 3369
2602 3733
4586 3517
2993 4256
3721 4796
3956 4354
2862 2736
2552 3479
3194 4925
2675 4325
4610 3569
4906 2593
3511 3128
3929 2646
4367 4648
3391 4608
3941 4225
2694 4268
4812 3093
2504 3496
4273 4769
4253 3062
4813 2999
2640 4280
2670 4864
4880 3742
3824 3270
3045 3017
3752 3961
3122 3981
4265 3708
4521 2746
2716 4075
3606 4664
4319 3550
2866 3935
4919 4802
4666 3310
2543 2816
3095 2674
3028 4222
4673 3815
4074 2793
4880 3703
2507 3662
4122 3538
4597 3864
4787 4044
4315 3018
2626 4410
2855 2612
2960 2702
3611 3832
4257 4363
3580 4696
4435 4693
2749 2541
3596 4308
2737 3999
3404 3647
3887 4450
4480 2651
3846 4504
3719 2650
4989 2704
2521 4036
3862 2729
3745 3582
3641 2993
3976 4055
4789 3623
4208 4682
4275 2856
4713 3269
4981 4217
4029 4610
2945 4127
4086 3068
4710 2777
2896 4966
4944 3189
3225 4594
2920 4005
4083 3714
2854 4639
4387 4662
3203 3005
3405 3372
3054 3153
4229 2880
4485 4155
3402 3485
4419 4344
2549 3009
4428 3638
4594 3405
4085 3389
3633 3412
2568 3457
3724 4939
3370 2626
2983 2912
2810 4038
3176 3242
3641 3083
2767 4693
4478 3288
4874 3805
4202 2773
4120 4121
2679 3658
3878 2916
4507 3187
3020 4334
3677 4350
3847 3561
2831 3698
3156 2884
4663 3416
3844 3950
4437 3976
2957 2705
4777 2875
3325 3662
3281 4920
4047 2790
3295 3808
2800 3897
3599 4585
3479 2822
4095 4979
3508 2793
4884 2690
2517 4671
3722 4853
4418 2854
2901 2875
3489 3628
3005 2546
3708 3480
3748 4738
3456 3074
4798 3659
3492 4237
3622 3038
3888 2951
4420 2536
3392 4916
2630 2658
3173 3932
4670 3665
3580 3705
3690 4641
4302 2829
2619 4680
4196 3872
4413 4028
2979 3848
3965 4606
3098 4191
3416 3008
3762 3664
3235 3026
2753 3753
4642 3872
3639 4887
3538 3996
4784 4374
3161 4010
3519 2800
3016 4345
2927 3596
3697 4223
2720 4367
2697 3318
4916 4874
4425 3747
2601 3264
3260 4653
3813 4502
2747 4270
3167 2620
2574 3991
3994 4651
4807 3867
4338 4478
3140 3805
3258 4629
3495 3744
4799 3306
4431 3406
2518 3006
2668 4509
3093 3614
2917 3061
4615 3998
2825 4719
3076 4202
3727 3781
3726 2790
4210 3364
3710 4215
3591 3450
3002 3808
4363 4301
2849 4353
4371 4828
4871 3658
4146 2992
3479 3226
4765 4486
2665 4287
3141 2652
4870 2741
2693 4024
2953 3827
3511 4838
2826 2560
4121 2743
4884 2939
4098 4613
3878 2598
4818 3679
3522 4522
4045 3104
3677 4241
4337 4075
4557 3030
3681 4405
4981 3690
4225 3601
3981 4839
4400 4299
2924 3009
3589 3754
4785 3978
2797 4293
4351 3464
4441 4728
3946 3959
3015 4191
3066 3123
2667 3914
4374 3129
4854 4565
4874 4616
4148 3961
4789 4355
4973 4843
2585 3751
4936 3127
2968 4802
3939 4679
3092 3914
2779 3164
2847 3258
3102 2583
4922 4500
3337 3598
4183 4694
3828 4919
3164 2731
4131 2500
2980 4732
3791 3498
2506 4246
2870 4794
2539 3755
4325 4501
3277 3194
4710 2817
4613 2930
3189 2875
2638 3849
4127 2754
4501 4439
3696 3158
3851 4894
4198 2516
3781 3365
3878 3679
3570 3786
3476 4011
4638 2867
2657 4618
4205 4715
2947 2706
4613 3077
4709 2731
4761 2854
4353 4962
2607 3490
4681 3827
2843 4156
4406 2531
2688 4171
4876 4701
4125 3958
4668 3068
4560 2653
3981 4919
3632 3998
4407 4617
4519 2726
4602 3715
4978 3825
4851 3255
3457 2680
2797 4415
4534 4877
3713 4352
4939 3575
4251 4460
2625 4201
4469 4066
3444 4816
3265 4450
2939 4227
2824 3965
4327 3145
4701 4987
3166 3418
3227 4742
4335 2986
4922 4307
4865 4305
2925 3334
3583 2967
3037 4997
4061 4486
3836 4056
4321 2746
3176 4589
4932 3321
3347 3035
3053 3242
3431 3546
3194 4350
3288 4970
3448 3219
2788 4661
3799 3720
3379 2962
4873 3897
3795 3376
3740 3559
4884 2823
4126 4559
4758 4871
4435 3679
3483 2567
3731 3918
4970 3391
4104 3500
4067 3539
3596 4844
3958 3184
2600 2551
4243 3664
2590 4299
3789 4083
2556 4354
4664 3232
2880 3457
3285 2604
3558 4010
4178 2560
2906 4816
4293 3588
4798 2574
4455 3288
4045 3878
2693 3116
3280 4862
3381 3875
2888 2772
2995 3602
3234 4438
3306 3156
3930 4017
2787 3444
2931 3363
4308 3739
3875 2620
2704 4537
2840 4843
4048 3820
4171 3777
4946 2698
3019 2614
2601 3970
4181 2856
4661 4260
3637 3825
4131 4980
4555 3269
4677 4799
3760 2709
4418 3551
3664 4604
2713 3252
3340 2530
4267 4605
2802 3633
2640 2918
3084 2689
2696 3524
2764 4404
3715 4071
4013 4967
3244 2722
3394 3987
4953 3026
3052 3408
2886 3875
4521 3773
3910 4842
3085 2825
3718 3191
3758 3632
2665 4662
4158 3587
3144 4849
3643 4410
2739 4552
2664 4893
3798 3210
3555 2833
3640 3847
3913 2926
3982 2554
3069 3851
2570 3208
3392 4225
4050 3156
4306 4785
3496 3094
3712 3064
2954 4158
3642 4864
3228 4059
4060 3864
4491 3286
2530 4462
2533 4140
2703 2661
2682 3398
2710 2697
2688 4578
3882 2528
3531 2962
3747 4971
4627 3673
4543 3463
4917 3951
3816 4882
4497 4818
4415 2629
3575 4832
2855 2529
2716 4954
2826 3237
3714 3950
2530 3294
3332 4667
3280 3395
3634 2698
4647 2867
2960 4903
4197 2569
4023 3739
4409 3329
4641 3823
2744 4382
4619 3800
4810 4603
2656 4713
4685 4982
3429 3508
2827 2982
3182 4154
3791 3696
4097 4802
4585 3960
2964 3352
3986 4903
2676 3304
3285 2558
3723 4586
2512 4876
3578 2505
4360 3349
3813 2569
4410 4601
3847 4230
3705 4733
2879 3908
4229 3949
3262 3655
4837 2911
4753 4377
3134 3230
2767 4533
3156 3849
4224 4396
4769 3961
4868 2818
3318 3112
4873 4670
2734 2949
3279 3060
2805 4163
4652 4002
3972 3674
3705 2803
4252 3748
2689 4869
3515 3755
3059 3810
3839 3760
3317 3529
3125 4177
4010 3009
2777 4619
3604 4417
3492 3167
4946 2899
4251 3955
4418 4348
4323 3051
3648 3721
3320 4751
3649 3270
4744 3250
4330 3956
3910 3934
3865 2911
3591 2824
3119 3247
4052 4239
4934 3459
3977 3655
3092 4516
2661 3788
4563 2856
3463 3628
3902 3754
4685 4246
3219 4868
4547 2839
4613 4242
4582 4472
3802 4326
4959 4741
4135 3394
4819 3553
3573 4724
3389 2958
4034 3293
4426 3198
3045 3287
3722 4691
4470 3057
3140 2952
2903 3353
4073 2818
3748 3563
3382 2800
3227 3360
4580 3244
4669 3912
3285 4166
3832 3558
2915 2818
2931 4823
4640 4313
3900 3515
4086 3837
3378 4259
3836 3473
4172 4573
3516 4961
2725 3747
3667 3461
3305 3043
3699 3487
3984 4274
3324 2959
2829 2533
4590 3200
4524 4027
3395 3359
2978 4671
2870 2912
2835 3004
4557 4970
3368 2710
4351 3568
2877 3592
4803 4838
4237 3196
3478 3253
2663 4406
4190 4150
4090 3143
3007 3438
3210 2860
3797 4488
3622 3292
3038 2706
3051 3849
2926 2705
3967 3279
3212 3417
4600 3059
2613 3603
2727 3112
3179 3336
2593 2909
3257 2947
4269 4188
4709 4156
4717 3262
3042 3780
3618 2857
4308 2629
4442 4075
3341 2939
4025 2875
4979 4892
4280 4596
3059 3830
4505 2579
4424 3914
4785 4470
4278 2797
4053 2732
2601 4792
4071 2749
4677 2914
4271 4399
3172 4897
4126 2898
4976 3301
3695 4554
2574 3595
3702 3708
3877 4259
4472 3472
4508 3923
3215 4947
2849 3025
4860 4417
3834 2814
4090 3284
3018 2824
3651 4659
2821 3444
2591 3079
3374 2551
3771 3506
3320 3668
3588 3973
3545 2822
2644 4333
4848 4004
4783 2750
4546 4837
3132 2597
2588 4221
2676 3107
4463 4264
3248 4381
4516 4344
4966 2884
4224 4241
2952 3921
2554 4135
3183 3702
3745 4050
3086 4977
2619 3011
3125 3512
3304 3103
3460 4062
2985 4802
4672 2871
3857 4651
4251 3905
4207 2903
3666 3862
3797 2709
3055 3702
3865 4845
4799 4268
4588 2819
2911 3424
3569 3817
3288 3191
4718 3697
4643 3386
3424 4127
3043 3640
4341 3049
2645 4801
4887 2662
3880 4649
4773 4437
2967 4570
4740 3302
3048 4437
4199 4698
3797 3573
3578 3847
4027 3107
3610 3729
4259 4678
4655 2646
4604 4457
4408 4289
3858 4030
3207 3190
4103 3954
4714 3376
2719 3936
4163 4109
2879 4146
4725 3500
3603 3716
3511 4024
3257 2514
4435 3808
4501 4530
4995 4466
2961 4285
3691 4103
3807 4551
4755 2531
4116 3176
4808 4401
3775 2988
3429 3336
2725 4953
3729 4034
4217 4581
4588 3089
4307 3433
2578 3469
4383 3027
3294 2595
2883 2776
3893 4365
4791 4430
4197 3539
2744 3701
3031 2565
3697 3409
4230 4404
3807 3063
4906 3927
3652 3953
3151 2923
2985 2655
3956 3548
2922 4971
3447 4348
2648 2665
4342 4228
3135 4239
3534 3763
3435 2567
4379 2931
4988 4430
3072 2628
3454 3444
2822 4031
2945 2553
2632 4915
4849 4856
3062 4981
4377 3356
4722 4153
3608 3719
3074 4895
4817 3878
4823 3661
3606 4590
2864 3736
3310 3018
3239 3783
4567 2755
3485 4446
4795 4346
3038 3210
4053 4797
3250 4843
3352 4399
3421 3081
4964 2982
4047 4120
4077 3671
2878 4232
4837 3666
3956 2570
4228 3898
4309 2721
3008 2855
2513 2736
3809 4842
3497 3328
2649 3613
2856 3603
2856 3221
4145 4868
3832 3101
4210 3821
3985 3251
2980 2706
3336 4695
4171 2522
3176 3494
4202 4566
4083 2773
2525 3316
3094 4321
3465 4881
3444 4658
4936 4485
3428 3120
4010 2963
4980 4075
4464 2859
4509 3032
4043 3613
3025 3319
4913 4509
3328 3283
3506 4285
2835 4553
2610 4410
4198 3565
4104 3791
4638 3758
3754 2606
3725 3900
2578 4577
2673 4032
4912 3336
4081 3157
4355 3243
4467 2875
3103 2876
2869 4367
4592 4753
2953 2995
4015 4588
4441 2742
2939 3152
3381 3522
3107 4870
4020 3368
4188 4681
3207 3043
2903 3241
2525 3731
3301 3007
4806 3269
4303 4609
4508 3166
4027 2991
4076 4142
2831 3530
4450 2786
3233 2547
4351 4101
4964 4215
3593 3224
4346 4798
2696 3347
4652 3047
4653 4773
3088 2579
3516 4629
2599 2876
3897 3935
4049 4424
4204 4715
4397 2510
3317 3889
3896 4536
4391 3433
3554 4388
3397 3781
3829 3503
3950 2870
4753 4670
3394 3575
4182 2860
3948 3130
2692 2861
2818 3368
4597 4415
3941 3268
2924 3445
4464 3307
3006 3642
4141 4790
2724 4533
3769 4575
3322 3714
4980 4069
4009 4263
4254 3984
2913 4469
2654 4089
3493 2906
4319 3979
4975 4419
3663 2628
3488 3332
3884 3250
4778 2532
3026 2723
2565 4844
3122 4095
4751 3274
4572 4955
3172 2701
4899 4892
2969 4275
4166 3602
3632 2596
2570 4953
3369 3247
4870 3951
2936 2667
3024 4889
3417 4710
4472 3278
3764 4503
4484 4020
3405 4274
3519 3174
2647 3368
3939 2810
4936 3708
4424 3501
3183 2537
3902 3943
4983 3465
2589 4313
4490 4856
4209 4519
4395 3478
3202 3151
2567 4832
3211 2819
3590 3376
4693 3022
4583 3928
3908 4953
4806 3102
3095 3867
4510 3806
4170 4245
4276 4509
3586 3704
3240 3771
3973 2612
4265 2967
3530 2641
4122 2720
4693 3247
2518 3553
3589 3720
3717 3834
3009 2947
2891 4531
4700 2589
3584 4305
4512 4892
3126 4574
4474 3989
2814 4321
3513 4403
3770 3925
3851 2620
2642 3042
2844 4463
4059 2819
3770 3176
4885 4752
2543 3587
3607 4680
2702 3681
4686 2917
3186 3780
2753 3548
3324 3245
4357 4095
3790 3873
3354 3256
4199 3874
4949 4138
4045 4185
4799 3765
3185 2530
2780 3814
4257 4136
2874 3091
3884 3757
4331 3644
3879 4353
4922 3634
3194 3418
3130 2910
4573 4867
4635 4812
4699 3026
2696 4804
3825 3968
2675 4450
3394 4012
3172 2827
4351 4818
4282 4235
3056 4484
2859 3069
3996 3699
3977 4590
2525 2639
3222 3123
4542 3327
4260 3404
4399 2634
4311 4057
4428 3407
3528 2565
4477 4553
3166 2774
4166 4890
3713 4367
3765 2577
4602 3411
3535 3323
3691 2845
2998 4497
4537 2906
2981 3968
3034 2512
4938 3359
3220 4057
3694 3269
3753 3226
3028 3114
3781 2905
3325 3157
4833 4593
3489 3919
4554 3311
3320 2551
3097 3414
3539 2801
3220 4788
3736 4256
3502 3815
4958 3973
3913 4988
4853 3949
4568 4331
3153 3730
2599 4341
4675 4921
4401 4795
4825 3165
3087 4159
4349 4604
2635 2632
4288 3176
3840 2895
2926 4762
4343 3952
4901 2939
3535 3192
4687 3585
3434 4214
2504 4894
3945 4659
4625 4993
4766 2731
3249 3342
4997 3777
2850 2749
3374 4140
3779 3378
4856 4227
2525 2976
3476 3021
2708 2823
4871 4119
3216 4531
3033 3077
3177 2597
3891 3506
3634 3990
2610 2549
4305 4506
3756 2569
3053 4894
2868 3747
3104 3113
4032 3391
3030 3964
3985 3552
3138 4407
2606 4770
4970 4723
2865 2779
2557 3633
2740 3191
3977 3173
3223 3235
4553 2521
2833 4482
3744 2974
4600 3761
3097 2683
4184 3201
2813 4310
4214 2548
2755 4056
3353 3453
2787 4597
4271 3972
2584 4245
4860 3243
2977 3705
3836 4923
4056 2877
3474 4471
3836 3729
2788 3315
2780 4694
2829 3159
4692 4537
4883 2656
2950 3680
3440 3894
4874 3019
3966 3721
4233 4776
4387 3099
2957 4014
3333 4050
3858 2649
4139 4092
4866 3397
2698 3847
4761 4898
4327 4098
4988 3172
4769 3584
4430 4012
3656 2723
2991 2713
4326 4541
4307 3953
3933 4409
3878 3153
3893 3767
4436 4080
4461 3556
4404 3529
3070 4965
4028 4084
2997 3860
2649 4615
3742 3669
3905 3084
2766 3637
3408 3074
3420 4695
3926 2603
4503 2625
4956 2806
3090 2907
3969 3815
2735 3097
3748 3629
2683 4047
3475 3955
3524 4980
2503 4036
4218 3552
2911 2696
2664 4842
4123 4228
2752 4266
3298 4074
3807 2581
3214 2759
3052 3752
4384 4997
4557 4705
4858 4631
4827 3105
4623 4233
4767 4608
3503 3336
2607 4837
3229 4004
3484 3386
2583 3431
3753 4293
4514 3053
2610 3680
3528 3501
2551 4102
4616 3905
3444 3209
3094 2607
2819 4748
4663 4531
2744 2934
4523 4706
4903 2568
3723 4287
2659 4989
3404 4126
3660 4654
3138 3004
3941 3968
4647 4684
4860 3377
4839 3890
4657 3129
4164 2766
3881 4911
4944 4747
3538 4186
4509 3390
2759 2875
3253 4763
2518 2984
4880 4185
4896 3139
4433 3513
4147 4823
3317 3959
3301 3298
2936 2561
4388 3641
4065 4445
3077 3469
3386 2951
3725 4592
3093 4788
3031 4828
4397 4349
3622 3112
4930 3858
3806 4511
5000 3445
4230 4894
4642 3312
4546 3679
3809 3146
3347 3159
3579 3361
3746 4487
4097 4799
3450 2975
3984 4750
2632 4984
2847 3990
4834 4642
4869 3473
2885 3762
2579 4031
3113 2931
4880 4514
3876 3275
3099 4568
3065 3869
4568 4480
3718 4802
2843 4874
4279 3386
2998 4049
4709 2654
2766 3485
3734 3324
3601 3660
4257 2929
4964 3410
4836 4962
3508 2608
4556 4237
2765 2730
2531 3029
3092 3886
4503 3960
4852 2937
4734 4705
4602 2512
4811 4125
4979 4310
3971 3089
4274 4978
4682 4142
3474 4787
2733 2815
3375 3404
3856 4346
3052 2843
2995 4010
3597 2914
4951 3895
3281 4481
3629 3916
5000 3940
4424 4482
4483 4199
3823 4360
3276 2675
4338 4606
3265 4084
3258 2924
4703 4562
3114 3702
3208 4869
4689 4768
3878 3858
4153 3168
4720 2759
3587 4475
4454 3556
4675 3837
3270 2688
3719 4396
2741 2751
3814 3943
3695 2606
2909 2703
3546 4789
4139 2765
2550 4049
2652 4073
2650 3690
4723 3299
4647 3120
2565 3632
2696 3121
3684 4333
3987 3173
4464 3760
3769 4590
4998 3396
3531 4222
2900 3485
3592 4137
2994 4918
4583 4455
4390 4249
2840 3282
4653 2659
4578 4261
4017 3095
4655 3960
4066 4020
2536 4600
4553 3705
4389 4475
4020 3819
3955 4356
3667 3257
2977 4018
3512 3699
3249 3798
3786 3044
4213 4568
2745 3795
4186 4749
3774 4781
2561 4310
3248 4603
3362 3269
3483 4201
4859 3017
3791 4331
4667 4660
3222 3942
3032 2624
4950 2694
2603 4790
4843 4520
3878 3837
4821 3456
3723 3341
4636 2805
3985 3776
4425 2610
2934 3900
2531 4109
2618 4890
4029 4874
2539 2826
3317 4102
4349 3917
2614 2981
4484 4233
4399 2893
2663 2816
4585 4479
3336 4323
2802 3332
4357 2704
4037 2695
4543 4771
3775 4200
4292 3262
3686 4543
3411 4663
3670 3500
3967 2913
4229 3072
3234 2634
4108 3558
4393 4187
4552 4512
3120 2728
3074 2719
2698 3814
3607 3825
4053 3680
4043 3524
3697 3798
2975 4516
3496 4053
2889 3199
3732 4990
2527 3983
3205 2748
3243 4944
3147 4622
4494 3198
4876 4925
2857 3860
4516 3541
3342 4970
3732 3848
3554 4939
4062 3823
3473 3763
3402 4849
3092 3976
3585 3627
4973 3778
4902 3736
4601 4665
3813 3581
3185 3270
2595 4190
3367 3323
3450 2783
4422 4883
3467 3114
2550 4247
2596 3841
4746 3485
4002 4760
2704 2837
4669 2512
4707 3035
4277 4069
4155 3726
4655 4445
3305 3936
3277 4167
2972 4116
2673 4503
4541 4483
3331 3974
3617 3547
4708 4650
4046 2807
2601 4039
2641 3668
4760 4296
3013 4157
2589 3569
3746 3533
3921 3009
3346 2909
3790 3953
4319 3605
2609 4739
2825 3884
4889 4152
4727 2840
3329 3720
3705 3668
4983 2749
4721 4898
2588 4510
4171 2677
3039 4567
3711 3354
4547 3881
3683 4383
4266 4918
2526 4958
2700 4653
3100 3276
3510 3148
3888 3897
3511 3387
3269 4691
4446 3961
3734 3414
4408 3944
4239 4712
2580 3078
3297 2811
3658 2851
2969 3418
2534 2518
2850 3500
4871 4537
3169 2511
3381 4421
3105 2785
4946 3142
4734 2908
3967 4770
3021 4541
3230 4445
2736 3734
4399 3649
4491 4408
2846 4323
4173 4946
3938 3256
3240 4488
2977 3133
3136 4443
4342 4229
3642 4186
4345 4552
4470 2676
4100 4078
2946 4728
4173 3470
4146 3459
4838 2641
2795 2873
3299 2519
3666 4710
3837 4512
4264 2755
2725 4521
4186 2816
4167 3445
3924 2769
4727 4846
3161 3310
2713 4700
4291 3637
4386 3708
4556 3540
2651 3649
3317 3168
4288 4709
4544 4832
2606 4194
3097 3841
3388 2771
3359 2852
2792 4489
4201 2760
3790 4962
4473 2992
2562 2909
3652 4019
3000 3383
4118 3165
4417 3923
2524 2785
4755 4302
3071 2770
2989 4054
4788 3754
3154 3154
4193 4854
4058 3453
4452 4474
3294 3949
2620 3329
2682 3985
4614 2552
3176 4394
2610 4904
2703 4318
3770 3989
3031 3952
3573 3262
2845 4127
3611 3883
4896 3344
2887 4449
3585 3642
3554 3020
3911 3432
4498 4304
4892 4846
4703 2684
4198 3133
4301 3630
3520 3981
4861 3210
4678 4585
3216 4847
3548 3779
3244 3077
4541 3758
4624 4532
3531 3074
4943 3669
3776 3215
2821 3924
3528 4255
3626 3985
3367 2635
4796 4450
4021 4754
3484 3733
2602 3146
2819 4493
4229 4026
4324 4495
2730 3066
4866 3129
3007 4728
4546 3828
4978 4658
4782 4088
3210 2786
4726 2753
4366 2550
3365 4559
2866 2645
3131 3990
2669 2744
2774 2866
3430 4382
4917 4882
4482 3864
4207 3438
3208 2830
3814 3957
3642 3599
2576 4975
3446 2864
2978 4456
3380 3095
2512 3364
4514 3737
3399 4064
2845 3896
4680 4162
3576 4104
4784 3383
4020 4605
4279 3235
4805 4635
2639 3057
4177 3424
4965 3182
3743 3929
3065 2538
3408 2835
3607 4213
2716 4368
2945 3218
2716 4172
3254 4578
3768 4353
4761 4036
3047 4540
2861 3430
2522 3355
2991 2677
4179 4722
3000 2789
4359 3395
4407 3056
3479 3406
4706 3839
4153 4686
3826 3730
2740 3505
3268 3089
4984 3766
3099 4656
4454 2664
3347 2680
3245 4430
4006 2709
4297 4719
3137 3852
3596 4306
3273 4175
4186 3743
4417 2904
3309 4836
4094 4609
3096 2955
3539 4856
4913 3543
4734 3844
2663 4290
4005 3504
3418 2914
2582 4839
3971 3674
2601 4986
4535 4616
2605 2927
4582 4829
4469 3843
3461 4410
3444 4284
2561 4119
4620 3309
4496 3383
4821 4108
4874 3751
3067 3488
3798 3460
2529 3434
3933 4437
2682 3312
2626 2760
3636 3952
2755 3994
4705 4822
4936 2902
4606 4771
4782 4532
3790 3124
4589 4325
4742 2934
4873 2701
2581 4767
3442 2758
3487 3895
4900 2538
3772 2754
3626 4210
3792 3177
4791 3325
3503 3334
4599 2602
3803 4430
3348 3829
3780 2619
4188 2767
2639 2711
3367 4688
2697 2780
3043 4366
4865 2871
4960 2682
4094 2823
3718 3689
4271 3062
4390 3189
2706 4895
4135 3073
2733 3434
3847 2771
3635 4380
3452 2809
3142 3305
3884 3542
3733 3190
3886 2580
2589 2507
3199 4932
2748 3257
3261 2807
3614 3349
4275 4823
4663 3214
3762 4468
3272 3980
3503 3443
4236 4497
2946 2552
3149 3594
3528 2553
3323 2689
3831 4567
3710 4550
4786 4696
4708 3232
3791 4348
3355 4692
2994 4882
3467 4518
4174 3836
4545 2656
2647 3499
4274 4536
4161 3129
3221 3439
4076 4797
3607 4462
4609 3853
4031 2804
3144 4407
3584 4764
3838 4927
4858 3140
4300 4809
3581 3867
2903 4881
3820 3736
3225 4841
3916 2824
3874 4336
2824 4901
3390 4258
4299 3653
4224 3454
3197 4485
4105 3497
4829 4531
3316 4506
3503 4725
4487 4550
4217 3460
4388 2967
3348 3843
3761 4909
3836 2623
2730 4705
4958 3861
3645 3821
4715 4803
3446 4038
2969 3483
2679 3256
2574 4811
3552 3617
3763 3178
2638 3484
3892 4926
4852 4515
4131 4509
2688 3582
3048 2898
3208 4536
4775 3490
4197 3604
4665 3453
4095 4571
3854 3945
2523 4216
4335 4165
3034 4026
2786 3219
3586 4790
4069 4519
3248 3529
2992 3655
4967 3676
3514 3532
4132 3022
4966 2671
4362 3932
4346 2667
4384 4587
4420 3639
4693 4702
3415 2923
4367 4205
4820 3641
4829 3094
3351 3729
2707 4968
3087 2517
4995 2625
2907 3616
2646 3322
4639 4617
4500 4713
3425 4497
3348 4896
3153 4570
3950 2635
3781 4417
4502 3453
3602 4783
2903 4002
2717 3174
2694 3362
4138 3298
4983 2888
4250 4412
2578 4870
4445 4908
3560 4668
3949 4985
3035 3783
4585 3293
3935 4071
3654 4873
4393 3359
3477 4571
2534 4203
3723 4753
4670 2762
4481 3640
2572 4490
2506 4426
3192 2555
4733 3012
4758 2990
3535 3952
4128 4917
3763 2770
4698 2880
4533 3160
3082 2893
2892 2755
2600 3679
3092 3211
4865 3449
4647 4125
2619 2528
3183 4027
4020 4241
3059 3985
4130 3075
4679 3976
3642 3603
4003 3746
2715 3663
4422 4547
3374 3664
2517 4300
4070 4997
4008 4797
4883 4691
3895 3710
3402 4109
4655 4052
3865 3085
2936 3283
3312 4826
4250 2662
4245 4884
3634 4990
4603 4713
4384 4388
2776 3165
3293 4959
4465 4925
4717 4100
4000 3130
4676 2934
4429 4447
3606 4800
2891 2700
4531 4949
3273 2914
3894 3860
4688 2767
4281 3429
4415 2971
4045 3758
4695 4045
4071 3072
4674 4114
4476 4849
4101 4567
3198 3005
2675 3217
4226 2603
3070 4811
2566 4135
4541 2676
2732 4249
4198 3060
4740 4193
3558 4014
4285 3408
2591 2815
4053 4541
2761 4308
3129 2849
4401 3928
4615 4061
4590 2643
3514 2563
4207 3554
2931 2628
4338 2702
4365 2597
2564 4335
4071 2536
3001 4987
4796 3740
3678 4737
4519 4003
4560 3644
4533 3134
3012 2871
3479 4458
2663 4338
3801 4437
3406 3809
2796 2789
4056 3529
4923 4013
3718 3868
3381 4725
3277 4993
4801 4392
4895 3319
4008 2942
4965 4443
3715 4654
4227 2549
4211 3666
4171 3733
4754 4212
4798 4711
2780 4944
3958 4632
2959 4827
3995 3105
3438 4304
4309 2536
4115 2577
3683 2553
4897 2570
4887 4373
4061 2694
3270 4000
4455 3910
4981 4738
4205 4012
3136 3022
2923 3567
3502 3033
4040 3158
3998 3089
2621 3165
2733 2804
3963 4126
2884 4310
4833 4302
4107 2532
3766 3439
2855 4942
3618 3220
3302 3842
4521 3907
4542 4075
4857 3855
4264 4072
4244 3792
4334 4444
2569 3660
4583 3645
3736 4631
3389 4584
3424 3039
3531 2810
3400 4316
4380 3313
3821 2723
3205 4949
2571 3044
4233 4284
3234 3767
3471 4765
3791 3846
4667 2723
4149 3608
3125 2634
4196 3096
2613 3583
3791 4205
4825 4014
4811 3556
2921 2505
3947 3694
2604 3253
3053 3891
4591 4740
2936 4364
4643 4046
4193 3737
2677 2504
4767 3790
4698 3574
3865 4707
3142 2864
2718 4134
3891 3126
3838 4263
4790 3331
4925 4882
4156 4548
2666 3149
4662 4830
3476 3278
2556 4227
3431 4274
4372 3735
3282 3579
3225 3184
4923 3701
4207 2722
3008 3074
4263 3120
4266 2749
3998 2544
2816 3051
2637 3452
4137 2747
3825 3633
4787 3788
4953 4001
2535 2666
2576 4635
4773 2570
2892 3311
2779 3136
4584 3011
3205 4716
3029 4478
3427 3595
4373 4490
4764 4138
4230 2689
4869 2939
4790 3028
4824 3946
4102 4953
4907 3919
3336 4259
4786 3147
3818 4597
3306 4592
3980 3753
2834 4582
4998 2796
2560 3975
4323 4311
4316 3313
3196 4788
3039 4394
4809 2984
3196 3125
4458 4328
4342 3881
3442 4144
2903 3742
4584 4324
4709 3731
3744 3181
3977 3189
3722 4170
4445 4274
4933 4084
4534 4511
2504 3669
4209 4346
4796 3344
3511 4652
3055 4457
3427 3959
2792 3736
2760 3344
3837 4082
4912 4422
4287 3849
2875 4965
4663 4372
3767 2639
4690 2643
3025 3175
4893 3921
4237 4931
3364 3611
3194 2616
4236 3636
4928 3359
4458 4748
3105 4037
3861 3070
3369 4412
4559 3575
3861 4587
2895 4924
2895 2641
4662 3644
3562 4040
3926 4797
3550 2926
4930 3629
3333 4206
2976 4666
2886 4743
3268 4281
2877 4202
3634 2879
4695 4348
3403 4340
3772 2685
4515 4281
3056 3339
4673 3295
3273 4427
3560 3974
2625 4514
3530 3571
3180 2678
4497 3494
4808 4691
4099 2715
4629 4844
3563 3540
3617 3297
3067 4646
3990 4526
4506 4380
3506 3033
2875 3600
3738 4999
2902 2679
4569 3926
3185 3772
3686 4743
4874 2618
4548 2566
4921 3593
3340 4146
2750 4312
3776 2546
4985 3796
4556 2685
3945 4187
4434 4307
3872 3961
3525 4361
4504 2505
4536 2805
4412 4100
3733 2726
4295 2995
3460 3220
3474 4794
3016 3732
4532 4614
3459 4910
4476 4701
3604 4545
4008 4099
3554 4120
2912 4456
3549 3511
3088 3597
4925 3893
2607 4616
3208 4730
3796 3766
4466 3660
4603 4001
4650 3889
3889 3077
4766 3787
2818 3729
3410 3573
4093 3370
3896 3661
2733 2957
4083 4695
2941 4997
3726 4413
2659 3099
2748 4207
3772 3725
2851 3243
4268 3463
3925 4429
4204 4552
4377 2937
4186 3801
2614 4327
4072 4535
4088 2663
4245 4361
2924 4453
4002 4865
2857 3653
3046 2786
4801 4186
2851 3626
4055 3938
4814 3057
4017 4771
4134 2664
4899 2967
3443 3431
2963 4590
3529 3517
3696 4483
3797 2964
3772 3093
3114 4632
3555 3446
2794 2723
4968 4553
3688 2519
4628 4237
2574 3329
3213 3598
4735 4904
4479 3061
2888 3808
2583 3794
2527 4478
3264 4160
3575 4337
3978 4931
3021 3219
3060 4542
4541 4948
3324 3925
2627 4159
3365 4347
3348 4976
3789 4840
2820 3684
3382 4921
4816 4430
2966 4309
4741 3265
2817 2970
3757 4509
4684 3431
2624 4846
2739 3789
2694 3647
4165 3404
4353 3304
4618 3156
4709 2896
3360 4465
2665 3348
4151 4917
2998 3775
3889 3280
3572 3664
3349 4458
4463 2846
2621 3661
4414 2931
4722 4068
3898 4863
3757 3234
4150 3472
2676 3006
3111 4613
2959 4419
3896 3653
4888 2680
4713 4871
3809 3457
4530 4392
3531 3991
3421 4975
2509 4073
4472 2956
3733 2738
3208 3750
4874 4034
3574 3458
2548 4027
2526 2509
4213 3934
2524 4354
2533 4924
4575 4145
4149 3852
4661 3404
4215 2949
3618 4758
4091 2622
2930 3388
3326 4457
3433 4161
4881 4510
4483 4662
2669 3892
4972 4762
4735 2968
3371 3180
4320 4819
3259 3599
4316 2915
3898 2866
4411 4689
4817 3891
2924 4965
4978 3639
4206 4331
4913 3174
4839 4022
4857 3482
2978 4425
3836 3570
3407 4203
3236 4148
4618 4392
4771 2638
4347 3614
3704 3514
3766 2571
3268 4824
4145 3384
3745 4752
4024 3677
3972 2637
3916 4366
4707 2621
4594 3164
4128 4374
3106 4929
2996 3404
3973 4045
3660 3982
2845 3898
4364 3797
4563 4126
4982 4725
2603 3432
4649 4977
3302 4964
4805 2748
3020 4884
4642 2562
3379 4508
4239 3604
3873 3242
2923 3355
4705 3728
4421 3527
3160 2548
3535 4361
4492 3347
4359 2941
4649 2913
4343 3961
3652 2760
4347 3481
3924 2618
2942 3659
3853 3505
3877 3501
4411 3075
4381 4266
3793 4663
3966 4317
2583 3036
4034 3537
4279 4729
4741 3524
2635 4326
2991 2729
2740 3527
3810 4298
4908 3330
3901 2677
2966 2602
2901 2618
4061 3510
3359 3453
3968 3491
4251 4848
4596 4086
2675 3012
3146 3054
4576 4689
2808 4973
3224 4724
3702 3831
3405 4118
2707 4496
4289 3640
3587 3750
4742 4806
2711 4909
4811 4848
3659 4331
3506 4336
2534 3421
4579 3367
4496 4416
3856 2702
3728 4770
3508 2904
3561 4375
4525 3992
3088 2844
4467 3619
3823 4224
2579 3246
3595 3260
2771 4950
3627 4537
3930 4050
4584 3918
2717 3180
3405 2797
4084 4684
3714 2585
2930 2725
3068 3546
4880 4540
3484 4589
3734 3964
3216 4941
4056 2535
2511 3317
4446 3288
4226 4474
2557 4835
4051 3888
2512 2911
4969 2534
4380 3432
2594 4174
4352 4298
3770 4040
4156 3228
3068 4977
2880 2610
2793 3900
4402 4984
4493 3572
3318 4290
4915 2977
3151 3704
3605 3111
4319 4295
3675 3874
4141 3908
2583 3192
2699 4526
3428 4967
4461 3683
4994 3509
4084 3945
2594 2996
4311 4326
3574 2538
2873 3624
4571 3797
4752 3512
3022 4556
4031 4185
3870 2702
4286 3593
3626 4059
3130 4421
4785 3999
4308 4886
3735 3616
3499 2865
4820 2948
3727 3649
2512 2925
4188 3169
3129 3698
2549 3896
2808 4689
4662 3258
3119 2980
3990 3566
3524 3345
2642 4150
4616 4096
4615 3571
4962 4455
4214 4138
4523 3388
3350 3908
2803 2843
2939 4945
2562 2765
2798 3701
4257 2634
3689 3003
2645 2598
3722 4903
4070 3720
4174 2944
4738 4707
4850 4954
3899 2976
2608 3134
3575 4910
2561 2646
4693 3013
4599 3240
3612 4797
3152 3331
4688 4011
4404 2980
2773 4581
4809 3103
4188 4020
4966 2919
4635 3931
3408 4422
4016 3762
3072 3932
4587 4667
4768 3658
4077 3855
4060 4167
4525 3934
3410 2749
4855 3418
3677 3887
2716 4438
2784 4296
2723 3048
4491 3314
4802 4620
2571 4177
4267 4248
4222 2603
3227 4684
2527 3263
4720 3827
2863 4348
2755 4193
4399 3837
2522 4382
3258 2894
4766 4080
4211 4597
3734 3118
2676 3243
4934 4265
4785 3602
2518 2966
2715 4001
3626 4753
3281 4660
4391 4354
3435 4330
3846 4447
4297 4109
3796 4593
2582 4678
2643 2610
4248 4454
2802 3012
4387 4894
4595 3266
2878 4703
4341 4346
3149 3358
3530 4536
4105 2789
3149 2801
4518 2714
4367 3179
3020 3134
2553 4911
4446 3282
2875 4757
3906 4437
4654 3167
4158 3821
2966 3784
2840 4722
4111 3438
4375 4724
2974 2836
3835 4376
3988 4838
3246 4139
4628 4602
4970 4270
3017 2632
4468 4172
4051 4439
4470 4611
4974 2815
3071 4509
3721 3600
2589 4852
3330 4808
3134 3687
4277 3926
3036 4573
3704 2742
2762 4937
2718 3791
4493 4534
4224 4942
4073 3656
4269 2532
3751 2935
4654 3150
3308 3808
4785 3771
2630 4560
3794 4502
2971 2787
2757 3245
2943 4274
3335 3146
4073 3282
2920 4453
4191 4637
3749 2610
2545 4000
4682 3237
2537 2698
3285 4267
4635 4226
3093 4398
4625 3637
2734 4555
4623 4700
3008 2883
2759 3216
4032 3389
2857 2657
3073 3557
4844 3567
4607 4279
3858 2941
3268 4000
2786 4595
3871 3214
4738 4565
3323 3393
3951 4240
4544 2836
3050 3415
4285 4222
3723 3948
4621 3949
3317 4356
3993 2609
3521 3196
4914 3436
3833 4362
3723 4196
4769 3321
3984 2659
2566 4304
4682 3204
4407 4699
2853 2987
4012 3579
4096 3818
4781 4874
2909 2903
4428 2564
4906 4428
2676 4232
2624 4908
4364 4108
2996 2553
3711 4143
2903 2948
2935 3901
3399 3076
3106 4574
2618 4722
3145 4218
3360 4839
4763 4516
3082 3120
2517 4637
3951 2635
4480 3056
2969 4218
3430 4565
4116 2651
3713 2792
2632 2947
3489 4469
3726 2703
3194 3659
4645 4599
4527 2538
3107 2982
4518 4425
4370 2740
4455 4211
3193 4260
4379 4400
4732 3359
2733 4932
4362 3894
4274 3649
4351 3691
2541 4354
3867 3795
3524 3323
4835 3716
3274 4755
4538 3480
4989 3949
4803 4034
2781 4914
3089 2956
3243 3452
3221 4220
3569 3495
4555 3281
4627 3808
4703 4329
4580 3525
4533 4561
2618 3030
2658 3126
3047 4542
3136 3010
3640 3163
3134 4124
4564 4748
2645 4001
3423 4202
3544 4945
4415 3243
2505 2536
2622 4484
4027 4710
3830 2775
2971 3590
3352 2811
4300 2670
3873 2607
2587 3074
3109 3705
2771 3210
4482 3804
4181 3059
4187 4179
4858 4791
4806 2620
3868 4706
3764 4077
4182 4775
4429 4665
3890 3850
4056 3212
3340 4385
3024 2798
3502 3306
3452 2830
3850 3004
4400 2839
3540 3256
4318 2529
3228 2744
3620 2811
4463 2840
4046 2591
3891 2793
4092 3679
2951 2981
2655 3540
2645 4173
2807 3072
4966 4215
3196 3964
4050 3073
2615 3084
4004 3914
4749 4985
2679 3219
4232 3547
3545 3791
4268 2707
4388 2723
4525 4471
4644 4484
4832 4770
3147 2841
4291 4963
4068 3268
3736 4713
3112 2609
4443 4050
3628 3043
2633 2894
4546 4548
2544 3539
2842 3144
2598 3453
2775 4753
3709 3417
2800 3028
3366 4033
2928 3384
4322 4593
4705 3505
4175 4352
2869 2999
4426 2671
4875 3555
3235 3589
4661 2640
3473 3904
3328 3223
4847 2632
4950 4090
3747 3999
2710 4298
4749 3825
2885 4057
3009 3490
2784 3685
4696 4437
4210 4314
2632 2840
4699 2508
4383 4574
4549 4973
4044 4517
4691 3666
4739 4600
4693 3134
4792 3358
4848 4197
3864 4608
4926 4502
2560 3283
4923 3213
3775 4994
4251 3853
4006 3920
3976 3646
3145 3163
2817 3734
4638 4766
3025 3401
4216 3226
2924 2603
4338 3315
4158 3815
2952 2767
4781 4783
4071 4922
4000 2598
4720 4023
3943 3176
4857 3048
4230 3747
4209 4020
3457 4275
3231 3521
3116 3083
3094 4111
2747 4008
3590 3200
3444 4472
2738 4602
3301 4392
3769 3709
4241 4045
3416 4020
4864 4192
3288 3035
4540 4312
4068 3050
2527 3777
3656 3551
4568 2530
4005 4625
3505 4244
3566 4781
4194 2876
4598 3985
2697 2712
4886 2648
3656 2859
3397 4061
3730 4214
3304 3094
4725 4890
4034 4138
4623 2865
3776 3744
4409 4821
3593 3873
4687 4018
3297 4022
3856 4180
4896 2766
2829 4309
2836 4705
4341 2624
2511 2757
4086 3740
3329 4859
2524 3394
4353 3825
3773 4406
3320 4803
3820 2868
3169 3328
3779 4952
3080 4273
3650 4265
3998 4275
3231 4816
3440 2942
2705 3544
4139 2965
3794 2955
4795 3318
4701 4722
4543 2508
3450 4397
4350 3465
4800 2844
2990 4861
3003 3077
2522 3049
3044 3443
3668 4183
2652 2692
3895 3688
3314 2574
3463 3217
3676 2923
4516 3559
4203 4732
4151 2805
2685 4082
3510 3534
2575 4906
3170 4386
3287 3128
4090 2715
3062 4046
2862 4776
4951 4086
3979 4691
3611 3608
4377 2618
3405 4188
2524 4803
4335 3631
3236 3844
4506 4056
2787 4310
3739 4047
3623 2868
4195 2901
3931 2651
4407 3690
4609 2783
4314 3993
4232 4724
4788 2952
4908 2976
3661 4285
2916 4441
2577 2800
3851 4265
3556 4039
3421 3353
4674 4090
4575 4813
4557 3037
4816 4297
4937 4639
2810 4585
3950 3955
3122 4908
3240 3204
4923 4151
4127 2530
2556 2960
3305 4407
2951 4767
2983 4353
4823 4044
4761 3692
3057 3946
3177 2754
3758 3870
3361 2669
4359 3389
3877 3978
3651 3970
4643 4576
2601 2770
3902 2702
4392 2840
4530 2899
2528 4160
3743 3196
3118 2684
2986 3901
3599 4087
4984 3590
2744 3011
4108 4200
3002 2515
4294 2532
4819 4469
4565 4338
4530 3290
3155 3327
3990 4888
4373 4996
3287 4676
3392 3312
2538 3507
4363 3164
2837 3854
4006 4258
3804 2803
4620 3057
3928 4927
4766 2536
3228 2833
4348 4137
4732 3628
3533 4425
3875 4671
3336 4156
4420 2517
3688 2826
2753 2533
3633 4145
4470 3983
4177 4026
2562 2865
3151 3005
4778 3013
4873 4667
2834 4959
3226 4882
4808 4797
4777 3375
3377 3647
3484 2728
4928 3896
3798 3906
3288 4330
4987 4897
2500 2675
4529 3487
3134 2748
2641 2949
3269 4007
3504 4908
2625 4414
2798 4844
4712 4274
2681 4975
4638 4856
4396 4572
4492 2834
4876 3194
3446 2970
2754 2794
3529 4195
2627 4416
4307 3977
3903 3048
4286 4822
4878 3581
3864 2705
2594 2552
3052 2739
3952 3461
3072 3722
3910 2665
4163 4617
2507 4110
2828 4615
4209 2712
4701 3209
4658 2670
3426 4817
3449 4423
3481 2583
3848 3289
4835 2553
4263 3202
3488 4692
4005 3833
2964 3531
2724 3596
3983 3828
4881 2764
3605 4794
3245 3262
2872 3953
3383 2744
3030 4241
2528 2587
4189 4471
4320 3282
2623 3258
4314 4274
4661 3813
4699 3470
3460 3224
4931 3390
2734 3627
4562 3794
4101 3288
2667 2890
3507 3248
3218 3688
4374 2777
3193 4215
3936 2914
3351 3421
4019 4666
3492 4069
3299 3167
4108 3546
3339 3135
4297 4596
4460 3400
4026 4487
4390 3363
4176 2868
2780 3007
2595 4153
3956 3636
4839 4931
4525 2779
4691 2882
3143 3995
3001 3179
3500 4053
3791 3508
2724 2718
4045 3234
4974 3295
2505 4135
3498 3017
4414 3823
4244 3344
4994 4672
2770 3195
2600 2984
2584 4185
3173 3937
3907 2650
3462 2514
4270 2784
2827 4932
3471 4744
3155 2590
2831 2856
2782 4836
4977 3188
4853 4478
4068 3342
3494 4050
3525 2819
3832 3771
2920 2757
4619 3209
2861 4439
3606 4044
4407 4117
3395 3588
3261 3872
4571 2603
3081 4934
4172 4148
2697 4223
4848 2847
3485 4342
4789 3258
4402 2976
3838 3692
4909 2906
3782 3876
3160 2949
4141 4436
3536 4359
4055 3970
4097 4474
3906 2588
4319 3314
4927 3487
4666 4833
3098 3235
3075 2921
3654 2703
4467 3259
4025 2886
3004 3445
2604 4860
4390 4356
3474 3826
4174 3876
4971 3275
4545 2720
3095 4299
3736 4675
2552 2846
3601 3060
3949 3308
4457 4923
2964 4185
3691 3306
4353 3492
4974 3786
3951 3419
4953 3194
3417 3142
3392 4107
3271 3286
2947 3544
2908 4966
3541 4609
2592 4529
2562 2552
4815 4170
3929 3203
4762 3440
3077 3854
4375 2907
4185 4434
4849 3694
2780 3785
2938 3129
4393 4205
4426 4050
4414 4389
3894 4855
3791 3619
4668 3502
3924 3645
4296 3330
4825 4768
3391 2701
4474 2536
4046 4824
3665 3662
2723 3544
2558 2549
4686 4957
3721 4375
4556 4140
2954 4912
3756 3035
4061 3729
3769 4852
4440 3962
2742 4091
4165 2670
2598 4183
2935 4365
4728 3064
2791 3496
2754 4034
4017 4118
2799 3744
4970 3014
2789 4864
4658 4941
3214 3298
4877 4899
3094 3312
4586 4183
3330 4197
4221 2594
4525 3962
4133 2935
4789 3542
3469 2797
3524 2862
3493 4526
3466 4746
4670 4229
3753 4455
2961 3048
3782 4937
3254 2849
4835 3503
2837 2856
4719 3540
4466 4137
3200 3407
2762 3322
3788 4226
4738 3283
4783 2747
4304 4213
3622 2516
3115 4075
3580 3788
4787 3662
2970 4591
4511 4232
3998 3754
2905 3761
4570 3393
4646 3303
4681 4137
4071 4330
2538 4726
3243 3649
2618 3164
4006 3293
3683 2943
4017 2885
3228 4484
4493 3955
4399 4457
2555 3131
3416 2821
4117 3274
3628 4392
3098 3616
4160 4544
3438 4204
3590 4308
4475 3329
4134 4869
3995 4949
4043 4968
3576 3243
4377 4551
3631 3490
3832 3494
4715 4749
3607 2829
4957 4582
3782 2861
4291 2850
3294 4459
4819 4436
2992 4771
4418 2725
3604 4722
4957 2916
2605 4473
4025 2821
4691 3358
4889 2519
3878 2842
4193 4621
3502 2504
4225 2586
3875 2575
3738 4642
3455 3774
3799 2910
4594 4883
4104 4004
4521 4068
4950 4247
3276 3149
3395 3550
4246 3077
3752 3517
4655 2550
3853 3613
4463 4172
4964 4044
2744 2554
4249 3082
2606 2522
4021 4219
3683 4778
3434 4379
4699 4814
3277 3406
3735 3279
4620 3300
2971 4530
3369 2514
3670 2588
4288 4328
3390 4226
3262 2865
4618 3499
4904 4358
4865 4853
3895 2765
3701 3534
2856 4764
3653 3099
4992 3087
3983 3406
4744 4279
2534 4630
2724 2893
4704 3513
4187 3267
3159 2531
2629 3687
3052 3586
2992 3785
3142 3332
2550 3653
3995 3360
3994 4201
2956 4190
4939 3579
2854 4328
4639 4060
4244 4186
4478 3719
3963 3565
4871 4201
3035 4798
2983 4489
2938 3874
3598 2509
3032 4478
2611 2755
3763 4186
2514 4403
4159 2929
3952 2589
2642 4487
4818 4554
3930 4089
4266 4562
4695 4959
4377 4305
3681 2853
2675 2878
3790 4438
2986 2919
3571 2783
4386 2944
4501 2895
2973 4938
4871 3503
4993 4911
2545 3446
2593 2993
4472 4744
4539 3181
2688 3079
3753 4138
2623 2646
4235 2766
4186 4508
4172 3367
4075 4470
4893 4264
3913 2717
3801 2527
3719 3153
3258 4751
4343 4475
4718 3255
4670 3714
3714 3782
4118 4679
3065 3897
4596 2515
4406 3724
4123 3933
3061 3004
4582 3475
3678 4536
2608 4497
4014 2914
4082 2765
4323 4293
4807 2556
3999 4057
3147 3847
2869 3198
4057 2770
3057 3218
4801 2946
2756 4095
3716 2658
4155 4147
3820 3487
3427 4811
4111 3960
3724 2586
4422 4916
2749 4346
4536 4385
3993 3860
3223 4841
3647 4639
3317 3402
2720 3421
3492 4651
4185 4089
3527 4118
3595 2820
3181 4313
4029 4907
3284 3188
3269 2876
3626 2747
3148 2778
3680 4364
2723 2564
3756 4089
4358 2915
3439 3841
2960 3570
3053 4166
2899 3906
3176 4369
2796 2517
4913 4241
2655 4470
2975 2758
3611 2624
4686 4910
4886 4894
4288 3014
4965 3569
4155 3361
2613 3488
4965 4290
4394 4341
3258 4311
4063 4495
4041 4276
4889 4130
4059 4906
3593 3499
3044 2773
4693 3186
4216 3073
4615 4712
2675 4323
3509 2580
4642 2909
4226 4604
4862 3029
4970 4618
3306 4257
4528 2550
3908 4116
2589 4770
2604 3740
3195 4228
2732 4317
3425 4263
3248 3169
2853 3899
4117 3094
4335 2822
3221 3172
3865 3351
3306 3343
4273 4089
4082 3852
2657 3655
4828 4015
2862 4716
3774 4710
4321 2523
3666 3581
3475 2516
3776 2782
4844 4022
3487 4347
3263 4972
4672 4194
4705 4216
2678 3250
4382 3806
3529 3427
2962 4940
4712 4474
4469 2594
4164 4024
3930 2637
4856 3578
2800 2795
4876 4650
3591 4366
4743 2963
3430 4785
2670 3985
4834 3330
3442 3550
4581 4525
3391 3607
3906 4264
3119 2552
3340 2548
4229 4076
4652 3903
3187 2899
3271 3174
4494 4800
3528 3062
4452 4610
4545 4633
4448 4618
3915 4776
2505 4258
3999 3684
5000 2954
3819 3286
4616 3237
2728 3958
3306 3249
4268 4747
3031 4192
2919 4734
4867 3778
4274 3769
3603 2529
2546 3797
4945 2876
4260 2642
2886 3573
3825 4529
4833 3583
3921 2809
4007 4438
2735 4535
4423 4566
4820 2584
4122 3936
4035 4833
2674 4615
3615 3085
3881 4375
4811 4510
4870 3587
3125 4204
4755 2699
3019 3414
2676 3741
2809 3765
3264 2690
4496 3368
4393 3846
3498 4006
2535 3863
3274 3196
2640 4306
2812 4379
2804 3205
3178 3465
2825 3735
3644 3920
2747 3257
3361 3470
3699 4448
2721 4325
3430 3249
3261 2531
3023 4510
4924 3589
4279 3644
4711 2663
3904 3207
4363 3635
4655 4447
4444 2871
3976 3532
3915 3791
2537 4048
4347 3647
3963 3349
4210 4774
4879 3483
3436 3286
3244 4118
4503 3926
3818 4858
4935 3842
3559 4891
4013 4968
4008 3440
3276 3842
3940 2896
4794 4972
3483 4427
4137 2846
4867 4995
4648 4853
4381 2574
4979 4408
2651 3415
2669 2545
3782 3181
3767 3623
3478 3748
2706 4263
4635 3012
3350 4409
3542 4770
3926 3240
3893 3596
4569 2564
3247 2594
3071 3384
3520 4467
3093 4802
4245 2701
4488 2864
4677 4723
4668 3916
3547 4360
4270 3729
3245 4427
4265 3991
4736 3352
3731 4452
3909 2833
3451 3602
4316 4346
4423 4927
3010 2586
2927 3981
3883 4058
4347 3070
3316 2908
3581 4405
2733 3880
4907 4654
3952 4054
4551 4058
3672 4050
3682 4154
3788 4190
3939 4866
4815 3423
3045 4792
4143 4812
3701 3478
4248 3611
3229 4585
3682 3227
3394 4378
2564 4755
4870 4616
3223 4844
3848 3095
3725 4038
4637 4550
4213 4675
3846 2941
3541 4752
3834 4783
2890 3191
4580 4017
4074 4335
4765 4385
2987 2574
3131 3293
4361 4456
3743 4927
2704 2916
3955 4199
3458 3918
3220 4335
3970 4814
2572 3227
2625 3609
3755 3841
3961 2779
3349 4399
4988 4892
4707 4567
3199 3084
3426 3610
2963 2524
4878 4601
2596 3841
3247 2690
3332 4218
3034 3406
4547 4275
3261 4841
3842 4460
2684 4773
3074 4872
4390 2566
4374 2938
3152 4175
3490 4941
4737 2641
3073 4262
4238 3785
2999 2720
4925 4493
2768 4662
4828 4200
4999 2532
3235 3297
3478 3197
3369 3719
3501 3951
4961 3570
4632 4820
2658 3022
4121 3720
3152 3332
2901 4412
3300 3130
3698 4558
2834 4377
4075 4310
3379 3289
2627 4235
4098 3927
4282 3098
3674 3705
4317 4336
3557 3075
4207 3285
2682 4129
4852 2611
2791 4376
4758 3743
2642 2532
4603 4292
3174 4603
2916 4724
3322 4549
3058 4887
4135 4427
4903 4933
3397 4992
4320 4011
2558 3767
4068 4793
2654 4165
3276 2792
4980 3123
4329 4417
4574 4006
2872 4761
3361 3429
2836 3133
3611 4614
3582 3339
4770 4999
3987 3864
4618 3798
4207 3669
4252 3571
4025 3654
4956 2959
4079 3703
4139 3971
4728 4193
4441 4085
3928 3504
3982 4320
4153 2536
2678 3282
3334 4162
4328 2689
2737 4477
4416 4793
4048 4518
2864 4087
2771 3074
2940 4063
3864 2555
4010 3941
3496 4540
3614 4319
4179 2687
4613 4439
3806 4092
4080 3352
3311 2979
3664 4231
2848 3079
3350 2972
3713 4572
4081 3487
4913 3331
4031 2842
3830 4155
4224 4668
3966 3528
3175 4660
3361 2928
3167 3107
3128 2656
4408 4992
3881 3460
4344 4576
3582 3349
4235 3415
4615 2719
2839 4947
2956 3039
2866 3933
3582 4398
3221 4936
3243 4925
4228 4735
3598 3244
3261 3027
2904 2634
3427 4869
4577 4558
3990 4643
2623 3987
3018 4386
2948 3580
3641 4494
3841 4159
3831 3408
3407 3678
2931 2798
4126 2962
2770 4252
3328 3355
3055 4905
3707 4064
4720 4266
4447 3568
2559 4491
3772 2688
3044 3026
3807 3933
3203 2802
2984 3333
3555 4777
4711 3617
3811 4498
4119 4162
2545 4959
4212 3294
3245 4115
3854 3346
3075 3520
3963 3842
3649 4216
3432 4727
2882 4202
2586 2577
3308 2620
4073 3925
4075 2941
4254 3781
3933 3148
3931 3490
3908 4516
2937 4691
4378 4111
3602 4947
3670 3128
4662 2879
4220 3643
2759 3055
3561 4555
2723 3533
4836 3572
3163 2878
3076 2800
2942 4644
4892 3448
2636 2919
3716 3511
3621 3313
3563 4065
3432 4355
3676 2807
3898 4055
4187 4978
3423 4587
3986 3531
3769 4629
3527 4861
3099 2781
4028 2938
3485 3797
4074 3404
4488 4848
3502 3416
3231 3627
4953 3524
4426 3080
3535 3582
4670 4581
4533 2926
4532 3358
4812 3913
3756 4438
3483 3927
2671 2536
2561 3080
2881 4856
3834 3775
3614 3276
3353 2989
4586 3358
3011 2685
2770 3695
4594 3917
3571 3426
3536 3444
3898 4918
3182 3530
2783 4452
4303 4755
3192 3976
2800 2642
4715 3427
2854 2534
2792 4215
2664 3143
3361 2520
4200 3564
4250 4777
4403 2862
3988 4313
2658 3797
4999 4992
4275 3464
4534 3984
3218 4357
3849 4329
3424 3126
3860 3732
3604 4341
4740 4533
4642 4953
2665 3706
2842 2977
3628 3257
4736 4767
3702 2587
3517 2673
4427 3853
4004 2810
3886 3030
4545 3510
2881 2663
3087 2511
3592 3227
3574 4190
3762 3696
3972 3788
3607 3290
4059 2761
3582 4841
4569 4360
3065 4381
4357 4769
3433 2960
3753 2987
3948 3656
3272 3009
3532 4308
3209 4242
3871 3509
4649 3833
3429 2542
3487 3998
4337 3898
2976 4301
4142 3920
3756 4209
3313 4038
3187 4065
3131 3933
4128 4261
4188 4126
4037 3103
2532 4277
2797 4757
3982 4677
3976 3953
2794 3876
3759 2778
3819 3467
3677 4819
3004 4938
4949 3925
3368 2652
3362 3621
4007 3123
4401 2960
3992 3477
2604 2741
4345 4673
4513 3468
4531 3647
4151 3934
3085 4047
2794 3428
4499 3213
3459 4706
3686 2722
2895 3528
4062 3758
2818 3936
2780 4174
2976 2856
4985 4198
4455 4287
4322 2724
2942 4726
2523 4238
3120 4516
4441 4935
4877 3420
3073 4918
2994 3955
3636 3950
4199 4737
4586 2616
2868 3653
4017 2593
4959 2703
3720 2786
4325 4151
4908 3200
3745 3581
4887 3720
3114 2752
4796 4082
4838 4194
3166 3109
4047 4742
2526 3018
2661 3630
4407 3035
3280 3065
4299 3960
2965 2848
3014 4095
4367 4288
3201 3770
4740 3129
3631 4885
3829 3616
2681 2579
4130 4910
3689 2978
3774 4718
2988 4593
4822 4237
4673 2544
4822 4836
4940 3158
3574 4610
2902 3070
3152 3866
4267 3204
4503 3180
2836 3583
4679 4429
4842 2900
2826 4994
2798 4824
4896 2925
4850 3776
4172 2578
4819 3927
4346 3191
4813 4032
3764 4794
4152 4450
4396 4897
4875 3632
3113 4370
3751 2867
4509 3396
4614 3337
2597 4799
3150 3430
4964 2523
3369 4242
4231 4043
2717 4877
4227 2664
2645 2992
4523 4147
4446 4725
3829 3529
2795 3342
2761 4700
3233 4907
3213 4686
3259 3613
3151 2523
4180 4594
3251 3118
3144 4244
3832 4412
4465 2514
4513 3595
4233 4612
3295 4643
4534 3085
3324 3233
3327 2548
2643 2749
3029 3713
4264 3361
4925 4682
4991 3949
4826 3734
4765 3938
3101 4355
4008 2960
3486 3212
3350 4250
2555 4595
3998 3115
4882 2920
4974 4904
4860 3876
4397 3594
4726 4018
3009 4909
3846 3531
3548 3729
4825 4976
3028 2904
4118 2861
4145 4261
4288 3589
2774 4851
2603 3006
3909 4643
2547 3202
4486 3734
4356 4811
3344 2988
2721 4428
4118 3366
4049 3644
4437 2612
4872 4288
4209 4451
3549 4223
4427 2759
2838 3671
2538 2547
4199 3647
3639 4870
4559 4596
4988 3461
2721 3368
4880 4611
2893 4442
2887 2552
2644 4235
2562 4682
2675 2783
3135 3546
3723 2596
3155 2954
3466 4396
3805 3991
4656 4030
2692 4912
4241 3589
3499 3174
2553 3150
2709 3606
2930 3572
4380 3112
4328 3609
4321 2835
2558 4710
3513 4051
4471 4103
2581 4407
4519 4519
4653 4601
4945 3392
3876 3839
3193 4067
3622 3941
3508 4558
3807 4044
3262 2896
3955 2836
3968 3036
4261 4234
4066 3759
4610 2768
4960 4849
4271 3613
4349 4031
4880 4820
4318 4320
3865 4157
3733 3120
3274 4673
4151 3374
3069 2969
2593 2808
3288 3500
2614 3875
3501 4656
4168 3076
3920 3221
3076 3720
2624 4059
4307 4753
4424 3953
3254 2638
3226 4617
2779 4486
2806 3673
4654 2599
2811 3710
4898 4866
3666 3723
4454 4895
4467 3820
3503 3891
3145 2956
4978 2569
3329 4439
4757 3450
3213 4437
3689 4322
4353 4054
4202 4147
4531 3521
3705 4435
4678 3043
2952 3452
4012 4506
4351 3631
3554 4554
4558 3514
4595 3078
3838 2727
2547 3175
2559 3832
3544 3541
3204 4346
4806 3663
4729 4427
4236 4799
2851 2877
2645 4826
2513 4255
3542 4139
3844 3383
3658 3763
3348 2521
4216 4831
3029 3969
4318 4838
3288 3768
3947 4591
4037 3830
3645 3502
3451 4548
4247 2672
4329 3624
4526 4594
3997 3841
4393 3061
3174 4489
4639 4549
3138 3570
4127 3224
3418 2899
4799 3980
2992 4406
3934 4561
4565 4113
3535 3525
2612 4730
3657 2815
2613 3800
3866 3549
3303 3893
3356 4380
2648 4032
4295 4879
4598 2663
2687 4713
4819 3435
4526 3598
3869 3840
3286 4747
2585 4098
4540 4945
3280 4048
4235 3014
3313 3528
3615 3911
2517 3749
2684 4083
4648 2537
3555 3424
3579 2745
4111 4550
2644 2933
3394 3849
4042 3395
2790 4894
3987 2531
3438 4408
2618 4212
3988 4057
3642 3985
2556 2746
3055 3570
3405 4903
3595 3145
4778 3800
4449 3183
4178 4723
2668 4929
3339 2773
