0
43657800011040
1400003583883308
1468336093196023
2510222094600809
0
2785962993672767
2494605620958837
1470507546134527
325774806963239
3183765828313692
0
549217732366
194412246347595
2691035109087481
164184864206203
2779640174626111
1299417473006624
1720642320829672
0
82696892852504
94591477207319
2000660086974500
954357800130749
2922141481442479
1538595915750819
310800516600527
384918080436696
2279135415075315
0
409821529367180
87761395184511
1812280941235717
0
2812428863627896
2561109138251340
1572332893698872
412395154088984
2245889977397289
50665740872050
1128855857764506
96900271495145
2451599868652970
1315181209482962
239214236713752
2423306481223488
2099466256945494
2149111405839162
610865759571237
0
2626949150394907
0
2148516558577772
0
2304181747494712
1202721092700358
2586093899590857
2967226513489186
662923378757035
2547644182573602
156083111877494
777099265785034
2594378753275314
0
1579312209507335
839119117664238
2086882128630616
12398100118341
972373608186884
2376030602490442
1564501165058487
72674093381265
2794940063241020
162731740865538
4501077262891876
963730064552285
654981356711346
27884499121275
2090271096260136
677134322168
2442234169370682
0
258473164579999
2265707854889196
365641421251624
355826606788255
4508537863767658
1314688949774399
1361265054363731
242397127729251
1931313989858699
331787911886168
4080573688985280
620481056718718
2452185900529046
1131355497811282
1185856658379572
3072212482872014
2261256223643971
0
2040367810551915
0
0
1800676970631457
1318407689149660
62309020487666
2030052933281186
329246691408358
2980231240362257
222280120815735
3796807408986530
23792636758725
3667187618574300
0
2026157495594337
0
265212116274918
2132052578341392
260523449869212
121146497342338
3711041773398757
975450781928477
1055131519896799
2232537940806213
1038503046653661
0
0
539575082903627
4771292886309515
27842842652198
642890512637847
2826402002743108
0
14655573343363
930540217420749
647630187466869
203774439583414
3053200237526884
1079243041366863
1769870066697895
1590595030940708
1086547271901
879979574710782
0
3314179568007098
521153825941663
228716863568695
3341733901542633
0
654473735052928
2442781354288064
0
2306632973979325
878990339898425
2540799359610242
0
709978661662820
2319890429794629
1317249266144930
825124902200256
3121671391028111
12194384045727
272432476393058
3700214734445752
1111338073014906
164603948077601
1340132775428625
0
2421446861037152
182685937560430
3187100066256328
757785104756107
2569441884157529
7038228799718
4236548581426141
22838617183238
3423293159389340
345274599341484
1390158792276079
1538638586694866
3544236164614376
0
1501585159046981
0
2708606495863319
3191622704243108
0
0
1802547554637840
44438502731644
1805250431277776
1922882815347946
2504735028023426
0
283810769013865
2012629993370748
2601910081285721
1896161512685840
374128928575128
287363624610404
1113017345009893
1414653992993823
2958484529640335
0
2474939454225007
375307973514081
4663932406537333
1258194866964989
1814299676210601
539489194518218
536367716688356
49750276155819
2485239487544583
325802355167879
1041797447954208
28638533233400
1413176955110995
0
1850447933494438
0
3799148832813161
618815226934717
1930209401770186
135051841526855
3123833256092565
42168601072114
1444234807752064
0
309496910016677
0
2376009643662092
31059934402323
3229912964437200
0
2385465975490030
0
1115245369395810
1245097468967840
252141488479058
197652958317176
3381296525215896
327247293420530
519805261158332
3283815295250732
3143647420637251
67183148295718
3324909183388517
18261094552796
295886379479538
801840626014617
3118638238856324
0
2093203376982254
2083001766477968
3034967565530364
131383288564940
1810242469946030
137025249844020
2045323534724246
61191849271530
3046319104295374
528406369137262
1976686058181524
0
1964025126946953
0
2646936114333196
0
3578996872325033
909481252252028
171993410369672
1550190809900378
899648949556477
0
1086249350340825
399317963386348
256933002663104
1265417174162695
3581019912667520
948745584514257
1389540796210647
1953227151899896
1664556745626560
836783219876331
1450809261903147
2084995713809304
281404513765389
2702840845033742
0
516856264363862
3240016216420655
800235150140891
1134755833214410
823516113933269
2487428608770574
0
944501609726741
1736212421197953
1191898659228145
2343765815463448
63066203965520
1601081796696303
1346215298445178
702542802200136
889366142293878
1149693497408913
2274574864479914
0
4640662273144810
1869606041317112
310877369866548
2115493615076404
1004164570058361
3241715606454239
17317132278972
1520414573687757
376113486866350
397081428977352
4562017271148110
0
3595714380210139
329493610273590
2481830820071114
0
247887937310651
37541552075088
1963093744668969
2487242436123614
1684718588502381
475869994777676
2669162630785870
0
1641472804898780
1234770950753412
0
0
0
1115884180385691
880179573729458
458705774319900
4057957585788050
1376632464348942
2270279871145527
0
2077427007717428
0
780453686450148
3005142331761402
977180997248615
682997093255377
3275544512530378
0
1945682406208764
754905137007700
475071163630611
1030426687044459
4097115608673204
2547604773810077
0
1716635475526367
0
14242582903200
695950001065109
0
2242548355581127
81640263009684
1539094851412044
0
600091166509497
329475815690524
992321671093462
2646281919754048
1038077190473319
2144045970270085
1044225347128924
0
194096825433840
1951089240838419
100179382997122
337909221200690
2665105425410334
3789686101764
764617424477280
0
390489160524392
154261974943370
1986521924810362
2301886452686755
2076215506153147
300371136728149
4008872874951418
489532576162729
1517664108596450
3173235930267037
1249805081680371
818254349079627
2606620350904014
685023376944528
791777787359
162328078852665
3633636968131497
0
1652174416006625
0
3190336025458261
0
249922012682892
219043928436976
4317026277010755
0
1780200837488942
242716241011275
2713601622668037
1548262590581477
81466053985509
0
2135570269230015
800695161769701
1451236319910433
0
3151307539437357
1670503647143893
1087640182320643
559044956253871
2754465499472593
214805943181090
1046692377186753
1884399067314938
2464039395340142
898192747269490
5346718998940198
0
2494865003232762
0
0
744692821822864
2620361375702078
123322020350132
2677648932254843
0
370946886641583
0
1958031818692602
2038443802210207
1727205373702856
691388837616310
2185199233725440
3005727729496
4035013828596185
187357787928583
2043959678028627
2340863905619477
933216908755088
70979475230987
3603358557079225
6968726999445
1652751755319095
496257749853054
820861155925760
296319087971226
3157585414955995
0
13999457198748
0
900175981395740
2394128495443953
641621082880288
265164152053436
732013919552893
2112744599354751
658597193951221
3310747580999687
0
1412334938147988
775152674437031
190408112019071
3742169896829384
0
426947479818332
2034415887040608
2103473355248386
0
889661488057020
703897949240748
126034905638649
313919966242169
3591132495978498
0
526245484359379
25261478416462
1635756462451646
2853410724479031
491515660533536
3303978480711838
0
0
2598036919462124
540875556328924
913797248070152
0
793075339311565
1182668451756
761899179616271
663884343202453
653272407103088
1124119439725530
3654403053539569
535678986275541
1526691246557715
1824495483183660
468099081420550
0
3753259372872886
279253323042935
2375534712862763
0
1809845489020882
685642492901960
3051586456463600
225907654241736
3503387161251568
408762986784040
867104272847458
3008802261516300
1316051482765620
0
2064222222479894
0
1444505346603399
1477034904828245
1082130136322485
2056939992358245
1631123467224965
1973428518956455
0
0
1462274036228463
952811475705332
895717595439672
1855192834768399
3312995358765976
1466940674388037
509420070234620
69441213271498
4947505543028317
0
373503300614959
0
714180640184463
1835535030111043
529373458411065
0
308981889464002
15114606956118
4099766396694823
533554518313505
713417630102232
840105278106544
1362846474874659
0
2015245455919407
847457905052177
1063931742097758
0
1101477073665650
28316837455226
3711120425956871
0
384856725487219
229049253796320
4493549142776843
631063054517214
1003394997410375
92758646223099
2131507911730574
930695788794353
2194866858912788
15353178043256
1523331236654308
1409332065683766
748027450083669
2011314300632646
1347835258830861
156740570915629
2913688924714064
884450699394851
858635053381040
155871281246656
4895013675090028
0
1515088701945187
0
338419445596846
0
726095179940854
0
3418139368731639
2200082440236880
773969198022416
230316606682277
4717179198028309
38091366887086
2502462495375946
0
152403652620658
12477988103220
2259806748218159
1339883248611753
0
0
624234110678875
336235458142195
2766898999731695
258385039702436
2306613103001368
257240500844163
3794084375573961
0
3550907102816548
358075911940353
3502677567839183
453912613559502
3380769425943487
0
2354544713985525
268018665299968
3465346957582592
2074881683626576
767402452735965
827244691558944
4243880265510230
1529904353939955
0
2657378579110154
428700267050729
375961987875255
4762274199687977
0
1601904466004302
0
1521554892279723
279056032954631
195173781741028
0
1769553247275079
968655594824756
1353886248835035
24385151538804
5048478158534707
0
1346711290742120
39470698334582
3327264938420765
0
1366542811150275
730096105858455
2077126304576224
1783097645680762
1370893540659490
287103904912102
2584585357832310
3191831204177160
1095131068613697
2563668952541578
0
0
1419870188086214
0
788606784416758
223520274973205
3430324209076634
0
175870204498308
1619076081088597
2349844548231672
603987744959021
3924520979269549
5951510629959
1189149381725689
0
1945256529107942
76304160698642
2736673923020516
727436231916504
1898809629510439
1317571745661910
1408554176732932
2542481890675136
0
0
926367135591466
347547019783560
2584524294937490
0
1371006460350746
1715268973280992
678289220763148
474988964773128
1912082897562951
11574908944472
2967577233799087
0
1568535127351862
96097397816790
3154212479093404
2737573518325516
0
1277657922032722
2592146717137880
0
995849888800350
1121602407968126
883368702375880
3170668851277170
0
0
1130230171825083
1171438997019552
1503438874601593
1140562407258835
4152980895949623
0
331572097404052
1009926370205456
3527434155989886
217729345452520
2307024269010918
108307909027270
2150070657577868
2505218449512710
252524825158308
715741230188176
2628489567924696
1055755375957050
3271374061032010
555151636052
343480461678969
477298509036821
3119448372314890
0
526220398395521
0
2537098684762871
2251971842882242
0
0
522036056225821
621396354710590
2272757244944407
287238578451286
3569210529734842
460356545298130
2569712327442145
2886054364152660
0
515182749287437
0
2299121827379321
3227422669788800
0
1912360164484680
0
2411315873863146
722914003816730
1275450568200920
1173892871761730
2396535916215635
1897131284909817
0
312445012548
2207873975338980
1181404768640017
54915474063342
0
0
729632622522355
2190960558381465
2216571733367205
0
333158557740615
1117688342638673
1638358102507382
2666871295693201
799369460020171
2380956600232389
1871886281337591
0
1259803247347376
574671633596572
0
2753003960106354
1373299292313096
1636409996174804
587044697185732
2012401429713388
1170929451895299
0
0
2413712309502820
495180140833
1117169380410330
0
2174937699209574
110363042231736
3719507494329757
179319839822939
2869941551669930
1817408418953404
15271453547800
383997390559550
2759414015814650
0
1227757401736440
1702650309236281
2346054243802671
27626563814944
2908136628298559
1383326724062097
168254037323039
683801095804715
3448713729965861
30720395013830
3855057015870899
357042036681138
2059720086354336
1906404906232508
0
1860586704261505
2118638702315394
583091489765525
2710061518081156
115127029703466
2433231900923223
0
3029756175442040
1784591036564549
566908033878627
997039681854305
0
1782379457678854
1709459929187473
2547292532266642
1131612944695792
1270318494150050
1485973289525302
0
1324816059557781
3322762693023409
0
0
1369238977734199
47508305776391
2385210550963376
2794202120177989
1252601445206769
814554096345743
935783611980958
36792282403094
3543391181043342
783146207844386
430573706804292
36742916096752
3152987770745566
1394437793863183
990901963941773
1616539322460722
2029296996529854
0
2056524744574779
2096969703169850
1874862691177667
0
0
236143572293598
2333156898665555
0
0
0
2758440514930637
185223808127455
5515853551806175
34023506649330
1532462479788090
1072670974613812
417629424585480
0
1777350838431798
1802670720861520
1332179184247875
1187385980244879
736868789326575
971987872456018
2757681594291371
1265072297127760
938896566318501
1215153610701159
266258592951348
828958299020973
4974245527081175
1445945592323813
32209884879550
0
3563125270995034
0
1955885118926785
231339921350096
1128379948843336
1513980465101178
4960291888939096
2182750087662741
612971466984385
0
3821432673315568
627349164285009
1503485218336647
760463147723787
58248370726679
2494584517702277
281949386632028
215180920438505
1823765145529349
181825947422852
431424250139708
0
2909292519022693
4186096629065
4016626671836591
693849558530166
1286552898998775
0
933246369413626
0
1674734221485802
1306966926509328
152927963604309
267566221630489
3175740105283586
0
4088520463690042
0
690115365012840
597246967576933
3415175619624353
999880231301803
0
215708867132564
2399224889864170
2240156298564796
933337206750765
234534260501952
2341664589724358
307732336616044
1143191442307043
839467792322477
3091183791434633
956942705857090
1968934735097765
0
2308477960148531
499056778025457
2880676810727469
126132714616358
475652698883772
2162472073745593
477445303692702
2126812649401842
1802843269722054
2714421600675566
412606268371954
487592818000294
2936838892937647
0
1718633129012863
539100677405104
3032954009689560
1075111705516153
1831134420191370
1858713296008518
55070498316374
1405014191430858
2331518996764773
0
251318661014172
1069349806371572
1205576835509223
2475825251674474
1270336483337883
0
2292353325002103
1023391151586540
70232629087493
35435224590458
2654549636130593
1073531881619662
898546860661646
1088871935790629
2724467552443996
21746770678027
1883972102825933
0
2240872723005799
192838038440801
2516996462892881
1406139679983631
2308621770172146
0
80289065682604
1486824088297147
1318482820372983
78414510727136
3078055764747122
0
2772129425613145
10808490465964
1479761500695396
0
1327000650500954
892078721190946
1972546076247641
1148068195275896
2660343647443161
0
1117335282130573
2478281596726942
1331408888594333
168390416206811
348918435391493
209183438540667
3748589584289765
0
1729565581661509
2520422416415889
1562967628300061
1945823892081982
1157786151437873
0
1943090865912174
204788368950149
2385774327797771
508480295316549
2901569161753031
0
1208185306483269
193427270420627
2126147012017346
2510373108819226
1220246064813517
1927969664659453
1030360188305567
2325836194247602
994002918529734
0
2372005003713172
536568013649084
766712603755291
162364662736044
3648293262292995
3290971611605043
737220874269918
715672010769253
837923472328108
577627198372980
4806695545257225
159421567106970
3983018913724882
0
1965084355103004
0
3766788553633488
0
2234579271453920
0
1443894586526891
1208795092662390
1793149123615932
2343051752760505
204470161502040
1042770407982298
2925739542764834
162435466750060
5711318156442660
0
642424272207900
0
637439989766670
683468768462924
1441205933361822
2493347023623390
363080787442254
0
2390362274593072
1995719983654952
3025095021699268
0
1827026384451739
364529481102598
2885791289799642
2433723655630085
904388589581845
1630662974598480
2178584906846615
0
3172777306449705
0
488120655611748
1099107692937195
1949889311563937
0
0
675209268562520
3484212697188919
766087185127200
564482150113451
1423747878526630
854370919882480
2804906920849853
0
0
534830922748737
160021957118405
3395402459918528
0
3549510935888680
787797449773943
2224450574570179
1731198385513071
1321395034815250
0
1412975573804540
1014357385755962
2636043184843421
496569802598667
2454902187570323
54173902221398
4554315501386184
0
66086378618596
585108202711965
2937076798801197
10509043999912
1859301533803033
0
1525171476398178
0
2664186925506767
650344805673647
2480563865724226
0
1203066950657713
1216233497398877
1622042020082355
0
529187279009322
0
1391553155741750
2993119382913347
0
0
384529746067416
0
2424324756574648
1427682328746686
2797070694334868
116135789818093
2699151241579330
797981764453258
907479174507097
837055943825312
1782851716821797
377140131131790
2816772005860595
813869666911441
1740925970785171
506893597897433
536816403169554
18173456274640
2416802297976944
741979146151703
1628082639792538
3927532508776141
98859904131740
1641269933539446
769536337923828
952686049812730
2834559262990130
2502820160421911
2985764747026363
0
748474212644798
50130814990687
2120633934389520
0
2242417307929767
1690569392705520
1858816245833056
3277805801195642
875811205412967
1887244013864523
1671814139201148
2014953175335552
1806091175151732
100329742143404
3552176363456148
830361388103738
1415299449668581
1106572650232177
1583195196018361
703823858955618
3642791616092052
388687326524082
278184964334046
133513157605864
3945062739988705
234285017666862
3705453458362591
31579123783268
2053157468800249
1836170957562045
1570722733810992
0
0
1219895380734052
1488874071363110
0
1339168576707735
0
409714058614899
0
1983526031862524
638994704669831
1861078513728269
703911406750603
2305513221816112
148630266231530
1931504774351968
99121290003515
4796050346703243
1728643205232359
12251229952376
148367876985380
3754873658101361
0
1123424212363647
263870347210908
4197170305746369
0
3030642275500767
0
3367116018823383
0
1369245478809380
677111833463805
4066135798922186
13202789040888
3037024208393158
388648247347680
2013590084223688
2001027456872411
11802994710836
2004213905777313
0
1275156615939291
1276097818108832
2776912086318714
1272847073351305
6877153910112
258429424078798
0
4554478105934965
0
516684473213592
452075330079512
2017897699955756
1553061761330679
1284130343376275
0
1118247319987490
506342880289901
4962280288484547
620037262456
1348216866038500
0
1901556896262339
1785923441851721
703836479595610
0
1707843916365990
258352919201138
2077557965837814
2315163532422629
2252196341764334
0
851944567980016
1053900118627826
2371582620572499
0
238475134071772
478585534933270
2049634500905526
979761154269522
1651099508234329
145946186157220
4155828632400998
0
335720774330903
345837529391343
3282730244402578
598364075795804
1483728307803260
291916670261420
1802956832341869
2287806020570665
2008980174053896
115350513761528
1173883427019111
2036821419219567
0
599079266774338
1462059577007609
188457265417884
1628516292043399
5891569150532
2308790369092406
440577960975032
4543148846402492
987993881579728
1832432017182356
211245062462355
1468453687194344
279093573356325
2214606289640152
0
3058568889186836
807181847792584
2119232665901548
0
1335945935018695
2457360613252109
1842841798167530
1473612572293484
0
311003437955671
3978399095222037
432686020148628
420842051664974
1831030474138243
1011541127521364
110237100137252
3452197457856918
235821310109054
3493291975288599
309917565754549
2531651888669943
1005552369702480
4043227016833633
0
1286067253007361
242271508536538
3417883291110697
1727830719641644
2125226700107099
880728949380855
2215405129833455
468966425865371
1859033435696297
2316838386079760
2062427678276713
0
3003012365988407
0
1013660823170303
2772434848085554
0
0
1699075012187028
293627342130981
2388720905221401
0
1473842164999168
302516824893525
2374423188730357
1018013967988594
3252437201414786
817019479765498
1461932581919019
0
1258352926841515
2287398423714563
659391488298674
77249206838814
2160666038211762
2135886824444009
1671831079095627
623145733263648
4381496129305410
0
833944354990381
11531538486841
2130327977249984
51550409383618
3935772034369311
850838997471943
650138941205446
924512658447652
557611314518531
1859208700626769
909421078432701
1664061187642791
243041805744083
1301280018924637
3377151890610690
0
381082673539897
1715428141428258
3503811510500612
6987129134667
797279398322652
3758698370315
3326065320511621
0
913811095148771
800194624937545
2853992866772215
2029606114045645
191519672936753
182722375709270
2720845226449653
525851612134230
2942851752363976
0
1325492320778302
1903889437722408
803637965771442
0
2474321634652854
922625041490635
0
1890849026057561
0
0
1045249972485079
0
1127526000770339
933375597028580
2573355274334259
0
1445027028535562
0
2000148661490652
0
398854406616390
1066594928154443
2351274496738041
1582547818728260
1833946807034810
3154809245485353
631942150116420
857364659049319
193324052987557
70045001946149
43564264353100
895236466715713
3970465848796291
425910342723623
862855616699659
1072829576557416
1406652359391128
347261072880618
2134397933579435
134670959474201
3118753757249772
0
1113442187726736
689848772229165
3521032121650659
782236270726677
1571271031230001
0
3968425817345990
620892091611914
2850582947572114
1488760948907122
907774968011915
101485582983195
2584922904523698
0
3711535667729334
1341931381626820
1301312338086575
244236542609522
3090244219856389
1302329754250434
827168562800820
0
1492552714182959
2951289504411689
1026247904945555
4886371796779
854823982864471
0
3931719724173655
1207942603418144
2061180918926500
580227992136700
3494179328980941
1829636500989895
0
1253788048306123
468044536554786
5227892572072
2822006095784700
0
3740314098586975
251348720273818
961168868542141
0
5214830506089985
769273167739832
2074835575425995
1349287644758574
275259638950698
0
2683247398043023
0
620846502370121
1241686147517307
1969488165046024
41418368952752
3657093315755545
155146951298608
4113474471386801
0
841419018462239
438395853502807
1014760977799055
2946677465369841
1394583481840830
138396698068422
958305145085783
0
2356962696584945
15275719965012
2256135646274651
1585942662983694
1361192178992650
3006217842955829
0
0
1732093074299490
174971230754624
3715844120082751
2085820842401073
1327376439648147
1285006411909418
1868367911111926
1003794364582844
3645921220758959
0
807937184087544
2229042591620220
771284440091721
1162725069608233
3367372760065033
649144790735280
2687379962438046
2419724506448623
1677554235137443
212962604801921
693724125720237
0
3205793061187517
0
1638890301579671
0
1358113050489927
37817512145159
2274355258262798
2408375931688730
2307908967230222
7074300465035
4623903832765942
115108974060438
0
442840690665422
2512663829819140
1269532280996974
1764467257223153
1613543959187
2346917749536916
558915434340690
1166961427609439
0
1681975011393983
202456131809630
2561300003011769
1837205458602884
3386389122678182
0
873576108775585
6890794784484
1518459285920676
0
859262787706608
3800121127327534
594398172692855
1511402824987762
787451639094235
243249630916
2427422154815985
0
2044494922138064
1109093136775590
3447489508851396
180221473635395
1755769319247993
1343901915676222
3693269008088739
29678714461196
2684859423349458
0
863315785305255
2591188826656550
8463333782275
1735958317572541
1276282906895976
677121492105611
1240864144315574
1063525344708020
1735064706703597
0
2509125927419252
246623657805144
906655695573267
2618958094815567
2957105782245540
12151360707356
2505267389846097
531757643685069
2413519139448914
0
1278685229394006
1372351319575473
1746357759622773
0
925047277933496
0
2294975295355682
340127616569920
1050910628661852
652939443612389
3247590101680283
145662863418740
1913282422083148
0
1001073639943879
2336766055859819
1824808122620405
2202099034878710
2548413320943009
390356606311068
1528865322442220
321643127669978
5466229275249496
0
2807189687474238
0
1630830288434964
0
944596356180706
2223298756118503
0
0
1591915853704926
0
3152264405599438
77516730472262
1282399070870046
738842407808194
2401156171263501
407230849577496
1235767245815070
0
3352264823270406
0
3928414693101524
0
214614860873298
834921150593530
3826673557849862
350305555518607
1746545363441118
448512428153537
3734163380469187
0
3589183231270980
0
3350198342659212
0
454617067734385
2564793226088022
0
436833901465125
2385276230565078
2215223551168404
176319315677761
227682133012459
3070524066319618
236733229361819
1410812316172564
0
2268017941865418
0
3127023933625831
0
0
1221502128343280
531553224076965
0
893385026535618
1137348240865063
583179428647790
369363820957980
3301615224879843
2907605035578640
1164555153827684
82700752213611
2807935927029423
1636504449335924
345469782586140
481468570764791
3327580220854582
41685044988152
1432110245303216
0
170720712083612
618447935755479
2633020780155003
1408371923860743
854605479075735
9777772144219
2294216760833951
1280958206127865
3400760564745816
0
2149020390731214
458761660752276
1245096278932968
1218778555449710
1342998926472984
1272581575814192
618828954206472
0
1683339315850843
3711081729932122
0
278867232681534
403411872923358
0
2236454433142244
0
1559611139408846
672181847547382
3799304200255826
0
3396759130361369
0
770181027808888
0
1236140134119422
0
57982490406108
1694046728079776
1847704595846018
224032081868825
189686988052581
3433392261508283
843072172550990
81817056393203
2150910756587486
0
3746627142091159
861422512706897
2534089386591225
0
1705614639692807
3278692548912609
0
754562863420858
2517614382589094
0
3043844021342270
0
291606741169168
1519383096122854
748639991776004
55662972506581
1389893914311451
1463027226790275
232712197021652
0
1304238476488384
783894354176804
2722348229961928
243607212836125
269023109252320
1705182098064987
3682285184017839
1485378185088774
305701178481176
196772153395683
4028544789520263
420654149081295
1266742346080896
0
2837087138952625
1743990819989290
1226770543778713
622648435078366
0
0
814255400926500
0
1658360305597401
0
528230044844685
48868147020036
1884902605333528
2187849758423859
346684577886538
2943225541677246
1593631748957428
0
2767779965870306
0
790113080422648
0
1293245545866876
667876373226946
1317549900939667
918738966629397
463928767457146
1190561477670114
3480682423353662
0
2248724054352159
413064422379294
0
588459020445568
158783522448837
2328470343990
1881541789624917
2154359098611437
1216130539632844
59689174448
5234969959039136
0
560817785373632
240334989839071
1434651730309345
2629909247004346
853064559566674
0
701086064490861
537349944414463
3443227809134445
716131687042007
1475330756734170
2570753285635467
692448803958346
1332049084790679
1550029436923312
668462944504755
3575316146408147
80060397892239
134443014542249
2584354316538
2247403098023084
793999381447799
2355044428789197
888772540587005
788694023193638
2747143429538543
529324254508910
715249522405402
470203633437749
294207758210393
1979835817735798
1389378008058
1732826034482829
2210247470812361
472370656301688
939910669452133
1729513254703691
2014279328872540
214194109388776
1501417444658018
48222902087262
2754527843679739
293628542239980
1442242672642392
2700016748587183
0
2212630055327471
353534078902074
3121874160787014
891058089573
4599407867899679
1741724887461822
1520054464101162
133742346276606
1426422349976844
0
3492256236462769
0
1225969233992970
426655368172698
5638195446266863
757062991564631
704179053604260
45493766223906
1804072672916139
1609088361099460
2038034872580573
0
982838809135810
864788254264729
2198131774279507
893617756874590
2237302589455285
1254128177534742
3659364653002309
0
2254026152036259
0
2885188517734422
0
948658585096646
132222726041230
1979586207845795
190782473178840
2250211655359853
0
0
2306933903255870
644385496871094
0
3024719423609227
2594994584044645
513652693210150
0
1974928483570274
1549261018848857
0
0
2744926636961879
62554506372994
1983145491507175
0
804019829943800
1507790077800366
1462188956162382
745415890804576
2808011193928232
0
3300124355575974
1068650196932514
888529905814549
1334789178371377
1424325945649028
1714402825732642
2206621327742866
1544628925726353
684893294229735
1110864987216927
1999048826916966
0
3225077950085304
164021807601395
1304972456548741
1005020671683664
1390665944451795
620571582025067
3001948280852994
626789178687300
3968197297588164
1298396219964256
2263562392047025
0
3654642071155507
0
2532532385338582
3055794033144365
0
664375792579140
1538358255269418
1544065446733109
0
201766060104940
3361802759375409
3163834741147196
0
731205687323104
2846382894244044
515499796192337
529100281061840
2860332587672972
1285905108467906
459443961813789
2245325461670287
0
1262934567587485
2638299518851009
0
0
1875220248661851
1485143745501169
15121511491356
1786151783121603
870455266085503
435057265594413
2510327944410050
228744884816354
1653791125271753
0
3565108817761206
342666955547364
3136673515433002
1276885311139960
2047330784032513
3891629859487671
0
105148839277191
2402377192712321
64903458065790
2874304980164332
1570275951174945
2175003185562976
0
2877684176730713
0
3127355403840423
0
1612908458423496
1596647149450936
0
162778080147997
2153040082350888
1148117891430011
0
0
1430751230031222
2029621571927633
0
30564006946784
2253905908639570
0
2629706811014834
723674438953776
1409454325402470
0
2331393790587417
0
3676343835140800
224134810134716
1447059946990543
0
1540765700053017
8953730152993
2203006770432591
2701985040347006
1017886795187817
221519015610532
1596018841210652
1247665443293870
2654780194272757
0
1517006787905993
1825506210636207
817521869749952
0
1355564171930657
90062785835632
4241167378262692
0
1036051130990704
0
3443299953030464
0
779782432040609
3894195453745447
0
0
308211732040501
349704266399109
3211950439545160
3971013701097
1811416623660804
0
2071532914997649
703096064114111
516698613596236
1003847204174425
2819538070857383
453664864703877
3634426117110420
459593742821152
1998158198376224
1101823941029979
641951373377476
1041268067312202
3592823559953447
727614148562090
683159485004000
2505466758567697
525042755028079
0
1690372807688624
1101751157111030
4120507099594834
1578883187717669
2310464090924184
338002943264772
946276188985921
0
1274010974590314
935574019719656
2873535525579550
1138879000517273
1705393078457228
2437488863185513
1121458800746748
596311040733610
1345197553906552
0
3313909637275308
1033894580644648
2379376365502874
0
2953166453914357
596788277662761
509282558735942
1329944737085315
3052894422606914
0
308300637185743
139240211328435
1151671136740646
1793793918853983
1233430845143990
0
383060969114967
2245437016314848
1620129144201809
2281771514175425
768905311624745
0
3277693419813483
0
1708145445756856
0
2910505626694274
0
2265641846798940
0
2789439760114836
0
2727855083460811
0
2854964847726470
0
3004674345452626
0
2437169757300839
0
801250039725251
2496735362188374
444769780690289
1929366765371077
1473138676163156
1361471607039828
786759660646281
1252443057145455
3580802494559598
0
628962540084368
0
3379422681269812
763348219746803
1804045899958665
53189783705234
1895697607738254
115959035452042
3697120563238332
3048884326205189
778810339722
439452301055771
715085658177511
20929960002512
2887032425714198
0
776154366517702
54201755936640
1873677153900530
45977422229936
2819403608456004
341540677876097
1554836660117589
131372278268044
1939271949626095
214446464017709
1893390569944687
661961703882095
1665625054167373
1321247669785969
2549966981200976
0
911398755759641
0
2574831526147200
914332436740551
2058172688836852
8151478374482
2325212778373716
211539521682052
758938875794282
24775234940532
756576472180583
366494502345853
2665369402915813
907761787872632
2213514982078868
1119793042797199
2551291976610821
173520553640644
2752676984974348
3115482483613186
418703428330146
1396663557327765
3118020306443971
13127007373475
4164236564272596
1796259185875426
0
0
831139611023880
1313104856157
4461937493268971
160426179633541
1415520490946690
2381005005904930
2366476659544966
2986560412346
2160513687421198
1580966311741578
81064714935280
956141058205484
2640884817017177
2937337705593249
747481208548875
1104034160644519
3142589480280328
0
1903704049302323
3754778069259
2045952430633137
0
0
328808069072857
3841710883416189
286968870059375
3910259839840893
0
492588567221518
0
637548544059838
0
2246476492684774
0
2816412345749213
0
2144236295984887
0
349867151052234
272815296361876
2322537353068745
291339737021679
0
990192318274113
352086836814189
0
702395347263559
0
2756102161672884
62759670006406
2869779702181636
0
1961240575663432
1456887386064029
1015451572873127
85979962346068
3928571020044966
1182264285172697
1218643337124346
951526275455899
2257787698445071
0
1522090474106055
1932347525088021
1354440882255819
797366425324803
704686624095384
0
1935620299361891
1597044529537336
2711728620023893
0
1312246300674464
751680129143481
2179973704361603
1502761821450239
28787418222045
28847492399207
1761659797896658
76064952462159
3301875192444092
29168636146392
1359231093122891
103098570506078
2148352607991083
0
301623848557574
373573888156429
3105346727969515
0
1038742209089556
421251054149
2412058611220563
1133932722537834
2745669228983540
0
1641978371237786
0
117339693186255
16119847201696
4529237962552825
1822922829128326
1220929346025714
0
2801594432572571
0
3598297411032007
0
232326493091539
0
1170818497869176
642730588100878
876749439244304
1911560126604650
2514919634620098
134717224135677
2723227516920093
967445177544364
2473873214073254
0
3334431693474863
1995634139235
1026818623710840
1546160823118725
2080746445022695
1818121619534522
3904997089018838
0
354663591551236
172098560343520
4315934975227422
0
2476596784860982
0
2353426881562958
74050350621359
2142189273861871
0
960025651334195
0
1057195894762510
2236686735087326
32339457458356
178655943140423
174128404977829
2482313730791825
3309721228698794
565598411108654
2970770873330295
0
2288804662807432
1065724726838450
1471612778860920
1275137811222782
266360010039944
1012381202047400
3902165940766137
0
1058956279396176
163696184293970
700617662545310
609101752821260
2780432740271011
2017577159843213
2905346168577054
174361151874544
634461560473320
1874693288636795
0
0
3157548597443828
581759876710095
505984687216294
1586203678153805
62539847221716
3644471938150849
0
231419498696664
2898368134018859
1516798752784408
813214603793719
0
1860332584413274
1837558398142176
2361472674835364
0
2613425827319485
2432665474192347
1185449121741734
3308601969092885
412480567326057
5826773280027
545109096048345
24895266485157
2691100147388178
293801286937573
3799966111128865
1361976816673247
0
587604269607003
832322926942220
1295152396346779
3111580400490969
0
2279903537312468
0
739738529103348
0
54986426545684
391091857135185
3218235080128236
0
1527826822895775
1006426338850594
2848286498910748
1143713917301114
1613411773351292
1035925351006785
2535557454091676
0
1038574114068700
273214759000031
1897004749640697
0
2814938302681862
2662481272268434
1233520124713828
0
2321557100955759
0
95890980766757
3034094634391760
298496014875460
2096265177370187
1996247423077640
654314696272832
2422405939086547
21158657811682
3876126629154439
2174687784826
1414206637225875
660584190145994
1335882996534535
182886006703485
1716031171898051
0
3462076406107586
673518206571775
2723095211643910
0
410368709262483
189190310311558
2279859289574843
3005415472079549
264858969344141
244392508296233
1953742450125851
96340344333973
3715316979032608
1524834297334322
1767093134791142
16341821259
561209122463853
1999282370840610
771132851857257
0
1124629508145459
194448888026646
2537292927382804
0
3767208591691023
0
2796413659523467
528000114988639
0
634612759475020
3528422750670422
0
1405695513352826
2169075943371004
1840300126919983
897038794740652
684666450721250
22091930116560
3068500538349947
1750223021312026
997454761314752
384744965234386
1685199104946760
2221584269088558
1176062016626735
980506767161951
0
639636703172214
4165509162687507
885605258545071
2346441770564024
0
940461845189741
0
1830002638802302
0
2491642278193021
0
633861645448157
0
1689978489744743
1813505498313696
303514168831626
68266082632954
2698171069403655
0
1624573938487381
2482061141777132
1082942699970358
2813097043496568
2433291974560672
845985305959176
1597402301230544
733968969161972
1449123557368648
0
2126499246815379
47243359543371
4928957110027346
162278674418482
1051499480660942
0
2948331782063427
703844498908961
4617341989632306
430555261145300
312274882126804
1682899844785954
524909500873546
0
2310218632326626
417451197630800
4219022344145789
2138432389216323
703947118862902
254600537145352
4417977644893053
0
1656846519987560
0
2266449104773807
562447912131328
1331816168992293
0
2164626168795718
1028847975788687
72812699489501
1413098385413597
957595308748748
32872035529967
2223932922325700
201622425506220
4383397245307258
131082649680
1851122446458404
249262888469042
2330115787874570
3657383407621602
729047531122722
2551817394412815
481069569719720
901975328836304
3104605283055608
371433773869100
4299742256974876
456248625204102
950818304044364
253097203432753
2731166572247666
1534211009878125
1027965206082721
1857938584352631
581298189624825
0
878260893130746
390745735030
1027383463346357
70626496400751
1423750098875624
168354509555978
905688791891632
0
972817028790460
861271900540668
811110830049200
0
1803188257686450
0
1510508684804528
146227701757593
2685896843596867
2367510085129878
0
387548075884120
3248286307531034
0
860520588347296
444360999946740
2527024716853857
955247161781537
2458711352368138
95589813045000
248542478052030
2525778139920902
577647614328884
1546199845141454
1440295368624720
2347838664919497
1640786367275574
354387804670593
4222914955243537
2139004691565871
45728965503791
1513751275993053
629646417688754
3836305181598824
1837122295658104
4949668753980
3575387448441075
0
2042584114373080
1176690863832727
541587693535288
1410453329464020
0
0
2882079533467960
691433460279246
2497233961027828
176962146124779
1842394480910986
0
3820598327978416
874559905384786
1809235763270312
0
371453500001020
74731717915402
2659740924405287
362019268643089
3933027638417281
2322054272907268
666728840013435
236751256224739
1179411949536473
3318026145313135
141860185168501
3111997921967185
0
0
1603993236637965
0
4059648065852910
0
1740674559912810
214335737404314
829189784161314
1658660833433403
2599645363587620
0
1486194205175495
1290612561747204
198875442092944
0
1144971071389848
2201204762653327
2678723019378418
1634310461186766
1171993224542436
1458990611454778
137779647700512
0
3030474332733074
514623418690787
3987998859391085
0
1788537808725434
379515131605740
2669590867733966
0
230343655595690
1157483881001086
3055793004405094
0
132662688620272
621109768908156
1096229697377411
0
980687774377550
2623551823172606
1466267830794954
230645985689936
2273119974972712
2036239663761017
1011775116423543
0
2525420613060313
138858254401497
1747326608237151
1150569724885590
2056926470969569
0
220179763733226
1070933700997122
1962988110884290
2225868067111826
1165392193723
0
2168040698147545
0
1523996293537214
2706404933866485
3350493546838467
1019878716334531
1170353629450788
207095150480678
1369042466162842
0
257813463272734
1288671693203996
0
1031330633903205
1186331875403407
130800377703748
567249616347270
1480964461314774
2365882940981961
1710200935575137
2659892752354875
174793307969782
4532967088732421
1251492850011089
1197935363741260
563298559012300
3813633154317200
41871302358996
851920769776315
0
256881610747550
0
1047429671539262
0
2897589363137445
0
2370703214299439
2232414305159966
1086166054701804
0
1553841131643972
0
4715964024262073
401563748390895
1440899893955941
637603926898898
1121904876180841
24001152155530
3188367765722094
0
39681015286942
593663727823587
1629079431770793
1175592997153126
4078637290700115
94217829236268
1345351993432186
0
1817812272798722
0
2058969435957336
305057085860475
818537900551881
2014735638686
2179758234149149
0
3172214694834867
2393988502064564
0
1141867208489842
3796849683001315
261683316068397
713018438233562
1909342773620650
0
273604085076878
1844851545115369
1222578469251576
2510951878653848
1519217664183509
2261964376851211
329858853302820
348687290723588
16771142454813
2291932021002953
72149780743600
1575124674539612
69748409463920
1648182671018285
2858480053922757
1399999469863182
631114653907368
2548578478610094
0
1669645992750866
1188237657492606
1246427700255106
3681375151135756
398892599388076
983615863301892
1441116474678132
798774344292312
2731005028767596
0
1152288942597408
0
1736687283755824
184211436836230
873660102384049
1370446423930878
1436248898790387
0
1634131472467867
1402449754410503
871522976091496
85169264747202
2646502316198580
1898942614232516
2750971185019357
1361565557873137
1740751232711882
0
1665621885199639
1855352316498381
1008140334395588
1968723815448806
49323984886052
1186979804960719
2380840976257192
320269341180935
3500832495154961
1743510563290671
488450136250211
1125129416158939
1746515268086837
1897379434092475
989520756405088
1312105863118967
4539114930548271
0
85430126733756
401149637004096
3428121548817798
1015902545445232
1196933785373728
0
1589144387786036
135109497966477
2639722545140073
699237366954372
1680605402707796
788710659662303
1549001414770238
0
2090377052207256
123851485641120
1549500730244280
0
3780200070153248
0
483243569444286
534789620817915
0
0
1588942872056900
2097368255152953
476549760491158
0
506903379088264
1435330349800314
2290971016453469
717689937916719
2973702337047179
735654505216158
1646775486337312
0
890783163405385
360629585624713
401670228105590
0
2001425113113122
936646573963278
3812244762065911
0
2847424269308901
0
3061533669061299
0
0
1217541488524094
224688100604036
436293121108010
3418133823668736
1313728619942340
2019261450217046
424357520598704
998607085979518
0
2514066340124098
0
0
0
752626454828938
1991720154848256
601195585948710
726602543942440
4623445135871428
0
1086514012697470
3422777209280587
402523313576784
514602871410868
2129733874707920
49445002898827
4366728106547291
124383109204251
3479741992530070
1950976288314747
582403493983051
782073270928472
2798277433136799
1164307280197407
51301844573964
2417400817173752
1116815887232749
821111131989588
1452232719024200
53185557943270
3383455935571342
2021801614724413
2234290481768127
0
1639119525820580
1606522090252612
374783912298392
1340182140263263
1946167672780565
154211900011584
2652698492280902
463591401865886
1758622149729665
0
448495634224297
41618051517273
2883007411678311
569107457321505
3997325917859805
0
1749879876466086
0
2369668990563570
0
668887470803653
98341854390956
2135117517929184
609698646342453
2045403005710474
0
1422078061552162
3374024202107274
1150205193742055
2400228991497193
404987271808249
352200575730769
144250408479478
755521239281657
1091339064009304
964445577159837
1573752264275763
0
2739021516090604
280007869904681
235690475298628
3529960700416485
24526444088203
44849471522264
932413532764838
0
914913881683863
0
1774948512909789
0
2381797267929259
37316803208524
3725703162598076
19161278064088
415328642251632
0
4603068326439980
691161628429262
0
1268693197742914
637375790168529
0
1593739605423946
854807762019744
3268080353656849
0
1404091406654606
271184275163562
1921579838951883
0
3033518847689755
1176467034043882
0
315796429148106
2362679819764458
155780368314044
3702294014229288
85241856067624
711011366498630
0
2160576298032104
0
1368928357995788
332823734326557
2961828021955281
2044633362978221
1079258752415623
1509212797626227
540291651952281
1007206587122172
3362854552927525
246166832015475
4397729734726652
0
1947996159265536
466007979706064
2400194257985746
772193166465253
0
3102852603147
3083224823749011
0
2773355406984661
0
1547184380357793
0
1372624898734188
568444076479810
2421973420885012
447020287450686
2850626543634099
731362222614341
3560803217024843
1264334756352239
642423727764514
2679623114526399
0
0
3481811119644955
0
1129736768618355
1737020463267410
1953159623625959
0
2130117417500715
0
306040957883447
1930643119435287
0
38465856376976
2986302433356692
0
1934528679364407
603850629852678
0
1469002819033206
2186459943583854
0
2019990854932342
2257365804735785
418948541704014
76439192532350
758823641338384
198406589408321
2888217945638107
0
2495491372406424
0
380119224617227
2458886544996130
735396267166524
0
2191474058276556
960373717657011
370481068961544
977288303952578
1882538811373996
531934207193747
4355333946328787
36318549346983
3452008604625722
0
1266795946121150
0
1294804805115011
0
2924332741486551
0
2848018917229008
955032197975449
1079185290376627
2603461176406648
452345034890787
2330762706602158
583545248247116
271401459317038
3615023685373106
1741685609741711
2641553647568617
3328264758092
1972159681193996
2038845086514326
1339227523518006
774580692064130
1718400665486832
0
2509916243899988
0
873068120293790
1645421428038214
2977290260744262
128742705975580
517233739203782
14381369384906
3031713440893515
40306152616900
1524629413130198
1075209882486493
3053702934536870
910996134825176
3959817849876100
31264190576074
730086659584686
2157939702354635
567031115850539
77401103955495
1306574489266182
2966360075328571
0
0
1455110887043222
2472817030894099
111617075574592
0
1430003406738191
1872223761858750
409513064880374
1957869224461529
2215654725010556
0
2523490111970606
0
1847606763606361
2816342786896033
0
537697766066249
1723863845542531
2491964003477481
1120964933444849
1000510876951594
3961919077440972
0
848709421635580
58890498068520
140783365671476
0
1211720629077964
1117404376531080
3354991645588170
1205322706944870
1606320472851785
141932035645506
2072249860244648
2201512431419730
1801802960593315
347236127645529
2281348632564927
118597068374269
2195742963725156
1499311100913984
833375087248892
556750091147893
472901391345654
29097073932920
1186590328024945
1226383415738641
566329361648481
1405266098899940
1781344690735127
473680083535355
3649794647768492
0
781965011094570
1550817977415360
3463234987071714
225013097789858
1257959429930226
0
2820024453053143
0
515673784272280
144711458794348
3016903978030265
2100049022975949
1290407087580721
1076850773584113
3317810167597398
948263762824751
1564081649227054
0
352486368172087
0
486140716117895
1106468372923095
2578772684304297
1202772766974894
3175409651717048
1144745654249164
2746807634441988
0
891653733897255
1965244051221678
2722040938444702
0
2223604831048596
916214163505483
1039513678292180
0
969342201093242
2730811698753705
599515925573313
3315646367493862
971400068943080
74173159247793
411934627326941
1485216545510537
2433350712291213
0
1277588500446336
0
2096029163455954
0
0
195869281967085
823339618137516
0
2348800836434177
492769210242806
708358179628269
2401012197586513
0
0
4635860070542933
58571149186284
380599941095136
472218495085831
2584525931995067
545990460894871
3118496514726737
0
784712791413524
360588803489650
2508419072018418
1833152495330337
1612011196176682
67481513138764
1647410957904757
354275052722
1809425669634640
740345895443286
3148808920531985
0
1706973687057
2008836955584771
646344562459145
1895765957040
1707963411027502
3012071467544224
332715204491991
2732042425992664
3268062706113216
713539854115658
2882722915471729
852838591343967
1690722551793407
0
2011859330873525
1008235250913967
268009744158072
0
1277733635888598
1822210525330924
716748967451548
1650051997079757
1279083645746692
697399086651181
899348191126669
3822452010246428
0
0
2457110402473138
449709951260189
4330434135092859
22359746978193
804600147379005
1404557105014416
1890216965975104
1118435726277044
2495213583793946
310181655989370
1461742735094702
0
549698478482784
0
1723202921731522
1160016977979918
2041485976099420
1451925555807140
2026849672422756
38935705441984
2047381663940107
338811111280876
0
182698557541096
3019931179672436
0
0
1893447220662756
800314059563184
1804446052572696
585402304305497
1307060689600346
3742147115114480
0
2401121152877945
2396301053254283
2712741238188644
0
1177430114435535
2347637466961755
1459788663308651
1006495647725653
1091822996876508
5801677739786
3468679923363948
527885208555120
1769607371074237
34984542766550
1846415714281344
3585460029684885
304759150929089
832522853326265
2777407700946877
0
2706875568701584
2091651241516341
1059298435528014
1119219116418866
52493473211068
2378246089750306
0
555171289834580
2357377327179758
1598099325015413
1196444133196812
1404654504991490
3452258486984672
1399077798171507
0
0
1288380430122144
242072450045468
2078339155598148
0
4157018321246100
2117992584236631
433054128513148
2101933151437462
0
367053977446039
4379936717146652
458199661602996
1302021752518323
477490109874602
1336613316870753
0
3208216149136612
703015407313906
996830426264159
0
2207363530289415
2703664403858856
2064020019234061
1192230770408157
386625613824411
0
2406377467740510
2928613121168549
1864530340816194
344109972843712
771831347216937
1133742967852887
1068310767409679
0
1713788607645090
2079422874352235
1193438243165820
3244762175324347
2640152117298
0
2081021793159472
984808367432201
743045259920911
974678752882334
3778908631453940
17284362650867
1728181983850954
478715631904287
3445577374856428
280581729364287
586631985424228
2064799639425113
783695573709715
108463127693317
4119881596338868
437683938640894
376313184105710
2256175449218787
1310380014128757
496343132280372
1552524271626530
1284776241681694
639798647023874
1975529934517689
1900268042845929
70700172542502
2169454673589462
0
589797831211163
99034174942430
2061682599089288
6010167892191
1466746521438644
0
3099841527431751
518887100747158
2226777602347515
0
1580304968236796
0
2712111320791274
2140598050680470
0
479577258086526
851172177403536
769694400396924
3419845105888677
0
1739852836641794
2067386150512709
1188720872682254
0
1281639589745323
960629975284402
2404269339375312
353505942848870
1307975658999541
31056886235616
1963233642813051
3779777762546945
377994627420043
2294344116087982
778467800852886
1542331860315679
789737223505412
1455468627111563
277675389464833
0
2145069420912124
0
2250123279282825
61476611276165
4418446941360070
151581530905926
849659924471013
0
3211838464308363
934253891862758
3747283500368878
1160064289196585
0
220167272137720
3591991199534000
302341427674293
469956176345968
987324593074523
3071115817223667
0
1580212007151338
794274908651682
814018779519062
1960229734791758
324597496560479
3923858861172510
2154679769322497
9983893262540
1718315997172112
1245869707187609
3222661854034226
64860724799685
1069186886424669
1352162826104318
641030551136035
58107673357487
620401994414515
1056801537072269
3733971098772807
703065589336132
2293380734389518
3442833091556862
1982079765142713
992279279786754
448412805078472
617228734597292
2697701694331424
2170871026580955
442680634361578
1146779630092861
3455053694605290
109046133453794
634752777708293
1378345367418197
2622798281984744
0
2570493479294716
335979604310004
1268903739092900
286668158873786
1114286230436277
3236320630189220
2843146383994817
13290324734430
534694638629542
2050381861462215
1692046017945338
1264721616525210
375214279078028
295238804692650
2857387695803559
880588137284990
3826983824589719
192232625923838
3590750763985133
0
1651326251886646
2057123269815270
758719680846729
0
3618254092381779
162789224678187
1686272776052245
885768903486410
3589597914298706
584954041181927
1513289544023225
2090438461341220
599594216287310
0
442815345785796
3316190096612878
1293579157225376
1924304576270774
1274447178743100
1919188729625900
2553485727551514
3210705582809134
1860238147033
0
1521326945758349
1480738281594530
0
2259609053015160
747669600017487
1651661710534321
2458794814387176
0
2213395869514386
824391515706
2038239478998822
1438730938987
887923271119983
0
3494212949807498
2357622987966810
1844425135895962
0
663962395369832
599634263815428
3572266791346145
8841498095500
1007835017411549
0
2334912264292914
1558569100088095
3244606936489647
251504364708771
724762415884333
2082025265787334
1305143783848724
0
2414728562181418
0
325828599374551
2307855755223232
2021234540075615
884553265667749
720348392699870
940284740567786
869294691818618
2104531076283194
344458547380172
0
2926485503704398
3177200734748018
1154819730692991
0
2417248459933339
1442467319783065
0
1398011948216078
1570144008839832
373094516345400
34026578949516
425152071148056
2884832600075832
604138698331402
2041234773561318
20044142528842
1495077332762642
0
2749248371506075
12048850217894
264216226885450
1376361000607243
0
0
3181346376145283
967826613507926
4371303527355056
901892721470763
697724233363625
0
193367006700386
503957962028950
2152332350807816
0
2347430220509285
569940164685986
1986232909195996
1341094598958048
1219130133706620
0
637690545348200
1646557857720970
2799661417789266
1529793535970996
298806205010556
2839046626570722
2576686615946986
1337682682890
3148588272855096
439236405393391
1061579356746499
0
749073813439253
1133036104997495
3117554145595779
48482683966994
237996396511289
1549947839278343
1552139097914090
56768244044710
1868160923660398
2757972741966582
1166688813715491
1033910623378222
1216130607809769
3537484877878783
1769637017269316
319422230009669
2403523074980868
182028370808496
2167478074255042
0
316244836507598
128586769320415
2332848582559121
0
1395658568251955
505740077424868
3777291181111056
0
2665734534136826
0
1543655058943050
0
2037399146933089
0
1630124978757782
1241880551655
1803576598393003
941583481059584
1999418596630881
0
2315486131923328
19959910490
2464669329101460
0
1808789716046302
1444416016760739
711218984735981
1690700819362124
2138922649689749
231936867307068
2982971141701354
1893100957993052
724940498458509
181090584848596
938505465198328
120641156532449
1585773724638708
247609581082658
3875992249873866
0
830375155856670
0
1870996361195475
143508284213520
1008467533286998
0
1308032554517425
1279282884244941
2698170018305610
152742380250394
2261323572548744
1323522456539704
590225149305583
1323932205894161
2975274377997182
0
1280557664323722
1479507892968144
3011894136338869
0
1062026324848723
0
734648764949243
1955944520841372
2297139948168957
1103713054344697
1658437918477376
675371127971643
2975990898025799
562840261043824
3637772202634143
0
939516900344604
0
1093159082021859
748728457102340
4028143654281910
215069303253025
2866784656525444
737312091370203
206910769184592
2046234744014235
4328573437453689
0
2312762228443814
255580361921131
295160130043906
481061943867819
407473133820792
1450307680288754
977735047908862
801811002983126
1778860810109368
2827308721673093
1597952420213444
0
804961513091778
0
3282601965084156
1756453986710061
1203780346340608
0
401819275653700
339351705593730
3139098989498424
28421698488290
3347321455579651
159876857571670
605007689808722
1326076256646711
629146439427453
3429915718208378
806940626985480
1523817849480264
0
1925403358451516
830971525011816
1089701658083084
544816784278429
0
2561394452354427
1220716915667099
1302568697059151
1603884641888352
566327242213773
0
3869050593008302
0
2226012741995820
0
1151989551314584
1228826217662571
1108970002234133
2731634098952961
66337773410190
486836177767226
3228113176353906
637127898627219
2055687339605215
0
4178609883526251
0
1424300749386672
267234889006895
3314202050121142
0
594168265163337
1835971715330704
650829138812696
974834551314522
959784190737324
1611570574864200
0
2656034687736592
881142486003867
0
3733687123961043
192717632916514
1200046487120283
0
1916986821584572
246385765673636
4542072904015051
120492768288192
452824446745505
1900569343617293
539990455024707
0
2174805970802174
1889566753889381
1673309995142430
1444217400928264
0
2393341102966810
2444580291142601
0
830739928734993
1533854546606
4212723299804503
47453035051408
1454784330442886
269065806866745
3311022109329927
800766110154924
3582743487453978
2488403372716322
305441115695026
811217969984300
555717926465494
630637421459885
1637320241176176
744379404370067
1925261389420479
541442094342665
271137505992429
212340583866
3084240351421469
161376269868856
2458397724007405
0
1206186714970548
1595635713372137
1397692476836135
0
4391865747379524
374028752817445
179035722877449
0
1793036612025838
0
3475069360539432
25733014471587
1941087964039099
445894604329744
60934053048830
3954679709402868
220031890969977
161105519124030
1638662009507047
0
1823425955090158
775249423527074
1752182956685834
0
718411607944172
840966864706272
1881612316441459
498395682495236
3052697000553135
0
3311026035857978
2268200104783621
16457523951156
1063047733530274
3109958662472959
0
529291033457080
1621618718497969
611167406834136
0
2236923683648228
708463236014061
3954895588672166
1013281029066061
1131360082395346
0
632185601562343
0
4031813303007535
410149079188803
168848046377014
560838887141219
363861018826108
0
596664971540164
546498051216028
4637000591085069
0
1252119625828672
0
3648594225792157
657264056237146
2706960793655819
65028575665310
2632011281689995
89678871792488
2972025681009007
1567377029825378
2025453886154891
0
1141075781293883
757625794375589
3051920518297379
0
1422230085354122
1474710656019627
1071891369886077
1322472895863346
2520976522599366
1101603557727908
2834004655190411
400220079530218
3197731467241772
0
3108255929689349
1522974340311938
0
861778044177316
468962336325449
2606749789530133
0
0
304141062413458
92494007033513
2130006612733837
60804234056342
4933686818712694
0
928651193135850
15116057800520
190854005528736
1294804063973666
2142959620456506
38679136294462
3518513334279819
50018908596461
1426269251611159
0
3284025943806203
129823745933414
2043984984355455
1436515709761302
1469486404459600
520323902350583
1994212823306358
2663157707005620
1789037297542304
128609475992959
3277939586353583
1218335402336826
2686899948369827
739873789539467
1450846179610687
141348576467943
1989425931544206
1015460734714733
2895119048665153
664764766369275
1330910743272035
0
983974337262793
2270646051669796
3396168186043954
0
409774187030865
1568792894394472
621291116191556
198943270971665
1625462648140015
657830326073063
0
228378221783245
1951975876279486
2096609043421128
88278336729968
0
293743290843538
190125400896954
1625124304863701
2245898528465724
0
933126125456084
2513660800246489
26718343434020
1028247564284323
0
50888687144939
388630076122062
2247018974966296
0
1754769522773494
0
216966707513408
574057062140623
0
543798928842779
3351593563603108
56163422806617
4388955115820111
0
1433570297121750
906816452871857
2680974774001153
0
471767345492498
2670826346632676
653198422271688
0
1529480573431609
2672868411323858
806483002093154
0
2292731334386000
472057754814390
1769152671788700
712798293134922
6608636504892
55158731207296
2125224227707424
0
1926011227442678
0
2697348665807791
489993923433781
2255384403493770
0
5063101862454909
50034275843840
2370927664372697
195283937152492
3632878043766398
0
2607538023078480
52528925677608
619384760530982
1939711815118027
3253588357236610
51489387358460
3196592621838948
24399000780979
4081360238874872
91444470321902
3954723775540293
0
721896587841360
129286545646887
3282305677984716
2164774256709451
232594162638428
149926292317416
3237364192408004
1811757047723983
334303365595184
0
276995553240955
289202267986448
2130100682542464
537117009054220
1712617839318020
151448050405243
1644743792360358
258939639032945
4572874477468510
475109078674561
1035510621243950
2534388985325926
0
0
738663224100798
967721748590345
1968646224602857
0
2155092903919680
33198402254081
5075870884079467
4994211468121
3684862284942935
54135905898
3037168462462386
193884980646734
1774782174989602
739971373772156
1422299650891290
3271427646289418
5431921375975
0
939241236377442
733635633963748
1071680146794200
1627140491292781
285980272477527
368436677996027
624368800316989
693115959299630
2132340516236443
394360249937398
3639628831389393
1258143905530335
1900463596778688
854005362488425
1593949322376615
1289395308002482
1043884726096908
2053990125949524
2511850333180815
71142208282501
1535033720707075
661706711297148
1950101804927649
0
2619713473116871
25683712947239
2367593953698898
13944548714757
1927929377984688
803943059013735
4629598767551715
1556662258874239
339602226294241
0
11231752395427
0
1843470213795706
645186636653759
202955839269372
38825399240292
3780852091546407
0
1720245224977440
2139063939137745
1437329526808452
0
4836133445366645
993164976757440
45062724874258
927223094348131
972170608025329
8145332725937
3388820550000787
1061873771409704
2064108728332114
0
1517337939934582
159394033244828
2253851455518927
2809561286766918
393154616522679
4980207443708
3441358326504341
0
4325641038259616
1460453136734587
1142290855718412
869343483052739
705995628032713
31702738536967
170188466427587
259146745523721
2339966247661880
0
0
489363473799886
1750639462139558
457453226837314
3284967024968170
941905376864653
0
545585170106461
459974089092465
0
42617498575344
2526457815231872
1856160541771847
0
2003240561035584
868076802850085
2578795801040195
389812031593752
2892113799558680
93923062954018
3578764351653786
0
158757668168377
386312485185073
996099725397636
688373580887002
1950220536580492
980003858490373
822246688505433
1307968486780608
1359719923838545
2527511672322363
0
0
2229718453248159
14733081630535
3687500795158358
0
964873516672133
1080971344610615
1225686484287000
1896711570604732
2751361412793276
0
0
79058063470713
1749964556514623
113378221577273
3115279192354279
0
855592855099127
2932784954339100
27216739630768
2173574662726364
734145245544648
2654870687411440
306159757930914
0
485059041903094
0
1348382534849472
0
2045388655217538
101992422492184
1142574422503673
0
993088600439493
280377019547577
2739232051624067
863321758484444
199308055362858
2559816997861
4102751146965692
2672632217696025
944112217154702
427025349568946
134481690783878
839768694247396
2559263856135076
0
2500517467133631
0
727559893113220
385750338349298
1924683682497627
0
2447448390518992
3410446133928334
1726041011339869
0
1709884195961234
1300958648854142
1009362447479645
1386976378108777
0
107724566714488
2068731740572909
1279260000357818
3106537463503389
921808389130956
1157156591380240
265445389228637
581942505218073
1599516967651207
1287133904271089
335935708502463
3969459939681540
1126635501472740
2103035610390875
0
344031726634745
607498740717307
4042760403555580
694157200150772
3939159961676175
918114981328455
1799399870767380
225287781964953
2562036447101295
608136082724666
3571076460473483
1413261515197048
442409340904023
0
2939841574613069
737352050729896
2999870259023166
110289782741930
608125758224491
1053253600769247
948227376919018
2785408102190178
888191792367234
679956312957263
868516153714566
356951920092547
1222804649648773
368796814742863
2525670433405034
0
3132171211492272
1759065469538263
2334860090776186
91153397337804
3970357551847149
105779176121202
2191163135879748
654658341687987
1613571962777923
1192281262821277
197106148632318
2565395723045353
2157018147290666
1750471276909295
933883130356041
235067517891658
2135983480096403
9333951978912
4389270836210878
2492739063396
668682523266133
192533690387192
2740755280240144
117753703116956
3080802071046573
0
399049329766364
103188786128632
1337461055998891
1589787695174472
2068153448719430
124066577534073
2185331123716265
0
949882711552660
0
4084518667803162
0
243212396312050
13069414138638
2142527117098119
1280637656958246
463131693750192
1399481134665317
553921822607538
417077953026764
277740379496194
1535302033516866
2569165554969323
226243524768738
729804761860061
0
2522465138489914
2135980658379907
76667159860660
944001305978167
1573254782299643
381148258000819
0
1069936701556623
1059639184170190
0
2244507072522186
134072440165284
2084741639980922
1151818319784344
981244051112338
19494612935439
3149598504160197
0
3265912653579544
0
1967206363285136
2778098921748
3566093143149693
2599451325877173
86865229924950
3306844792494702
766240346148969
0
2090017798803535
0
729121331520426
2232117600399394
1182685579970317
0
1219483963471930
0
1758523745605041
3967191566417621
358212383898958
2786010884499747
123159179568441
1419299996591341
172908870859080
912374761656459
531960033624049
790220550765802
63371195091788
2737521459861253
1814744701999717
458966097301377
26018646164354
0
1501839223149237
3021794405580017
925158961384050
0
1417472184888598
134252044211910
2118185417842021
138449756811536
5608665476922039
483497219929242
2466743989577532
0
410519628286056
1384716169645438
3032840687521790
350817313444262
281682633816715
0
1297634376675720
0
1118150291471048
0
2174053843339376
0
366113189227333
927405786106244
1518208283198355
2708367433923529
442226647167620
0
2441595742523446
678590945366542
2530274506529123
22333644591941
1250492603613861
2982130334636269
577432541897184
0
1514965795406902
50061239860663
2689755936795302
259613842899516
2973108603156866
0
2445083718670712
0
1783487492607462
787689920693658
347287582194646
2299878209697066
801928850413027
0
1952404943899869
0
1937135122498699
1840857786447222
92940406582254
116944000296864
2089547005119279
646241822796513
1803104586078781
4027710643819378
49580184164952
0
2257986340778496
0
1099681300613808
64638126899053
1303880755988415
20415933071430
2469209148914970
2133708952051463
544552201167647
6192108463780
16812367404444
0
1735261343502386
3619340257321
1970403249949671
559669557610850
3121761646818515
1497215819355247
1047506825222210
369804576471772
1791262097308602
0
388581841335373
0
2798340554591747
801557143403062
3614723443754473
444967732051842
3761070808120700
847683097821717
454040762580
2304729934087989
1638747329443310
212053983371940
2469893894767398
836888133839326
1001926677400848
203002717083245
3518361133549227
3078690043619441
1847808528894055
3057315106049
1436204812525479
1620232823144226
103505836038060
1006675862142708
1774130031184767
683070568840906
1138507267450311
51856700177895
1627519662059932
1396635210279220
1928084005535946
0
1436071713745168
0
3258808231919997
632124028657229
451136002729469
0
1379993582003306
223865520117838
1874097476825708
0
1243027690730982
316066283351830
2855274789421500
519505422135463
41074618305754
1396920604547105
100554313788004
2301471673210464
1822320432641548
501287982532812
1142878436389953
0
413016336829061
2594119073637104
1066918683417759
2313678685088997
219856295196951
215150089693645
2116829486810948
813522889796550
1877018662843716
399575563285401
720163299249542
0
3584133278437217
0
2266935878458030
0
2935357359479454
307224888161048
1062295563343770
327138458897288
242070365242780
57400107206515
2392135525217437
2665125176327978
573207653547888
1243375077400988
626082045824980
2391518048654792
11180122968536
176247342448396
3726017287891267
1199331248622876
2845967067843877
0
3602982751319065
0
2770180998587340
2507844053328546
1757918686577324
1413228650640058
0
439940332745461
2230934349185646
2613736618433659
1510030266824622
240656863183672
3960971692479380
198394550129172
583133617117442
3836560000763647
1166372232504136
0
3117701918571802
0
739166944990334
0
3333645033034139
216226699903230
163523915095849
1153894698463869
141159854190658
1142947199658306
1275812030823358
1358211622072453
1724068466657613
1660790802574328
454673031169667
1857600196193936
817811381905044
29683755556
2309789077745905
2425083358317240
0
117010995043632
208296768216351
0
2588519221114476
0
2711012347220944
2096981665029443
599763698619575
0
2459349835627073
0
2094982148489336
3070027848956061
286331121354157
840362015364311
1288096217410994
898258971312280
3267254991171513
1388077251099654
770686278619601
0
2872086958481411
1412534564470574
912820785423955
0
1682753394488707
4429007356036468
156298624530600
522567974010636
3084761898313956
0
2514431222670648
1633920535201158
9431425985
0
1521747137310112
2395456283304658
339380329855627
13852491005437
725183775708838
328954009539842
4289168418222934
0
2052253842661816
0
687308974834378
1241253260353012
4106598460707919
0
1554637983714722
84044430593348
4195005247839613
391566031375217
2054465516848140
85971204140800
3465145967204743
0
99617057026850
1426233437675037
1066440732894534
0
3003940377410236
178683095380
4396103937456051
0
104015561438215
730877426368484
2143851679570713
44920609896843
32052379317800
3404711167075023
353641943571280
3437926635648389
0
386600363194996
645312073004540
0
1061138486705363
695241832514019
3297877331907712
409650379080976
364251135711840
45754225985144
4389508351666362
9480322814144
2341416285374986
939928591649152
1948730683652838
102217233901568
2508070831217118
0
512724288755909
106350209707083
3201961158680296
0
1242128767951930
0
0
1117776709854956
158411990815687
0
2370295752421976
141487229579593
1875018899804171
0
2078499259920419
0
238192616114686
2916061688715518
0
2609919407088790
1021845115087614
259148401311431
3679849280427156
0
636228019403419
3063372727558395
472467951695315
0
1313236621557438
1355334947051733
680578837572674
2294305128870370
352135161021751
390757317633
1349090703998228
236529998068169
3126758085303645
170038980774914
2310116562002623
2104343606333796
65964934590237
0
1066010857369599
2029080749272453
1362473080870063
1823883375396379
2575692115892905
1404874295938714
1773224834903960
0
4276116579349530
0
1005546549826684
1326533178396090
146817832736812
132131261035498
3463479168338266
102896809153886
3028323670777089
357557149801522
7394538301380
161735528813984
3741878985352605
0
579607055583400
0
13948004185728
0
3024569847056792
0
2836369357888486
479934359734086
365294384601774
0
3772331810822860
0
388419649204327
0
2610203725223122
1465139019486536
4437084025724232
901405819861730
1319170526938214
89054257370469
1094741278530732
0
1299348135185100
1610112530080232
2171578362108715
1918920280151620
168542386815180
1572650236371916
30394856782341
914182835696064
5213943700197110
68463872549616
1232033810336028
0
2741088879256593
96083503127203
2896767717837218
1089995064991834
2374129499016688
0
1436996706888089
12043719386521
4477082614237825
29758108210106
2669976332902017
101103270584784
3002832703444154
686526871200856
2834359091829095
0
110058031999024
2193052569269326
0
0
669742934513952
1182940150050782
1358235202001093
614494915170110
2924137303075054
53066428358483
4893480865288773
0
1402657521295996
1008838680886722
1015044959552246
356711379402516
2524235440427062
1183959667820135
154990437067219
0
2513674527940274
542799465507073
304337058994981
2801308667192216
516390982724854
99496364016964
263875670671479
1503590275477003
1329185682276050
791273410098932
2824940784806051
1291362332448431
2862460076165593
38053916760920
2030237970573190
0
3088247065278
1547266525405458
2922386459956428
958302616416176
1059420104869608
0
145266938212805
2302922685613111
658098534779120
433794137138053
1680164653266751
3601837843184452
1232541462795616
0
2892349832815990
1643440057797262
8066970494806
109695672582592
